/*--------------------------------*- C++ -*----------------------------------*\
| =========                 |                                                 |
| \\      /  F ield         | OpenFOAM: The Open Source CFD Toolbox           |
|  \\    /   O peration     | Version:  v1906                                 |
|   \\  /    A nd           | Web:      www.OpenFOAM.com                      |
|    \\/     M anipulation  |                                                 |
\*---------------------------------------------------------------------------*/
FoamFile
{
    version     2.0;
    format      ascii;
    class       labelList;
    location    "constant/ppf24/polyMesh";
    object      faceRegionAddressing;
}
// * * * * * * * * * * * * * * * * * * * * * * * * * * * * * * * * * * * * * //


10100
(
119701
119702
119703
119704
119705
119706
119707
119708
119709
119710
119711
119712
119713
119714
119715
119716
119717
119718
119719
119720
119721
119722
119723
119724
119725
119726
119727
119728
119729
119730
119731
119732
119733
119734
119735
119736
119737
119738
119739
119740
119741
119742
119743
119744
119745
119746
119747
119748
119749
119750
119751
119752
119753
119754
119755
119756
119757
119758
119759
119760
119761
119762
119763
119764
119765
119766
119767
119768
119769
119770
119771
119772
119773
119774
119775
119776
119777
119778
119779
119780
119781
119782
119783
119784
119785
119786
119787
119788
119789
119790
119791
119792
119793
119794
119795
119796
119797
119798
119799
119801
119802
119803
119804
119805
119806
119807
119808
119809
119810
119811
119812
119813
119814
119815
119816
119817
119818
119819
119820
119821
119822
119823
119824
119825
119826
119827
119828
119829
119830
119831
119832
119833
119834
119835
119836
119837
119838
119839
119840
119841
119842
119843
119844
119845
119846
119847
119848
119849
119850
119851
119852
119853
119854
119855
119856
119857
119858
119859
119860
119861
119862
119863
119864
119865
119866
119867
119868
119869
119870
119871
119872
119873
119874
119875
119876
119877
119878
119879
119880
119881
119882
119883
119884
119885
119886
119887
119888
119889
119890
119891
119892
119893
119894
119895
119896
119897
119898
119899
119901
119902
119903
119904
119905
119906
119907
119908
119909
119910
119911
119912
119913
119914
119915
119916
119917
119918
119919
119920
119921
119922
119923
119924
119925
119926
119927
119928
119929
119930
119931
119932
119933
119934
119935
119936
119937
119938
119939
119940
119941
119942
119943
119944
119945
119946
119947
119948
119949
119950
119951
119952
119953
119954
119955
119956
119957
119958
119959
119960
119961
119962
119963
119964
119965
119966
119967
119968
119969
119970
119971
119972
119973
119974
119975
119976
119977
119978
119979
119980
119981
119982
119983
119984
119985
119986
119987
119988
119989
119990
119991
119992
119993
119994
119995
119996
119997
119998
119999
120001
120002
120003
120004
120005
120006
120007
120008
120009
120010
120011
120012
120013
120014
120015
120016
120017
120018
120019
120020
120021
120022
120023
120024
120025
120026
120027
120028
120029
120030
120031
120032
120033
120034
120035
120036
120037
120038
120039
120040
120041
120042
120043
120044
120045
120046
120047
120048
120049
120050
120051
120052
120053
120054
120055
120056
120057
120058
120059
120060
120061
120062
120063
120064
120065
120066
120067
120068
120069
120070
120071
120072
120073
120074
120075
120076
120077
120078
120079
120080
120081
120082
120083
120084
120085
120086
120087
120088
120089
120090
120091
120092
120093
120094
120095
120096
120097
120098
120099
120101
120102
120103
120104
120105
120106
120107
120108
120109
120110
120111
120112
120113
120114
120115
120116
120117
120118
120119
120120
120121
120122
120123
120124
120125
120126
120127
120128
120129
120130
120131
120132
120133
120134
120135
120136
120137
120138
120139
120140
120141
120142
120143
120144
120145
120146
120147
120148
120149
120150
120151
120152
120153
120154
120155
120156
120157
120158
120159
120160
120161
120162
120163
120164
120165
120166
120167
120168
120169
120170
120171
120172
120173
120174
120175
120176
120177
120178
120179
120180
120181
120182
120183
120184
120185
120186
120187
120188
120189
120190
120191
120192
120193
120194
120195
120196
120197
120198
120199
120201
120202
120203
120204
120205
120206
120207
120208
120209
120210
120211
120212
120213
120214
120215
120216
120217
120218
120219
120220
120221
120222
120223
120224
120225
120226
120227
120228
120229
120230
120231
120232
120233
120234
120235
120236
120237
120238
120239
120240
120241
120242
120243
120244
120245
120246
120247
120248
120249
120250
120251
120252
120253
120254
120255
120256
120257
120258
120259
120260
120261
120262
120263
120264
120265
120266
120267
120268
120269
120270
120271
120272
120273
120274
120275
120276
120277
120278
120279
120280
120281
120282
120283
120284
120285
120286
120287
120288
120289
120290
120291
120292
120293
120294
120295
120296
120297
120298
120299
120301
120302
120303
120304
120305
120306
120307
120308
120309
120310
120311
120312
120313
120314
120315
120316
120317
120318
120319
120320
120321
120322
120323
120324
120325
120326
120327
120328
120329
120330
120331
120332
120333
120334
120335
120336
120337
120338
120339
120340
120341
120342
120343
120344
120345
120346
120347
120348
120349
120350
120351
120352
120353
120354
120355
120356
120357
120358
120359
120360
120361
120362
120363
120364
120365
120366
120367
120368
120369
120370
120371
120372
120373
120374
120375
120376
120377
120378
120379
120380
120381
120382
120383
120384
120385
120386
120387
120388
120389
120390
120391
120392
120393
120394
120395
120396
120397
120398
120399
120401
120402
120403
120404
120405
120406
120407
120408
120409
120410
120411
120412
120413
120414
120415
120416
120417
120418
120419
120420
120421
120422
120423
120424
120425
120426
120427
120428
120429
120430
120431
120432
120433
120434
120435
120436
120437
120438
120439
120440
120441
120442
120443
120444
120445
120446
120447
120448
120449
120450
120451
120452
120453
120454
120455
120456
120457
120458
120459
120460
120461
120462
120463
120464
120465
120466
120467
120468
120469
120470
120471
120472
120473
120474
120475
120476
120477
120478
120479
120480
120481
120482
120483
120484
120485
120486
120487
120488
120489
120490
120491
120492
120493
120494
120495
120496
120497
120498
120499
120501
120502
120503
120504
120505
120506
120507
120508
120509
120510
120511
120512
120513
120514
120515
120516
120517
120518
120519
120520
120521
120522
120523
120524
120525
120526
120527
120528
120529
120530
120531
120532
120533
120534
120535
120536
120537
120538
120539
120540
120541
120542
120543
120544
120545
120546
120547
120548
120549
120550
120551
120552
120553
120554
120555
120556
120557
120558
120559
120560
120561
120562
120563
120564
120565
120566
120567
120568
120569
120570
120571
120572
120573
120574
120575
120576
120577
120578
120579
120580
120581
120582
120583
120584
120585
120586
120587
120588
120589
120590
120591
120592
120593
120594
120595
120596
120597
120598
120599
120601
120602
120603
120604
120605
120606
120607
120608
120609
120610
120611
120612
120613
120614
120615
120616
120617
120618
120619
120620
120621
120622
120623
120624
120625
120626
120627
120628
120629
120630
120631
120632
120633
120634
120635
120636
120637
120638
120639
120640
120641
120642
120643
120644
120645
120646
120647
120648
120649
120650
120651
120652
120653
120654
120655
120656
120657
120658
120659
120660
120661
120662
120663
120664
120665
120666
120667
120668
120669
120670
120671
120672
120673
120674
120675
120676
120677
120678
120679
120680
120681
120682
120683
120684
120685
120686
120687
120688
120689
120690
120691
120692
120693
120694
120695
120696
120697
120698
120699
120701
120702
120703
120704
120705
120706
120707
120708
120709
120710
120711
120712
120713
120714
120715
120716
120717
120718
120719
120720
120721
120722
120723
120724
120725
120726
120727
120728
120729
120730
120731
120732
120733
120734
120735
120736
120737
120738
120739
120740
120741
120742
120743
120744
120745
120746
120747
120748
120749
120750
120751
120752
120753
120754
120755
120756
120757
120758
120759
120760
120761
120762
120763
120764
120765
120766
120767
120768
120769
120770
120771
120772
120773
120774
120775
120776
120777
120778
120779
120780
120781
120782
120783
120784
120785
120786
120787
120788
120789
120790
120791
120792
120793
120794
120795
120796
120797
120798
120799
120801
120802
120803
120804
120805
120806
120807
120808
120809
120810
120811
120812
120813
120814
120815
120816
120817
120818
120819
120820
120821
120822
120823
120824
120825
120826
120827
120828
120829
120830
120831
120832
120833
120834
120835
120836
120837
120838
120839
120840
120841
120842
120843
120844
120845
120846
120847
120848
120849
120850
120851
120852
120853
120854
120855
120856
120857
120858
120859
120860
120861
120862
120863
120864
120865
120866
120867
120868
120869
120870
120871
120872
120873
120874
120875
120876
120877
120878
120879
120880
120881
120882
120883
120884
120885
120886
120887
120888
120889
120890
120891
120892
120893
120894
120895
120896
120897
120898
120899
120901
120902
120903
120904
120905
120906
120907
120908
120909
120910
120911
120912
120913
120914
120915
120916
120917
120918
120919
120920
120921
120922
120923
120924
120925
120926
120927
120928
120929
120930
120931
120932
120933
120934
120935
120936
120937
120938
120939
120940
120941
120942
120943
120944
120945
120946
120947
120948
120949
120950
120951
120952
120953
120954
120955
120956
120957
120958
120959
120960
120961
120962
120963
120964
120965
120966
120967
120968
120969
120970
120971
120972
120973
120974
120975
120976
120977
120978
120979
120980
120981
120982
120983
120984
120985
120986
120987
120988
120989
120990
120991
120992
120993
120994
120995
120996
120997
120998
120999
121001
121002
121003
121004
121005
121006
121007
121008
121009
121010
121011
121012
121013
121014
121015
121016
121017
121018
121019
121020
121021
121022
121023
121024
121025
121026
121027
121028
121029
121030
121031
121032
121033
121034
121035
121036
121037
121038
121039
121040
121041
121042
121043
121044
121045
121046
121047
121048
121049
121050
121051
121052
121053
121054
121055
121056
121057
121058
121059
121060
121061
121062
121063
121064
121065
121066
121067
121068
121069
121070
121071
121072
121073
121074
121075
121076
121077
121078
121079
121080
121081
121082
121083
121084
121085
121086
121087
121088
121089
121090
121091
121092
121093
121094
121095
121096
121097
121098
121099
121101
121102
121103
121104
121105
121106
121107
121108
121109
121110
121111
121112
121113
121114
121115
121116
121117
121118
121119
121120
121121
121122
121123
121124
121125
121126
121127
121128
121129
121130
121131
121132
121133
121134
121135
121136
121137
121138
121139
121140
121141
121142
121143
121144
121145
121146
121147
121148
121149
121150
121151
121152
121153
121154
121155
121156
121157
121158
121159
121160
121161
121162
121163
121164
121165
121166
121167
121168
121169
121170
121171
121172
121173
121174
121175
121176
121177
121178
121179
121180
121181
121182
121183
121184
121185
121186
121187
121188
121189
121190
121191
121192
121193
121194
121195
121196
121197
121198
121199
121201
121202
121203
121204
121205
121206
121207
121208
121209
121210
121211
121212
121213
121214
121215
121216
121217
121218
121219
121220
121221
121222
121223
121224
121225
121226
121227
121228
121229
121230
121231
121232
121233
121234
121235
121236
121237
121238
121239
121240
121241
121242
121243
121244
121245
121246
121247
121248
121249
121250
121251
121252
121253
121254
121255
121256
121257
121258
121259
121260
121261
121262
121263
121264
121265
121266
121267
121268
121269
121270
121271
121272
121273
121274
121275
121276
121277
121278
121279
121280
121281
121282
121283
121284
121285
121286
121287
121288
121289
121290
121291
121292
121293
121294
121295
121296
121297
121298
121299
121301
121302
121303
121304
121305
121306
121307
121308
121309
121310
121311
121312
121313
121314
121315
121316
121317
121318
121319
121320
121321
121322
121323
121324
121325
121326
121327
121328
121329
121330
121331
121332
121333
121334
121335
121336
121337
121338
121339
121340
121341
121342
121343
121344
121345
121346
121347
121348
121349
121350
121351
121352
121353
121354
121355
121356
121357
121358
121359
121360
121361
121362
121363
121364
121365
121366
121367
121368
121369
121370
121371
121372
121373
121374
121375
121376
121377
121378
121379
121380
121381
121382
121383
121384
121385
121386
121387
121388
121389
121390
121391
121392
121393
121394
121395
121396
121397
121398
121399
121401
121402
121403
121404
121405
121406
121407
121408
121409
121410
121411
121412
121413
121414
121415
121416
121417
121418
121419
121420
121421
121422
121423
121424
121425
121426
121427
121428
121429
121430
121431
121432
121433
121434
121435
121436
121437
121438
121439
121440
121441
121442
121443
121444
121445
121446
121447
121448
121449
121450
121451
121452
121453
121454
121455
121456
121457
121458
121459
121460
121461
121462
121463
121464
121465
121466
121467
121468
121469
121470
121471
121472
121473
121474
121475
121476
121477
121478
121479
121480
121481
121482
121483
121484
121485
121486
121487
121488
121489
121490
121491
121492
121493
121494
121495
121496
121497
121498
121499
121501
121502
121503
121504
121505
121506
121507
121508
121509
121510
121511
121512
121513
121514
121515
121516
121517
121518
121519
121520
121521
121522
121523
121524
121525
121526
121527
121528
121529
121530
121531
121532
121533
121534
121535
121536
121537
121538
121539
121540
121541
121542
121543
121544
121545
121546
121547
121548
121549
121550
121551
121552
121553
121554
121555
121556
121557
121558
121559
121560
121561
121562
121563
121564
121565
121566
121567
121568
121569
121570
121571
121572
121573
121574
121575
121576
121577
121578
121579
121580
121581
121582
121583
121584
121585
121586
121587
121588
121589
121590
121591
121592
121593
121594
121595
121596
121597
121598
121599
121601
121602
121603
121604
121605
121606
121607
121608
121609
121610
121611
121612
121613
121614
121615
121616
121617
121618
121619
121620
121621
121622
121623
121624
121625
121626
121627
121628
121629
121630
121631
121632
121633
121634
121635
121636
121637
121638
121639
121640
121641
121642
121643
121644
121645
121646
121647
121648
121649
121650
121651
121652
121653
121654
121655
121656
121657
121658
121659
121660
121661
121662
121663
121664
121665
121666
121667
121668
121669
121670
121671
121672
121673
121674
121675
121676
121677
121678
121679
121680
121681
121682
121683
121684
121685
121686
121687
121688
121689
121690
121691
121692
121693
121694
121695
121696
121697
121698
121699
121701
121702
121703
121704
121705
121706
121707
121708
121709
121710
121711
121712
121713
121714
121715
121716
121717
121718
121719
121720
121721
121722
121723
121724
121725
121726
121727
121728
121729
121730
121731
121732
121733
121734
121735
121736
121737
121738
121739
121740
121741
121742
121743
121744
121745
121746
121747
121748
121749
121750
121751
121752
121753
121754
121755
121756
121757
121758
121759
121760
121761
121762
121763
121764
121765
121766
121767
121768
121769
121770
121771
121772
121773
121774
121775
121776
121777
121778
121779
121780
121781
121782
121783
121784
121785
121786
121787
121788
121789
121790
121791
121792
121793
121794
121795
121796
121797
121798
121799
121801
121802
121803
121804
121805
121806
121807
121808
121809
121810
121811
121812
121813
121814
121815
121816
121817
121818
121819
121820
121821
121822
121823
121824
121825
121826
121827
121828
121829
121830
121831
121832
121833
121834
121835
121836
121837
121838
121839
121840
121841
121842
121843
121844
121845
121846
121847
121848
121849
121850
121851
121852
121853
121854
121855
121856
121857
121858
121859
121860
121861
121862
121863
121864
121865
121866
121867
121868
121869
121870
121871
121872
121873
121874
121875
121876
121877
121878
121879
121880
121881
121882
121883
121884
121885
121886
121887
121888
121889
121890
121891
121892
121893
121894
121895
121896
121897
121898
121899
121901
121902
121903
121904
121905
121906
121907
121908
121909
121910
121911
121912
121913
121914
121915
121916
121917
121918
121919
121920
121921
121922
121923
121924
121925
121926
121927
121928
121929
121930
121931
121932
121933
121934
121935
121936
121937
121938
121939
121940
121941
121942
121943
121944
121945
121946
121947
121948
121949
121950
121951
121952
121953
121954
121955
121956
121957
121958
121959
121960
121961
121962
121963
121964
121965
121966
121967
121968
121969
121970
121971
121972
121973
121974
121975
121976
121977
121978
121979
121980
121981
121982
121983
121984
121985
121986
121987
121988
121989
121990
121991
121992
121993
121994
121995
121996
121997
121998
121999
122001
122002
122003
122004
122005
122006
122007
122008
122009
122010
122011
122012
122013
122014
122015
122016
122017
122018
122019
122020
122021
122022
122023
122024
122025
122026
122027
122028
122029
122030
122031
122032
122033
122034
122035
122036
122037
122038
122039
122040
122041
122042
122043
122044
122045
122046
122047
122048
122049
122050
122051
122052
122053
122054
122055
122056
122057
122058
122059
122060
122061
122062
122063
122064
122065
122066
122067
122068
122069
122070
122071
122072
122073
122074
122075
122076
122077
122078
122079
122080
122081
122082
122083
122084
122085
122086
122087
122088
122089
122090
122091
122092
122093
122094
122095
122096
122097
122098
122099
122101
122102
122103
122104
122105
122106
122107
122108
122109
122110
122111
122112
122113
122114
122115
122116
122117
122118
122119
122120
122121
122122
122123
122124
122125
122126
122127
122128
122129
122130
122131
122132
122133
122134
122135
122136
122137
122138
122139
122140
122141
122142
122143
122144
122145
122146
122147
122148
122149
122150
122151
122152
122153
122154
122155
122156
122157
122158
122159
122160
122161
122162
122163
122164
122165
122166
122167
122168
122169
122170
122171
122172
122173
122174
122175
122176
122177
122178
122179
122180
122181
122182
122183
122184
122185
122186
122187
122188
122189
122190
122191
122192
122193
122194
122195
122196
122197
122198
122199
122201
122202
122203
122204
122205
122206
122207
122208
122209
122210
122211
122212
122213
122214
122215
122216
122217
122218
122219
122220
122221
122222
122223
122224
122225
122226
122227
122228
122229
122230
122231
122232
122233
122234
122235
122236
122237
122238
122239
122240
122241
122242
122243
122244
122245
122246
122247
122248
122249
122250
122251
122252
122253
122254
122255
122256
122257
122258
122259
122260
122261
122262
122263
122264
122265
122266
122267
122268
122269
122270
122271
122272
122273
122274
122275
122276
122277
122278
122279
122280
122281
122282
122283
122284
122285
122286
122287
122288
122289
122290
122291
122292
122293
122294
122295
122296
122297
122298
122299
122301
122302
122303
122304
122305
122306
122307
122308
122309
122310
122311
122312
122313
122314
122315
122316
122317
122318
122319
122320
122321
122322
122323
122324
122325
122326
122327
122328
122329
122330
122331
122332
122333
122334
122335
122336
122337
122338
122339
122340
122341
122342
122343
122344
122345
122346
122347
122348
122349
122350
122351
122352
122353
122354
122355
122356
122357
122358
122359
122360
122361
122362
122363
122364
122365
122366
122367
122368
122369
122370
122371
122372
122373
122374
122375
122376
122377
122378
122379
122380
122381
122382
122383
122384
122385
122386
122387
122388
122389
122390
122391
122392
122393
122394
122395
122396
122397
122398
122399
122401
122402
122403
122404
122405
122406
122407
122408
122409
122410
122411
122412
122413
122414
122415
122416
122417
122418
122419
122420
122421
122422
122423
122424
122425
122426
122427
122428
122429
122430
122431
122432
122433
122434
122435
122436
122437
122438
122439
122440
122441
122442
122443
122444
122445
122446
122447
122448
122449
122450
122451
122452
122453
122454
122455
122456
122457
122458
122459
122460
122461
122462
122463
122464
122465
122466
122467
122468
122469
122470
122471
122472
122473
122474
122475
122476
122477
122478
122479
122480
122481
122482
122483
122484
122485
122486
122487
122488
122489
122490
122491
122492
122493
122494
122495
122496
122497
122498
122499
122501
122502
122503
122504
122505
122506
122507
122508
122509
122510
122511
122512
122513
122514
122515
122516
122517
122518
122519
122520
122521
122522
122523
122524
122525
122526
122527
122528
122529
122530
122531
122532
122533
122534
122535
122536
122537
122538
122539
122540
122541
122542
122543
122544
122545
122546
122547
122548
122549
122550
122551
122552
122553
122554
122555
122556
122557
122558
122559
122560
122561
122562
122563
122564
122565
122566
122567
122568
122569
122570
122571
122572
122573
122574
122575
122576
122577
122578
122579
122580
122581
122582
122583
122584
122585
122586
122587
122588
122589
122590
122591
122592
122593
122594
122595
122596
122597
122598
122599
122601
122602
122603
122604
122605
122606
122607
122608
122609
122610
122611
122612
122613
122614
122615
122616
122617
122618
122619
122620
122621
122622
122623
122624
122625
122626
122627
122628
122629
122630
122631
122632
122633
122634
122635
122636
122637
122638
122639
122640
122641
122642
122643
122644
122645
122646
122647
122648
122649
122650
122651
122652
122653
122654
122655
122656
122657
122658
122659
122660
122661
122662
122663
122664
122665
122666
122667
122668
122669
122670
122671
122672
122673
122674
122675
122676
122677
122678
122679
122680
122681
122682
122683
122684
122685
122686
122687
122688
122689
122690
122691
122692
122693
122694
122695
122696
122697
122698
122699
122701
122702
122703
122704
122705
122706
122707
122708
122709
122710
122711
122712
122713
122714
122715
122716
122717
122718
122719
122720
122721
122722
122723
122724
122725
122726
122727
122728
122729
122730
122731
122732
122733
122734
122735
122736
122737
122738
122739
122740
122741
122742
122743
122744
122745
122746
122747
122748
122749
122750
122751
122752
122753
122754
122755
122756
122757
122758
122759
122760
122761
122762
122763
122764
122765
122766
122767
122768
122769
122770
122771
122772
122773
122774
122775
122776
122777
122778
122779
122780
122781
122782
122783
122784
122785
122786
122787
122788
122789
122790
122791
122792
122793
122794
122795
122796
122797
122798
122799
122801
122802
122803
122804
122805
122806
122807
122808
122809
122810
122811
122812
122813
122814
122815
122816
122817
122818
122819
122820
122821
122822
122823
122824
122825
122826
122827
122828
122829
122830
122831
122832
122833
122834
122835
122836
122837
122838
122839
122840
122841
122842
122843
122844
122845
122846
122847
122848
122849
122850
122851
122852
122853
122854
122855
122856
122857
122858
122859
122860
122861
122862
122863
122864
122865
122866
122867
122868
122869
122870
122871
122872
122873
122874
122875
122876
122877
122878
122879
122880
122881
122882
122883
122884
122885
122886
122887
122888
122889
122890
122891
122892
122893
122894
122895
122896
122897
122898
122899
122901
122902
122903
122904
122905
122906
122907
122908
122909
122910
122911
122912
122913
122914
122915
122916
122917
122918
122919
122920
122921
122922
122923
122924
122925
122926
122927
122928
122929
122930
122931
122932
122933
122934
122935
122936
122937
122938
122939
122940
122941
122942
122943
122944
122945
122946
122947
122948
122949
122950
122951
122952
122953
122954
122955
122956
122957
122958
122959
122960
122961
122962
122963
122964
122965
122966
122967
122968
122969
122970
122971
122972
122973
122974
122975
122976
122977
122978
122979
122980
122981
122982
122983
122984
122985
122986
122987
122988
122989
122990
122991
122992
122993
122994
122995
122996
122997
122998
122999
123001
123002
123003
123004
123005
123006
123007
123008
123009
123010
123011
123012
123013
123014
123015
123016
123017
123018
123019
123020
123021
123022
123023
123024
123025
123026
123027
123028
123029
123030
123031
123032
123033
123034
123035
123036
123037
123038
123039
123040
123041
123042
123043
123044
123045
123046
123047
123048
123049
123050
123051
123052
123053
123054
123055
123056
123057
123058
123059
123060
123061
123062
123063
123064
123065
123066
123067
123068
123069
123070
123071
123072
123073
123074
123075
123076
123077
123078
123079
123080
123081
123082
123083
123084
123085
123086
123087
123088
123089
123090
123091
123092
123093
123094
123095
123096
123097
123098
123099
123101
123102
123103
123104
123105
123106
123107
123108
123109
123110
123111
123112
123113
123114
123115
123116
123117
123118
123119
123120
123121
123122
123123
123124
123125
123126
123127
123128
123129
123130
123131
123132
123133
123134
123135
123136
123137
123138
123139
123140
123141
123142
123143
123144
123145
123146
123147
123148
123149
123150
123151
123152
123153
123154
123155
123156
123157
123158
123159
123160
123161
123162
123163
123164
123165
123166
123167
123168
123169
123170
123171
123172
123173
123174
123175
123176
123177
123178
123179
123180
123181
123182
123183
123184
123185
123186
123187
123188
123189
123190
123191
123192
123193
123194
123195
123196
123197
123198
123199
123201
123202
123203
123204
123205
123206
123207
123208
123209
123210
123211
123212
123213
123214
123215
123216
123217
123218
123219
123220
123221
123222
123223
123224
123225
123226
123227
123228
123229
123230
123231
123232
123233
123234
123235
123236
123237
123238
123239
123240
123241
123242
123243
123244
123245
123246
123247
123248
123249
123250
123251
123252
123253
123254
123255
123256
123257
123258
123259
123260
123261
123262
123263
123264
123265
123266
123267
123268
123269
123270
123271
123272
123273
123274
123275
123276
123277
123278
123279
123280
123281
123282
123283
123284
123285
123286
123287
123288
123289
123290
123291
123292
123293
123294
123295
123296
123297
123298
123299
123301
123302
123303
123304
123305
123306
123307
123308
123309
123310
123311
123312
123313
123314
123315
123316
123317
123318
123319
123320
123321
123322
123323
123324
123325
123326
123327
123328
123329
123330
123331
123332
123333
123334
123335
123336
123337
123338
123339
123340
123341
123342
123343
123344
123345
123346
123347
123348
123349
123350
123351
123352
123353
123354
123355
123356
123357
123358
123359
123360
123361
123362
123363
123364
123365
123366
123367
123368
123369
123370
123371
123372
123373
123374
123375
123376
123377
123378
123379
123380
123381
123382
123383
123384
123385
123386
123387
123388
123389
123390
123391
123392
123393
123394
123395
123396
123397
123398
123399
123401
123402
123403
123404
123405
123406
123407
123408
123409
123410
123411
123412
123413
123414
123415
123416
123417
123418
123419
123420
123421
123422
123423
123424
123425
123426
123427
123428
123429
123430
123431
123432
123433
123434
123435
123436
123437
123438
123439
123440
123441
123442
123443
123444
123445
123446
123447
123448
123449
123450
123451
123452
123453
123454
123455
123456
123457
123458
123459
123460
123461
123462
123463
123464
123465
123466
123467
123468
123469
123470
123471
123472
123473
123474
123475
123476
123477
123478
123479
123480
123481
123482
123483
123484
123485
123486
123487
123488
123489
123490
123491
123492
123493
123494
123495
123496
123497
123498
123499
123501
123502
123503
123504
123505
123506
123507
123508
123509
123510
123511
123512
123513
123514
123515
123516
123517
123518
123519
123520
123521
123522
123523
123524
123525
123526
123527
123528
123529
123530
123531
123532
123533
123534
123535
123536
123537
123538
123539
123540
123541
123542
123543
123544
123545
123546
123547
123548
123549
123550
123551
123552
123553
123554
123555
123556
123557
123558
123559
123560
123561
123562
123563
123564
123565
123566
123567
123568
123569
123570
123571
123572
123573
123574
123575
123576
123577
123578
123579
123580
123581
123582
123583
123584
123585
123586
123587
123588
123589
123590
123591
123592
123593
123594
123595
123596
123597
123598
123599
123601
123602
123603
123604
123605
123606
123607
123608
123609
123610
123611
123612
123613
123614
123615
123616
123617
123618
123619
123620
123621
123622
123623
123624
123625
123626
123627
123628
123629
123630
123631
123632
123633
123634
123635
123636
123637
123638
123639
123640
123641
123642
123643
123644
123645
123646
123647
123648
123649
123650
123651
123652
123653
123654
123655
123656
123657
123658
123659
123660
123661
123662
123663
123664
123665
123666
123667
123668
123669
123670
123671
123672
123673
123674
123675
123676
123677
123678
123679
123680
123681
123682
123683
123684
123685
123686
123687
123688
123689
123690
123691
123692
123693
123694
123695
123696
123697
123698
123699
123701
123702
123703
123704
123705
123706
123707
123708
123709
123710
123711
123712
123713
123714
123715
123716
123717
123718
123719
123720
123721
123722
123723
123724
123725
123726
123727
123728
123729
123730
123731
123732
123733
123734
123735
123736
123737
123738
123739
123740
123741
123742
123743
123744
123745
123746
123747
123748
123749
123750
123751
123752
123753
123754
123755
123756
123757
123758
123759
123760
123761
123762
123763
123764
123765
123766
123767
123768
123769
123770
123771
123772
123773
123774
123775
123776
123777
123778
123779
123780
123781
123782
123783
123784
123785
123786
123787
123788
123789
123790
123791
123792
123793
123794
123795
123796
123797
123798
123799
123801
123802
123803
123804
123805
123806
123807
123808
123809
123810
123811
123812
123813
123814
123815
123816
123817
123818
123819
123820
123821
123822
123823
123824
123825
123826
123827
123828
123829
123830
123831
123832
123833
123834
123835
123836
123837
123838
123839
123840
123841
123842
123843
123844
123845
123846
123847
123848
123849
123850
123851
123852
123853
123854
123855
123856
123857
123858
123859
123860
123861
123862
123863
123864
123865
123866
123867
123868
123869
123870
123871
123872
123873
123874
123875
123876
123877
123878
123879
123880
123881
123882
123883
123884
123885
123886
123887
123888
123889
123890
123891
123892
123893
123894
123895
123896
123897
123898
123899
123901
123902
123903
123904
123905
123906
123907
123908
123909
123910
123911
123912
123913
123914
123915
123916
123917
123918
123919
123920
123921
123922
123923
123924
123925
123926
123927
123928
123929
123930
123931
123932
123933
123934
123935
123936
123937
123938
123939
123940
123941
123942
123943
123944
123945
123946
123947
123948
123949
123950
123951
123952
123953
123954
123955
123956
123957
123958
123959
123960
123961
123962
123963
123964
123965
123966
123967
123968
123969
123970
123971
123972
123973
123974
123975
123976
123977
123978
123979
123980
123981
123982
123983
123984
123985
123986
123987
123988
123989
123990
123991
123992
123993
123994
123995
123996
123997
123998
123999
124001
124002
124003
124004
124005
124006
124007
124008
124009
124010
124011
124012
124013
124014
124015
124016
124017
124018
124019
124020
124021
124022
124023
124024
124025
124026
124027
124028
124029
124030
124031
124032
124033
124034
124035
124036
124037
124038
124039
124040
124041
124042
124043
124044
124045
124046
124047
124048
124049
124050
124051
124052
124053
124054
124055
124056
124057
124058
124059
124060
124061
124062
124063
124064
124065
124066
124067
124068
124069
124070
124071
124072
124073
124074
124075
124076
124077
124078
124079
124080
124081
124082
124083
124084
124085
124086
124087
124088
124089
124090
124091
124092
124093
124094
124095
124096
124097
124098
124099
124101
124102
124103
124104
124105
124106
124107
124108
124109
124110
124111
124112
124113
124114
124115
124116
124117
124118
124119
124120
124121
124122
124123
124124
124125
124126
124127
124128
124129
124130
124131
124132
124133
124134
124135
124136
124137
124138
124139
124140
124141
124142
124143
124144
124145
124146
124147
124148
124149
124150
124151
124152
124153
124154
124155
124156
124157
124158
124159
124160
124161
124162
124163
124164
124165
124166
124167
124168
124169
124170
124171
124172
124173
124174
124175
124176
124177
124178
124179
124180
124181
124182
124183
124184
124185
124186
124187
124188
124189
124190
124191
124192
124193
124194
124195
124196
124197
124198
124199
124201
124202
124203
124204
124205
124206
124207
124208
124209
124210
124211
124212
124213
124214
124215
124216
124217
124218
124219
124220
124221
124222
124223
124224
124225
124226
124227
124228
124229
124230
124231
124232
124233
124234
124235
124236
124237
124238
124239
124240
124241
124242
124243
124244
124245
124246
124247
124248
124249
124250
124251
124252
124253
124254
124255
124256
124257
124258
124259
124260
124261
124262
124263
124264
124265
124266
124267
124268
124269
124270
124271
124272
124273
124274
124275
124276
124277
124278
124279
124280
124281
124282
124283
124284
124285
124286
124287
124288
124289
124290
124291
124292
124293
124294
124295
124296
124297
124298
124299
124301
124302
124303
124304
124305
124306
124307
124308
124309
124310
124311
124312
124313
124314
124315
124316
124317
124318
124319
124320
124321
124322
124323
124324
124325
124326
124327
124328
124329
124330
124331
124332
124333
124334
124335
124336
124337
124338
124339
124340
124341
124342
124343
124344
124345
124346
124347
124348
124349
124350
124351
124352
124353
124354
124355
124356
124357
124358
124359
124360
124361
124362
124363
124364
124365
124366
124367
124368
124369
124370
124371
124372
124373
124374
124375
124376
124377
124378
124379
124380
124381
124382
124383
124384
124385
124386
124387
124388
124389
124390
124391
124392
124393
124394
124395
124396
124397
124398
124399
124401
124402
124403
124404
124405
124406
124407
124408
124409
124410
124411
124412
124413
124414
124415
124416
124417
124418
124419
124420
124421
124422
124423
124424
124425
124426
124427
124428
124429
124430
124431
124432
124433
124434
124435
124436
124437
124438
124439
124440
124441
124442
124443
124444
124445
124446
124447
124448
124449
124450
124451
124452
124453
124454
124455
124456
124457
124458
124459
124460
124461
124462
124463
124464
124465
124466
124467
124468
124469
124470
124471
124472
124473
124474
124475
124476
124477
124478
124479
124480
124481
124482
124483
124484
124485
124486
124487
124488
124489
124490
124491
124492
124493
124494
124495
124496
124497
124498
124499
124501
124502
124503
124504
124505
124506
124507
124508
124509
124510
124511
124512
124513
124514
124515
124516
124517
124518
124519
124520
124521
124522
124523
124524
124525
124526
124527
124528
124529
124530
124531
124532
124533
124534
124535
124536
124537
124538
124539
124540
124541
124542
124543
124544
124545
124546
124547
124548
124549
124550
124551
124552
124553
124554
124555
124556
124557
124558
124559
124560
124561
124562
124563
124564
124565
124566
124567
124568
124569
124570
124571
124572
124573
124574
124575
124576
124577
124578
124579
124580
124581
124582
124583
124584
124585
124586
124587
124588
124589
124590
124591
124592
124593
124594
124595
124596
124597
124598
124599
124601
124603
124605
124607
124609
124611
124613
124615
124617
124619
124621
124623
124625
124627
124629
124631
124633
124635
124637
124639
124641
124643
124645
124647
124649
124651
124653
124655
124657
124659
124661
124663
124665
124667
124669
124671
124673
124675
124677
124679
124681
124683
124685
124687
124689
124691
124693
124695
124697
234351
234352
234353
234354
234355
234356
234357
234358
234359
234360
234361
234362
234363
234364
234365
234366
234367
234368
234369
234370
234371
234372
234373
234374
234375
234376
234377
234378
234379
234380
234381
234382
234383
234384
234385
234386
234387
234388
234389
234390
234391
234392
234393
234394
234395
234396
234397
234398
234399
234400
234401
234402
234403
234404
234405
234406
234407
234408
234409
234410
234411
234412
234413
234414
234415
234416
234417
234418
234419
234420
234421
234422
234423
234424
234425
234426
234427
234428
234429
234430
234431
234432
234433
234434
234435
234436
234437
234438
234439
234440
234441
234442
234443
234444
234445
234446
234447
234448
234449
234450
234451
234452
234453
234454
234455
234456
234457
234458
234459
234460
234461
234462
234463
234464
234465
234466
234467
234468
234469
234470
234471
234472
234473
234474
234475
234476
234477
234478
234479
234480
234481
234482
234483
234484
234485
234486
234487
234488
234489
234490
234491
234492
234493
234494
234495
234496
234497
234498
234499
234500
234501
234502
234503
234504
234505
234506
234507
234508
234509
234510
234511
234512
234513
234514
234515
234516
234517
234518
234519
234520
234521
234522
234523
234524
234525
234526
234527
234528
234529
234530
234531
234532
234533
234534
234535
234536
234537
234538
234539
234540
234541
234542
234543
234544
234545
234546
234547
234548
234549
234550
234551
234552
234553
234554
234555
234556
234557
234558
234559
234560
234561
234562
234563
234564
234565
234566
234567
234568
234569
234570
234571
234572
234573
234574
234575
234576
234577
234578
234579
234580
234581
234582
234583
234584
234585
234586
234587
234588
234589
234590
234591
234592
234593
234594
234595
234596
234597
234598
234599
234600
234601
234602
234603
234604
234605
234606
234607
234608
234609
234610
234611
234612
234613
234614
234615
234616
234617
234618
234619
234620
234621
234622
234623
234624
234625
234626
234627
234628
234629
234630
234631
234632
234633
234634
234635
234636
234637
234638
234639
234640
234641
234642
234643
234644
234645
234646
234647
234648
234649
234650
234651
234652
234653
234654
234655
234656
234657
234658
234659
234660
234661
234662
234663
234664
234665
234666
234667
234668
234669
234670
234671
234672
234673
234674
234675
234676
234677
234678
234679
234680
234681
234682
234683
234684
234685
234686
234687
234688
234689
234690
234691
234692
234693
234694
234695
234696
234697
234698
234699
234700
234701
234702
234703
234704
234705
234706
234707
234708
234709
234710
234711
234712
234713
234714
234715
234716
234717
234718
234719
234720
234721
234722
234723
234724
234725
234726
234727
234728
234729
234730
234731
234732
234733
234734
234735
234736
234737
234738
234739
234740
234741
234742
234743
234744
234745
234746
234747
234748
234749
234750
234751
234752
234753
234754
234755
234756
234757
234758
234759
234760
234761
234762
234763
234764
234765
234766
234767
234768
234769
234770
234771
234772
234773
234774
234775
234776
234777
234778
234779
234780
234781
234782
234783
234784
234785
234786
234787
234788
234789
234790
234791
234792
234793
234794
234795
234796
234797
234798
234799
234800
234801
234802
234803
234804
234805
234806
234807
234808
234809
234810
234811
234812
234813
234814
234815
234816
234817
234818
234819
234820
234821
234822
234823
234824
234825
234826
234827
234828
234829
234830
234831
234832
234833
234834
234835
234836
234837
234838
234839
234840
234841
234842
234843
234844
234845
234846
234847
234848
234849
234850
234851
234852
234853
234854
234855
234856
234857
234858
234859
234860
234861
234862
234863
234864
234865
234866
234867
234868
234869
234870
234871
234872
234873
234874
234875
234876
234877
234878
234879
234880
234881
234882
234883
234884
234885
234886
234887
234888
234889
234890
234891
234892
234893
234894
234895
234896
234897
234898
234899
234900
234901
234902
234903
234904
234905
234906
234907
234908
234909
234910
234911
234912
234913
234914
234915
234916
234917
234918
234919
234920
234921
234922
234923
234924
234925
234926
234927
234928
234929
234930
234931
234932
234933
234934
234935
234936
234937
234938
234939
234940
234941
234942
234943
234944
234945
234946
234947
234948
234949
234950
234951
234952
234953
234954
234955
234956
234957
234958
234959
234960
234961
234962
234963
234964
234965
234966
234967
234968
234969
234970
234971
234972
234973
234974
234975
234976
234977
234978
234979
234980
234981
234982
234983
234984
234985
234986
234987
234988
234989
234990
234991
234992
234993
234994
234995
234996
234997
234998
234999
235000
235001
235002
235003
235004
235005
235006
235007
235008
235009
235010
235011
235012
235013
235014
235015
235016
235017
235018
235019
235020
235021
235022
235023
235024
235025
235026
235027
235028
235029
235030
235031
235032
235033
235034
235035
235036
235037
235038
235039
235040
235041
235042
235043
235044
235045
235046
235047
235048
235049
235050
235051
235052
235053
235054
235055
235056
235057
235058
235059
235060
235061
235062
235063
235064
235065
235066
235067
235068
235069
235070
235071
235072
235073
235074
235075
235076
235077
235078
235079
235080
235081
235082
235083
235084
235085
235086
235087
235088
235089
235090
235091
235092
235093
235094
235095
235096
235097
235098
235099
235100
235101
235102
235103
235104
235105
235106
235107
235108
235109
235110
235111
235112
235113
235114
235115
235116
235117
235118
235119
235120
235121
235122
235123
235124
235125
235126
235127
235128
235129
235130
235131
235132
235133
235134
235135
235136
235137
235138
235139
235140
235141
235142
235143
235144
235145
235146
235147
235148
235149
235150
235151
235152
235153
235154
235155
235156
235157
235158
235159
235160
235161
235162
235163
235164
235165
235166
235167
235168
235169
235170
235171
235172
235173
235174
235175
235176
235177
235178
235179
235180
235181
235182
235183
235184
235185
235186
235187
235188
235189
235190
235191
235192
235193
235194
235195
235196
235197
235198
235199
235200
235201
235202
235203
235204
235205
235206
235207
235208
235209
235210
235211
235212
235213
235214
235215
235216
235217
235218
235219
235220
235221
235222
235223
235224
235225
235226
235227
235228
235229
235230
235231
235232
235233
235234
235235
235236
235237
235238
235239
235240
235241
235242
235243
235244
235245
235246
235247
235248
235249
235250
235251
235252
235253
235254
235255
235256
235257
235258
235259
235260
235261
235262
235263
235264
235265
235266
235267
235268
235269
235270
235271
235272
235273
235274
235275
235276
235277
235278
235279
235280
235281
235282
235283
235284
235285
235286
235287
235288
235289
235290
235291
235292
235293
235294
235295
235296
235297
235298
235299
235300
235301
235302
235303
235304
235305
235306
235307
235308
235309
235310
235311
235312
235313
235314
235315
235316
235317
235318
235319
235320
235321
235322
235323
235324
235325
235326
235327
235328
235329
235330
235331
235332
235333
235334
235335
235336
235337
235338
235339
235340
235341
235342
235343
235344
235345
235346
235347
235348
235349
235350
235351
235352
235353
235354
235355
235356
235357
235358
235359
235360
235361
235362
235363
235364
235365
235366
235367
235368
235369
235370
235371
235372
235373
235374
235375
235376
235377
235378
235379
235380
235381
235382
235383
235384
235385
235386
235387
235388
235389
235390
235391
235392
235393
235394
235395
235396
235397
235398
235399
235400
235401
235402
235403
235404
235405
235406
235407
235408
235409
235410
235411
235412
235413
235414
235415
235416
235417
235418
235419
235420
235421
235422
235423
235424
235425
235426
235427
235428
235429
235430
235431
235432
235433
235434
235435
235436
235437
235438
235439
235440
235441
235442
235443
235444
235445
235446
235447
235448
235449
235450
235451
235452
235453
235454
235455
235456
235457
235458
235459
235460
235461
235462
235463
235464
235465
235466
235467
235468
235469
235470
235471
235472
235473
235474
235475
235476
235477
235478
235479
235480
235481
235482
235483
235484
235485
235486
235487
235488
235489
235490
235491
235492
235493
235494
235495
235496
235497
235498
235499
235500
235501
235502
235503
235504
235505
235506
235507
235508
235509
235510
235511
235512
235513
235514
235515
235516
235517
235518
235519
235520
235521
235522
235523
235524
235525
235526
235527
235528
235529
235530
235531
235532
235533
235534
235535
235536
235537
235538
235539
235540
235541
235542
235543
235544
235545
235546
235547
235548
235549
235550
235551
235552
235553
235554
235555
235556
235557
235558
235559
235560
235561
235562
235563
235564
235565
235566
235567
235568
235569
235570
235571
235572
235573
235574
235575
235576
235577
235578
235579
235580
235581
235582
235583
235584
235585
235586
235587
235588
235589
235590
235591
235592
235593
235594
235595
235596
235597
235598
235599
235600
235601
235602
235603
235604
235605
235606
235607
235608
235609
235610
235611
235612
235613
235614
235615
235616
235617
235618
235619
235620
235621
235622
235623
235624
235625
235626
235627
235628
235629
235630
235631
235632
235633
235634
235635
235636
235637
235638
235639
235640
235641
235642
235643
235644
235645
235646
235647
235648
235649
235650
235651
235652
235653
235654
235655
235656
235657
235658
235659
235660
235661
235662
235663
235664
235665
235666
235667
235668
235669
235670
235671
235672
235673
235674
235675
235676
235677
235678
235679
235680
235681
235682
235683
235684
235685
235686
235687
235688
235689
235690
235691
235692
235693
235694
235695
235696
235697
235698
235699
235700
235701
235702
235703
235704
235705
235706
235707
235708
235709
235710
235711
235712
235713
235714
235715
235716
235717
235718
235719
235720
235721
235722
235723
235724
235725
235726
235727
235728
235729
235730
235731
235732
235733
235734
235735
235736
235737
235738
235739
235740
235741
235742
235743
235744
235745
235746
235747
235748
235749
235750
235751
235752
235753
235754
235755
235756
235757
235758
235759
235760
235761
235762
235763
235764
235765
235766
235767
235768
235769
235770
235771
235772
235773
235774
235775
235776
235777
235778
235779
235780
235781
235782
235783
235784
235785
235786
235787
235788
235789
235790
235791
235792
235793
235794
235795
235796
235797
235798
235799
235800
235801
235802
235803
235804
235805
235806
235807
235808
235809
235810
235811
235812
235813
235814
235815
235816
235817
235818
235819
235820
235821
235822
235823
235824
235825
235826
235827
235828
235829
235830
235831
235832
235833
235834
235835
235836
235837
235838
235839
235840
235841
235842
235843
235844
235845
235846
235847
235848
235849
235850
235851
235852
235853
235854
235855
235856
235857
235858
235859
235860
235861
235862
235863
235864
235865
235866
235867
235868
235869
235870
235871
235872
235873
235874
235875
235876
235877
235878
235879
235880
235881
235882
235883
235884
235885
235886
235887
235888
235889
235890
235891
235892
235893
235894
235895
235896
235897
235898
235899
235900
235901
235902
235903
235904
235905
235906
235907
235908
235909
235910
235911
235912
235913
235914
235915
235916
235917
235918
235919
235920
235921
235922
235923
235924
235925
235926
235927
235928
235929
235930
235931
235932
235933
235934
235935
235936
235937
235938
235939
235940
235941
235942
235943
235944
235945
235946
235947
235948
235949
235950
235951
235952
235953
235954
235955
235956
235957
235958
235959
235960
235961
235962
235963
235964
235965
235966
235967
235968
235969
235970
235971
235972
235973
235974
235975
235976
235977
235978
235979
235980
235981
235982
235983
235984
235985
235986
235987
235988
235989
235990
235991
235992
235993
235994
235995
235996
235997
235998
235999
236000
236001
236002
236003
236004
236005
236006
236007
236008
236009
236010
236011
236012
236013
236014
236015
236016
236017
236018
236019
236020
236021
236022
236023
236024
236025
236026
236027
236028
236029
236030
236031
236032
236033
236034
236035
236036
236037
236038
236039
236040
236041
236042
236043
236044
236045
236046
236047
236048
236049
236050
236051
236052
236053
236054
236055
236056
236057
236058
236059
236060
236061
236062
236063
236064
236065
236066
236067
236068
236069
236070
236071
236072
236073
236074
236075
236076
236077
236078
236079
236080
236081
236082
236083
236084
236085
236086
236087
236088
236089
236090
236091
236092
236093
236094
236095
236096
236097
236098
236099
236100
236101
236102
236103
236104
236105
236106
236107
236108
236109
236110
236111
236112
236113
236114
236115
236116
236117
236118
236119
236120
236121
236122
236123
236124
236125
236126
236127
236128
236129
236130
236131
236132
236133
236134
236135
236136
236137
236138
236139
236140
236141
236142
236143
236144
236145
236146
236147
236148
236149
236150
236151
236152
236153
236154
236155
236156
236157
236158
236159
236160
236161
236162
236163
236164
236165
236166
236167
236168
236169
236170
236171
236172
236173
236174
236175
236176
236177
236178
236179
236180
236181
236182
236183
236184
236185
236186
236187
236188
236189
236190
236191
236192
236193
236194
236195
236196
236197
236198
236199
236200
236201
236202
236203
236204
236205
236206
236207
236208
236209
236210
236211
236212
236213
236214
236215
236216
236217
236218
236219
236220
236221
236222
236223
236224
236225
236226
236227
236228
236229
236230
236231
236232
236233
236234
236235
236236
236237
236238
236239
236240
236241
236242
236243
236244
236245
236246
236247
236248
236249
236250
236251
236252
236253
236254
236255
236256
236257
236258
236259
236260
236261
236262
236263
236264
236265
236266
236267
236268
236269
236270
236271
236272
236273
236274
236275
236276
236277
236278
236279
236280
236281
236282
236283
236284
236285
236286
236287
236288
236289
236290
236291
236292
236293
236294
236295
236296
236297
236298
236299
236300
236301
236302
236303
236304
236305
236306
236307
236308
236309
236310
236311
236312
236313
236314
236315
236316
236317
236318
236319
236320
236321
236322
236323
236324
236325
236326
236327
236328
236329
236330
236331
236332
236333
236334
236335
236336
236337
236338
236339
236340
236341
236342
236343
236344
236345
236346
236347
236348
236349
236350
236351
236352
236353
236354
236355
236356
236357
236358
236359
236360
236361
236362
236363
236364
236365
236366
236367
236368
236369
236370
236371
236372
236373
236374
236375
236376
236377
236378
236379
236380
236381
236382
236383
236384
236385
236386
236387
236388
236389
236390
236391
236392
236393
236394
236395
236396
236397
236398
236399
236400
236401
236402
236403
236404
236405
236406
236407
236408
236409
236410
236411
236412
236413
236414
236415
236416
236417
236418
236419
236420
236421
236422
236423
236424
236425
236426
236427
236428
236429
236430
236431
236432
236433
236434
236435
236436
236437
236438
236439
236440
236441
236442
236443
236444
236445
236446
236447
236448
236449
236450
236451
236452
236453
236454
236455
236456
236457
236458
236459
236460
236461
236462
236463
236464
236465
236466
236467
236468
236469
236470
236471
236472
236473
236474
236475
236476
236477
236478
236479
236480
236481
236482
236483
236484
236485
236486
236487
236488
236489
236490
236491
236492
236493
236494
236495
236496
236497
236498
236499
236500
236501
236502
236503
236504
236505
236506
236507
236508
236509
236510
236511
236512
236513
236514
236515
236516
236517
236518
236519
236520
236521
236522
236523
236524
236525
236526
236527
236528
236529
236530
236531
236532
236533
236534
236535
236536
236537
236538
236539
236540
236541
236542
236543
236544
236545
236546
236547
236548
236549
236550
236551
236552
236553
236554
236555
236556
236557
236558
236559
236560
236561
236562
236563
236564
236565
236566
236567
236568
236569
236570
236571
236572
236573
236574
236575
236576
236577
236578
236579
236580
236581
236582
236583
236584
236585
236586
236587
236588
236589
236590
236591
236592
236593
236594
236595
236596
236597
236598
236599
236600
236601
236602
236603
236604
236605
236606
236607
236608
236609
236610
236611
236612
236613
236614
236615
236616
236617
236618
236619
236620
236621
236622
236623
236624
236625
236626
236627
236628
236629
236630
236631
236632
236633
236634
236635
236636
236637
236638
236639
236640
236641
236642
236643
236644
236645
236646
236647
236648
236649
236650
236651
236652
236653
236654
236655
236656
236657
236658
236659
236660
236661
236662
236663
236664
236665
236666
236667
236668
236669
236670
236671
236672
236673
236674
236675
236676
236677
236678
236679
236680
236681
236682
236683
236684
236685
236686
236687
236688
236689
236690
236691
236692
236693
236694
236695
236696
236697
236698
236699
236700
236701
236702
236703
236704
236705
236706
236707
236708
236709
236710
236711
236712
236713
236714
236715
236716
236717
236718
236719
236720
236721
236722
236723
236724
236725
236726
236727
236728
236729
236730
236731
236732
236733
236734
236735
236736
236737
236738
236739
236740
236741
236742
236743
236744
236745
236746
236747
236748
236749
236750
236751
236752
236753
236754
236755
236756
236757
236758
236759
236760
236761
236762
236763
236764
236765
236766
236767
236768
236769
236770
236771
236772
236773
236774
236775
236776
236777
236778
236779
236780
236781
236782
236783
236784
236785
236786
236787
236788
236789
236790
236791
236792
236793
236794
236795
236796
236797
236798
236799
236800
236801
236802
236803
236804
236805
236806
236807
236808
236809
236810
236811
236812
236813
236814
236815
236816
236817
236818
236819
236820
236821
236822
236823
236824
236825
236826
236827
236828
236829
236830
236831
236832
236833
236834
236835
236836
236837
236838
236839
236840
236841
236842
236843
236844
236845
236846
236847
236848
236849
236850
321851
321852
321853
321854
321855
321856
321857
321858
321859
321860
321861
321862
321863
321864
321865
321866
321867
321868
321869
321870
321871
321872
321873
321874
321875
321876
321877
321878
321879
321880
321881
321882
321883
321884
321885
321886
321887
321888
321889
321890
321891
321892
321893
321894
321895
321896
321897
321898
321899
321900
321901
321902
321903
321904
321905
321906
321907
321908
321909
321910
321911
321912
321913
321914
321915
321916
321917
321918
321919
321920
321921
321922
321923
321924
321925
321926
321927
321928
321929
321930
321931
321932
321933
321934
321935
321936
321937
321938
321939
321940
321941
321942
321943
321944
321945
321946
321947
321948
321949
321950
321951
321952
321953
321954
321955
321956
321957
321958
321959
321960
321961
321962
321963
321964
321965
321966
321967
321968
321969
321970
321971
321972
321973
321974
321975
321976
321977
321978
321979
321980
321981
321982
321983
321984
321985
321986
321987
321988
321989
321990
321991
321992
321993
321994
321995
321996
321997
321998
321999
322000
322001
322002
322003
322004
322005
322006
322007
322008
322009
322010
322011
322012
322013
322014
322015
322016
322017
322018
322019
322020
322021
322022
322023
322024
322025
322026
322027
322028
322029
322030
322031
322032
322033
322034
322035
322036
322037
322038
322039
322040
322041
322042
322043
322044
322045
322046
322047
322048
322049
322050
322051
322052
322053
322054
322055
322056
322057
322058
322059
322060
322061
322062
322063
322064
322065
322066
322067
322068
322069
322070
322071
322072
322073
322074
322075
322076
322077
322078
322079
322080
322081
322082
322083
322084
322085
322086
322087
322088
322089
322090
322091
322092
322093
322094
322095
322096
322097
322098
322099
322100
322101
322102
322103
322104
322105
322106
322107
322108
322109
322110
322111
322112
322113
322114
322115
322116
322117
322118
322119
322120
322121
322122
322123
322124
322125
322126
322127
322128
322129
322130
322131
322132
322133
322134
322135
322136
322137
322138
322139
322140
322141
322142
322143
322144
322145
322146
322147
322148
322149
322150
322151
322152
322153
322154
322155
322156
322157
322158
322159
322160
322161
322162
322163
322164
322165
322166
322167
322168
322169
322170
322171
322172
322173
322174
322175
322176
322177
322178
322179
322180
322181
322182
322183
322184
322185
322186
322187
322188
322189
322190
322191
322192
322193
322194
322195
322196
322197
322198
322199
322200
322201
322202
322203
322204
322205
322206
322207
322208
322209
322210
322211
322212
322213
322214
322215
322216
322217
322218
322219
322220
322221
322222
322223
322224
322225
322226
322227
322228
322229
322230
322231
322232
322233
322234
322235
322236
322237
322238
322239
322240
322241
322242
322243
322244
322245
322246
322247
322248
322249
322250
322251
322252
322253
322254
322255
322256
322257
322258
322259
322260
322261
322262
322263
322264
322265
322266
322267
322268
322269
322270
322271
322272
322273
322274
322275
322276
322277
322278
322279
322280
322281
322282
322283
322284
322285
322286
322287
322288
322289
322290
322291
322292
322293
322294
322295
322296
322297
322298
322299
322300
322301
322302
322303
322304
322305
322306
322307
322308
322309
322310
322311
322312
322313
322314
322315
322316
322317
322318
322319
322320
322321
322322
322323
322324
322325
322326
322327
322328
322329
322330
322331
322332
322333
322334
322335
322336
322337
322338
322339
322340
322341
322342
322343
322344
322345
322346
322347
322348
322349
322350
322351
322352
322353
322354
322355
322356
322357
322358
322359
322360
322361
322362
322363
322364
322365
322366
322367
322368
322369
322370
322371
322372
322373
322374
322375
322376
322377
322378
322379
322380
322381
322382
322383
322384
322385
322386
322387
322388
322389
322390
322391
322392
322393
322394
322395
322396
322397
322398
322399
322400
322401
322402
322403
322404
322405
322406
322407
322408
322409
322410
322411
322412
322413
322414
322415
322416
322417
322418
322419
322420
322421
322422
322423
322424
322425
322426
322427
322428
322429
322430
322431
322432
322433
322434
322435
322436
322437
322438
322439
322440
322441
322442
322443
322444
322445
322446
322447
322448
322449
322450
322451
322452
322453
322454
322455
322456
322457
322458
322459
322460
322461
322462
322463
322464
322465
322466
322467
322468
322469
322470
322471
322472
322473
322474
322475
322476
322477
322478
322479
322480
322481
322482
322483
322484
322485
322486
322487
322488
322489
322490
322491
322492
322493
322494
322495
322496
322497
322498
322499
322500
322501
322502
322503
322504
322505
322506
322507
322508
322509
322510
322511
322512
322513
322514
322515
322516
322517
322518
322519
322520
322521
322522
322523
322524
322525
322526
322527
322528
322529
322530
322531
322532
322533
322534
322535
322536
322537
322538
322539
322540
322541
322542
322543
322544
322545
322546
322547
322548
322549
322550
322551
322552
322553
322554
322555
322556
322557
322558
322559
322560
322561
322562
322563
322564
322565
322566
322567
322568
322569
322570
322571
322572
322573
322574
322575
322576
322577
322578
322579
322580
322581
322582
322583
322584
322585
322586
322587
322588
322589
322590
322591
322592
322593
322594
322595
322596
322597
322598
322599
322600
322601
322602
322603
322604
322605
322606
322607
322608
322609
322610
322611
322612
322613
322614
322615
322616
322617
322618
322619
322620
322621
322622
322623
322624
322625
322626
322627
322628
322629
322630
322631
322632
322633
322634
322635
322636
322637
322638
322639
322640
322641
322642
322643
322644
322645
322646
322647
322648
322649
322650
322651
322652
322653
322654
322655
322656
322657
322658
322659
322660
322661
322662
322663
322664
322665
322666
322667
322668
322669
322670
322671
322672
322673
322674
322675
322676
322677
322678
322679
322680
322681
322682
322683
322684
322685
322686
322687
322688
322689
322690
322691
322692
322693
322694
322695
322696
322697
322698
322699
322700
322701
322702
322703
322704
322705
322706
322707
322708
322709
322710
322711
322712
322713
322714
322715
322716
322717
322718
322719
322720
322721
322722
322723
322724
322725
322726
322727
322728
322729
322730
322731
322732
322733
322734
322735
322736
322737
322738
322739
322740
322741
322742
322743
322744
322745
322746
322747
322748
322749
322750
322751
322752
322753
322754
322755
322756
322757
322758
322759
322760
322761
322762
322763
322764
322765
322766
322767
322768
322769
322770
322771
322772
322773
322774
322775
322776
322777
322778
322779
322780
322781
322782
322783
322784
322785
322786
322787
322788
322789
322790
322791
322792
322793
322794
322795
322796
322797
322798
322799
322800
322801
322802
322803
322804
322805
322806
322807
322808
322809
322810
322811
322812
322813
322814
322815
322816
322817
322818
322819
322820
322821
322822
322823
322824
322825
322826
322827
322828
322829
322830
322831
322832
322833
322834
322835
322836
322837
322838
322839
322840
322841
322842
322843
322844
322845
322846
322847
322848
322849
322850
322851
322852
322853
322854
322855
322856
322857
322858
322859
322860
322861
322862
322863
322864
322865
322866
322867
322868
322869
322870
322871
322872
322873
322874
322875
322876
322877
322878
322879
322880
322881
322882
322883
322884
322885
322886
322887
322888
322889
322890
322891
322892
322893
322894
322895
322896
322897
322898
322899
322900
322901
322902
322903
322904
322905
322906
322907
322908
322909
322910
322911
322912
322913
322914
322915
322916
322917
322918
322919
322920
322921
322922
322923
322924
322925
322926
322927
322928
322929
322930
322931
322932
322933
322934
322935
322936
322937
322938
322939
322940
322941
322942
322943
322944
322945
322946
322947
322948
322949
322950
322951
322952
322953
322954
322955
322956
322957
322958
322959
322960
322961
322962
322963
322964
322965
322966
322967
322968
322969
322970
322971
322972
322973
322974
322975
322976
322977
322978
322979
322980
322981
322982
322983
322984
322985
322986
322987
322988
322989
322990
322991
322992
322993
322994
322995
322996
322997
322998
322999
323000
323001
323002
323003
323004
323005
323006
323007
323008
323009
323010
323011
323012
323013
323014
323015
323016
323017
323018
323019
323020
323021
323022
323023
323024
323025
323026
323027
323028
323029
323030
323031
323032
323033
323034
323035
323036
323037
323038
323039
323040
323041
323042
323043
323044
323045
323046
323047
323048
323049
323050
323051
323052
323053
323054
323055
323056
323057
323058
323059
323060
323061
323062
323063
323064
323065
323066
323067
323068
323069
323070
323071
323072
323073
323074
323075
323076
323077
323078
323079
323080
323081
323082
323083
323084
323085
323086
323087
323088
323089
323090
323091
323092
323093
323094
323095
323096
323097
323098
323099
323100
323101
323102
323103
323104
323105
323106
323107
323108
323109
323110
323111
323112
323113
323114
323115
323116
323117
323118
323119
323120
323121
323122
323123
323124
323125
323126
323127
323128
323129
323130
323131
323132
323133
323134
323135
323136
323137
323138
323139
323140
323141
323142
323143
323144
323145
323146
323147
323148
323149
323150
323151
323152
323153
323154
323155
323156
323157
323158
323159
323160
323161
323162
323163
323164
323165
323166
323167
323168
323169
323170
323171
323172
323173
323174
323175
323176
323177
323178
323179
323180
323181
323182
323183
323184
323185
323186
323187
323188
323189
323190
323191
323192
323193
323194
323195
323196
323197
323198
323199
323200
323201
323202
323203
323204
323205
323206
323207
323208
323209
323210
323211
323212
323213
323214
323215
323216
323217
323218
323219
323220
323221
323222
323223
323224
323225
323226
323227
323228
323229
323230
323231
323232
323233
323234
323235
323236
323237
323238
323239
323240
323241
323242
323243
323244
323245
323246
323247
323248
323249
323250
323251
323252
323253
323254
323255
323256
323257
323258
323259
323260
323261
323262
323263
323264
323265
323266
323267
323268
323269
323270
323271
323272
323273
323274
323275
323276
323277
323278
323279
323280
323281
323282
323283
323284
323285
323286
323287
323288
323289
323290
323291
323292
323293
323294
323295
323296
323297
323298
323299
323300
323301
323302
323303
323304
323305
323306
323307
323308
323309
323310
323311
323312
323313
323314
323315
323316
323317
323318
323319
323320
323321
323322
323323
323324
323325
323326
323327
323328
323329
323330
323331
323332
323333
323334
323335
323336
323337
323338
323339
323340
323341
323342
323343
323344
323345
323346
323347
323348
323349
323350
323351
323352
323353
323354
323355
323356
323357
323358
323359
323360
323361
323362
323363
323364
323365
323366
323367
323368
323369
323370
323371
323372
323373
323374
323375
323376
323377
323378
323379
323380
323381
323382
323383
323384
323385
323386
323387
323388
323389
323390
323391
323392
323393
323394
323395
323396
323397
323398
323399
323400
323401
323402
323403
323404
323405
323406
323407
323408
323409
323410
323411
323412
323413
323414
323415
323416
323417
323418
323419
323420
323421
323422
323423
323424
323425
323426
323427
323428
323429
323430
323431
323432
323433
323434
323435
323436
323437
323438
323439
323440
323441
323442
323443
323444
323445
323446
323447
323448
323449
323450
323451
323452
323453
323454
323455
323456
323457
323458
323459
323460
323461
323462
323463
323464
323465
323466
323467
323468
323469
323470
323471
323472
323473
323474
323475
323476
323477
323478
323479
323480
323481
323482
323483
323484
323485
323486
323487
323488
323489
323490
323491
323492
323493
323494
323495
323496
323497
323498
323499
323500
323501
323502
323503
323504
323505
323506
323507
323508
323509
323510
323511
323512
323513
323514
323515
323516
323517
323518
323519
323520
323521
323522
323523
323524
323525
323526
323527
323528
323529
323530
323531
323532
323533
323534
323535
323536
323537
323538
323539
323540
323541
323542
323543
323544
323545
323546
323547
323548
323549
323550
323551
323552
323553
323554
323555
323556
323557
323558
323559
323560
323561
323562
323563
323564
323565
323566
323567
323568
323569
323570
323571
323572
323573
323574
323575
323576
323577
323578
323579
323580
323581
323582
323583
323584
323585
323586
323587
323588
323589
323590
323591
323592
323593
323594
323595
323596
323597
323598
323599
323600
323601
323602
323603
323604
323605
323606
323607
323608
323609
323610
323611
323612
323613
323614
323615
323616
323617
323618
323619
323620
323621
323622
323623
323624
323625
323626
323627
323628
323629
323630
323631
323632
323633
323634
323635
323636
323637
323638
323639
323640
323641
323642
323643
323644
323645
323646
323647
323648
323649
323650
323651
323652
323653
323654
323655
323656
323657
323658
323659
323660
323661
323662
323663
323664
323665
323666
323667
323668
323669
323670
323671
323672
323673
323674
323675
323676
323677
323678
323679
323680
323681
323682
323683
323684
323685
323686
323687
323688
323689
323690
323691
323692
323693
323694
323695
323696
323697
323698
323699
323700
323701
323702
323703
323704
323705
323706
323707
323708
323709
323710
323711
323712
323713
323714
323715
323716
323717
323718
323719
323720
323721
323722
323723
323724
323725
323726
323727
323728
323729
323730
323731
323732
323733
323734
323735
323736
323737
323738
323739
323740
323741
323742
323743
323744
323745
323746
323747
323748
323749
323750
323751
323752
323753
323754
323755
323756
323757
323758
323759
323760
323761
323762
323763
323764
323765
323766
323767
323768
323769
323770
323771
323772
323773
323774
323775
323776
323777
323778
323779
323780
323781
323782
323783
323784
323785
323786
323787
323788
323789
323790
323791
323792
323793
323794
323795
323796
323797
323798
323799
323800
323801
323802
323803
323804
323805
323806
323807
323808
323809
323810
323811
323812
323813
323814
323815
323816
323817
323818
323819
323820
323821
323822
323823
323824
323825
323826
323827
323828
323829
323830
323831
323832
323833
323834
323835
323836
323837
323838
323839
323840
323841
323842
323843
323844
323845
323846
323847
323848
323849
323850
323851
323852
323853
323854
323855
323856
323857
323858
323859
323860
323861
323862
323863
323864
323865
323866
323867
323868
323869
323870
323871
323872
323873
323874
323875
323876
323877
323878
323879
323880
323881
323882
323883
323884
323885
323886
323887
323888
323889
323890
323891
323892
323893
323894
323895
323896
323897
323898
323899
323900
323901
323902
323903
323904
323905
323906
323907
323908
323909
323910
323911
323912
323913
323914
323915
323916
323917
323918
323919
323920
323921
323922
323923
323924
323925
323926
323927
323928
323929
323930
323931
323932
323933
323934
323935
323936
323937
323938
323939
323940
323941
323942
323943
323944
323945
323946
323947
323948
323949
323950
323951
323952
323953
323954
323955
323956
323957
323958
323959
323960
323961
323962
323963
323964
323965
323966
323967
323968
323969
323970
323971
323972
323973
323974
323975
323976
323977
323978
323979
323980
323981
323982
323983
323984
323985
323986
323987
323988
323989
323990
323991
323992
323993
323994
323995
323996
323997
323998
323999
324000
324001
324002
324003
324004
324005
324006
324007
324008
324009
324010
324011
324012
324013
324014
324015
324016
324017
324018
324019
324020
324021
324022
324023
324024
324025
324026
324027
324028
324029
324030
324031
324032
324033
324034
324035
324036
324037
324038
324039
324040
324041
324042
324043
324044
324045
324046
324047
324048
324049
324050
324051
324052
324053
324054
324055
324056
324057
324058
324059
324060
324061
324062
324063
324064
324065
324066
324067
324068
324069
324070
324071
324072
324073
324074
324075
324076
324077
324078
324079
324080
324081
324082
324083
324084
324085
324086
324087
324088
324089
324090
324091
324092
324093
324094
324095
324096
324097
324098
324099
324100
324101
324102
324103
324104
324105
324106
324107
324108
324109
324110
324111
324112
324113
324114
324115
324116
324117
324118
324119
324120
324121
324122
324123
324124
324125
324126
324127
324128
324129
324130
324131
324132
324133
324134
324135
324136
324137
324138
324139
324140
324141
324142
324143
324144
324145
324146
324147
324148
324149
324150
324151
324152
324153
324154
324155
324156
324157
324158
324159
324160
324161
324162
324163
324164
324165
324166
324167
324168
324169
324170
324171
324172
324173
324174
324175
324176
324177
324178
324179
324180
324181
324182
324183
324184
324185
324186
324187
324188
324189
324190
324191
324192
324193
324194
324195
324196
324197
324198
324199
324200
324201
324202
324203
324204
324205
324206
324207
324208
324209
324210
324211
324212
324213
324214
324215
324216
324217
324218
324219
324220
324221
324222
324223
324224
324225
324226
324227
324228
324229
324230
324231
324232
324233
324234
324235
324236
324237
324238
324239
324240
324241
324242
324243
324244
324245
324246
324247
324248
324249
324250
324251
324252
324253
324254
324255
324256
324257
324258
324259
324260
324261
324262
324263
324264
324265
324266
324267
324268
324269
324270
324271
324272
324273
324274
324275
324276
324277
324278
324279
324280
324281
324282
324283
324284
324285
324286
324287
324288
324289
324290
324291
324292
324293
324294
324295
324296
324297
324298
324299
324300
324301
324302
324303
324304
324305
324306
324307
324308
324309
324310
324311
324312
324313
324314
324315
324316
324317
324318
324319
324320
324321
324322
324323
324324
324325
324326
324327
324328
324329
324330
324331
324332
324333
324334
324335
324336
324337
324338
324339
324340
324341
324342
324343
324344
324345
324346
324347
324348
324349
324350
349651
349652
349653
349654
349655
349656
349657
349658
349659
349660
349661
349662
349663
349664
349665
349666
349667
349668
349669
349670
349671
349672
349673
349674
349675
349676
349677
349678
349679
349680
349681
349682
349683
349684
349685
349686
349687
349688
349689
349690
349691
349692
349693
349694
349695
349696
349697
349698
349699
349700
124602
124604
124606
124608
124610
124612
124614
124616
124618
124620
124622
124624
124626
124628
124630
124632
124634
124636
124638
124640
124642
124644
124646
124648
124650
124652
124654
124656
124658
124660
124662
124664
124666
124668
124670
124672
124674
124676
124678
124680
124682
124684
124686
124688
124690
124692
124694
124696
124698
124700
119800
119900
120000
120100
120200
120300
120400
120500
120600
120700
120800
120900
121000
121100
121200
121300
121400
121500
121600
121700
121800
121900
122000
122100
122200
122300
122400
122500
122600
122700
122800
122900
123000
123100
123200
123300
123400
123500
123600
123700
123800
123900
124000
124100
124200
124300
124400
124500
124600
124699
-104652
-104654
-104656
-104658
-104660
-104662
-104664
-104666
-104668
-104670
-104672
-104674
-104676
-104678
-104680
-104682
-104684
-104686
-104688
-104690
-104692
-104694
-104696
-104698
-104700
-104702
-104704
-104706
-104708
-104710
-104712
-104714
-104716
-104718
-104720
-104722
-104724
-104726
-104728
-104730
-104732
-104734
-104736
-104738
-104740
-104742
-104744
-104746
-104748
-104750
)


// ************************************************************************* //
