/*--------------------------------*- C++ -*----------------------------------*\
| =========                 |                                                 |
| \\      /  F ield         | OpenFOAM: The Open Source CFD Toolbox           |
|  \\    /   O peration     | Version:  v1906                                 |
|   \\  /    A nd           | Web:      www.OpenFOAM.com                      |
|    \\/     M anipulation  |                                                 |
\*---------------------------------------------------------------------------*/
FoamFile
{
    version     2.0;
    format      ascii;
    class       labelList;
    location    "constant/impp33/polyMesh";
    object      faceRegionAddressing;
}
// * * * * * * * * * * * * * * * * * * * * * * * * * * * * * * * * * * * * * //


10100
(
164501
164502
164503
164504
164505
164506
164507
164508
164509
164510
164511
164512
164513
164514
164515
164516
164517
164518
164519
164520
164521
164522
164523
164524
164525
164526
164527
164528
164529
164530
164531
164532
164533
164534
164535
164536
164537
164538
164539
164540
164541
164542
164543
164544
164545
164546
164547
164548
164549
164550
164551
164552
164553
164554
164555
164556
164557
164558
164559
164560
164561
164562
164563
164564
164565
164566
164567
164568
164569
164570
164571
164572
164573
164574
164575
164576
164577
164578
164579
164580
164581
164582
164583
164584
164585
164586
164587
164588
164589
164590
164591
164592
164593
164594
164595
164596
164597
164598
164599
164601
164602
164603
164604
164605
164606
164607
164608
164609
164610
164611
164612
164613
164614
164615
164616
164617
164618
164619
164620
164621
164622
164623
164624
164625
164626
164627
164628
164629
164630
164631
164632
164633
164634
164635
164636
164637
164638
164639
164640
164641
164642
164643
164644
164645
164646
164647
164648
164649
164650
164651
164652
164653
164654
164655
164656
164657
164658
164659
164660
164661
164662
164663
164664
164665
164666
164667
164668
164669
164670
164671
164672
164673
164674
164675
164676
164677
164678
164679
164680
164681
164682
164683
164684
164685
164686
164687
164688
164689
164690
164691
164692
164693
164694
164695
164696
164697
164698
164699
164701
164702
164703
164704
164705
164706
164707
164708
164709
164710
164711
164712
164713
164714
164715
164716
164717
164718
164719
164720
164721
164722
164723
164724
164725
164726
164727
164728
164729
164730
164731
164732
164733
164734
164735
164736
164737
164738
164739
164740
164741
164742
164743
164744
164745
164746
164747
164748
164749
164750
164751
164752
164753
164754
164755
164756
164757
164758
164759
164760
164761
164762
164763
164764
164765
164766
164767
164768
164769
164770
164771
164772
164773
164774
164775
164776
164777
164778
164779
164780
164781
164782
164783
164784
164785
164786
164787
164788
164789
164790
164791
164792
164793
164794
164795
164796
164797
164798
164799
164801
164802
164803
164804
164805
164806
164807
164808
164809
164810
164811
164812
164813
164814
164815
164816
164817
164818
164819
164820
164821
164822
164823
164824
164825
164826
164827
164828
164829
164830
164831
164832
164833
164834
164835
164836
164837
164838
164839
164840
164841
164842
164843
164844
164845
164846
164847
164848
164849
164850
164851
164852
164853
164854
164855
164856
164857
164858
164859
164860
164861
164862
164863
164864
164865
164866
164867
164868
164869
164870
164871
164872
164873
164874
164875
164876
164877
164878
164879
164880
164881
164882
164883
164884
164885
164886
164887
164888
164889
164890
164891
164892
164893
164894
164895
164896
164897
164898
164899
164901
164902
164903
164904
164905
164906
164907
164908
164909
164910
164911
164912
164913
164914
164915
164916
164917
164918
164919
164920
164921
164922
164923
164924
164925
164926
164927
164928
164929
164930
164931
164932
164933
164934
164935
164936
164937
164938
164939
164940
164941
164942
164943
164944
164945
164946
164947
164948
164949
164950
164951
164952
164953
164954
164955
164956
164957
164958
164959
164960
164961
164962
164963
164964
164965
164966
164967
164968
164969
164970
164971
164972
164973
164974
164975
164976
164977
164978
164979
164980
164981
164982
164983
164984
164985
164986
164987
164988
164989
164990
164991
164992
164993
164994
164995
164996
164997
164998
164999
165001
165002
165003
165004
165005
165006
165007
165008
165009
165010
165011
165012
165013
165014
165015
165016
165017
165018
165019
165020
165021
165022
165023
165024
165025
165026
165027
165028
165029
165030
165031
165032
165033
165034
165035
165036
165037
165038
165039
165040
165041
165042
165043
165044
165045
165046
165047
165048
165049
165050
165051
165052
165053
165054
165055
165056
165057
165058
165059
165060
165061
165062
165063
165064
165065
165066
165067
165068
165069
165070
165071
165072
165073
165074
165075
165076
165077
165078
165079
165080
165081
165082
165083
165084
165085
165086
165087
165088
165089
165090
165091
165092
165093
165094
165095
165096
165097
165098
165099
165101
165102
165103
165104
165105
165106
165107
165108
165109
165110
165111
165112
165113
165114
165115
165116
165117
165118
165119
165120
165121
165122
165123
165124
165125
165126
165127
165128
165129
165130
165131
165132
165133
165134
165135
165136
165137
165138
165139
165140
165141
165142
165143
165144
165145
165146
165147
165148
165149
165150
165151
165152
165153
165154
165155
165156
165157
165158
165159
165160
165161
165162
165163
165164
165165
165166
165167
165168
165169
165170
165171
165172
165173
165174
165175
165176
165177
165178
165179
165180
165181
165182
165183
165184
165185
165186
165187
165188
165189
165190
165191
165192
165193
165194
165195
165196
165197
165198
165199
165201
165202
165203
165204
165205
165206
165207
165208
165209
165210
165211
165212
165213
165214
165215
165216
165217
165218
165219
165220
165221
165222
165223
165224
165225
165226
165227
165228
165229
165230
165231
165232
165233
165234
165235
165236
165237
165238
165239
165240
165241
165242
165243
165244
165245
165246
165247
165248
165249
165250
165251
165252
165253
165254
165255
165256
165257
165258
165259
165260
165261
165262
165263
165264
165265
165266
165267
165268
165269
165270
165271
165272
165273
165274
165275
165276
165277
165278
165279
165280
165281
165282
165283
165284
165285
165286
165287
165288
165289
165290
165291
165292
165293
165294
165295
165296
165297
165298
165299
165301
165302
165303
165304
165305
165306
165307
165308
165309
165310
165311
165312
165313
165314
165315
165316
165317
165318
165319
165320
165321
165322
165323
165324
165325
165326
165327
165328
165329
165330
165331
165332
165333
165334
165335
165336
165337
165338
165339
165340
165341
165342
165343
165344
165345
165346
165347
165348
165349
165350
165351
165352
165353
165354
165355
165356
165357
165358
165359
165360
165361
165362
165363
165364
165365
165366
165367
165368
165369
165370
165371
165372
165373
165374
165375
165376
165377
165378
165379
165380
165381
165382
165383
165384
165385
165386
165387
165388
165389
165390
165391
165392
165393
165394
165395
165396
165397
165398
165399
165401
165402
165403
165404
165405
165406
165407
165408
165409
165410
165411
165412
165413
165414
165415
165416
165417
165418
165419
165420
165421
165422
165423
165424
165425
165426
165427
165428
165429
165430
165431
165432
165433
165434
165435
165436
165437
165438
165439
165440
165441
165442
165443
165444
165445
165446
165447
165448
165449
165450
165451
165452
165453
165454
165455
165456
165457
165458
165459
165460
165461
165462
165463
165464
165465
165466
165467
165468
165469
165470
165471
165472
165473
165474
165475
165476
165477
165478
165479
165480
165481
165482
165483
165484
165485
165486
165487
165488
165489
165490
165491
165492
165493
165494
165495
165496
165497
165498
165499
165501
165502
165503
165504
165505
165506
165507
165508
165509
165510
165511
165512
165513
165514
165515
165516
165517
165518
165519
165520
165521
165522
165523
165524
165525
165526
165527
165528
165529
165530
165531
165532
165533
165534
165535
165536
165537
165538
165539
165540
165541
165542
165543
165544
165545
165546
165547
165548
165549
165550
165551
165552
165553
165554
165555
165556
165557
165558
165559
165560
165561
165562
165563
165564
165565
165566
165567
165568
165569
165570
165571
165572
165573
165574
165575
165576
165577
165578
165579
165580
165581
165582
165583
165584
165585
165586
165587
165588
165589
165590
165591
165592
165593
165594
165595
165596
165597
165598
165599
165601
165602
165603
165604
165605
165606
165607
165608
165609
165610
165611
165612
165613
165614
165615
165616
165617
165618
165619
165620
165621
165622
165623
165624
165625
165626
165627
165628
165629
165630
165631
165632
165633
165634
165635
165636
165637
165638
165639
165640
165641
165642
165643
165644
165645
165646
165647
165648
165649
165650
165651
165652
165653
165654
165655
165656
165657
165658
165659
165660
165661
165662
165663
165664
165665
165666
165667
165668
165669
165670
165671
165672
165673
165674
165675
165676
165677
165678
165679
165680
165681
165682
165683
165684
165685
165686
165687
165688
165689
165690
165691
165692
165693
165694
165695
165696
165697
165698
165699
165701
165702
165703
165704
165705
165706
165707
165708
165709
165710
165711
165712
165713
165714
165715
165716
165717
165718
165719
165720
165721
165722
165723
165724
165725
165726
165727
165728
165729
165730
165731
165732
165733
165734
165735
165736
165737
165738
165739
165740
165741
165742
165743
165744
165745
165746
165747
165748
165749
165750
165751
165752
165753
165754
165755
165756
165757
165758
165759
165760
165761
165762
165763
165764
165765
165766
165767
165768
165769
165770
165771
165772
165773
165774
165775
165776
165777
165778
165779
165780
165781
165782
165783
165784
165785
165786
165787
165788
165789
165790
165791
165792
165793
165794
165795
165796
165797
165798
165799
165801
165802
165803
165804
165805
165806
165807
165808
165809
165810
165811
165812
165813
165814
165815
165816
165817
165818
165819
165820
165821
165822
165823
165824
165825
165826
165827
165828
165829
165830
165831
165832
165833
165834
165835
165836
165837
165838
165839
165840
165841
165842
165843
165844
165845
165846
165847
165848
165849
165850
165851
165852
165853
165854
165855
165856
165857
165858
165859
165860
165861
165862
165863
165864
165865
165866
165867
165868
165869
165870
165871
165872
165873
165874
165875
165876
165877
165878
165879
165880
165881
165882
165883
165884
165885
165886
165887
165888
165889
165890
165891
165892
165893
165894
165895
165896
165897
165898
165899
165901
165902
165903
165904
165905
165906
165907
165908
165909
165910
165911
165912
165913
165914
165915
165916
165917
165918
165919
165920
165921
165922
165923
165924
165925
165926
165927
165928
165929
165930
165931
165932
165933
165934
165935
165936
165937
165938
165939
165940
165941
165942
165943
165944
165945
165946
165947
165948
165949
165950
165951
165952
165953
165954
165955
165956
165957
165958
165959
165960
165961
165962
165963
165964
165965
165966
165967
165968
165969
165970
165971
165972
165973
165974
165975
165976
165977
165978
165979
165980
165981
165982
165983
165984
165985
165986
165987
165988
165989
165990
165991
165992
165993
165994
165995
165996
165997
165998
165999
166001
166002
166003
166004
166005
166006
166007
166008
166009
166010
166011
166012
166013
166014
166015
166016
166017
166018
166019
166020
166021
166022
166023
166024
166025
166026
166027
166028
166029
166030
166031
166032
166033
166034
166035
166036
166037
166038
166039
166040
166041
166042
166043
166044
166045
166046
166047
166048
166049
166050
166051
166052
166053
166054
166055
166056
166057
166058
166059
166060
166061
166062
166063
166064
166065
166066
166067
166068
166069
166070
166071
166072
166073
166074
166075
166076
166077
166078
166079
166080
166081
166082
166083
166084
166085
166086
166087
166088
166089
166090
166091
166092
166093
166094
166095
166096
166097
166098
166099
166101
166102
166103
166104
166105
166106
166107
166108
166109
166110
166111
166112
166113
166114
166115
166116
166117
166118
166119
166120
166121
166122
166123
166124
166125
166126
166127
166128
166129
166130
166131
166132
166133
166134
166135
166136
166137
166138
166139
166140
166141
166142
166143
166144
166145
166146
166147
166148
166149
166150
166151
166152
166153
166154
166155
166156
166157
166158
166159
166160
166161
166162
166163
166164
166165
166166
166167
166168
166169
166170
166171
166172
166173
166174
166175
166176
166177
166178
166179
166180
166181
166182
166183
166184
166185
166186
166187
166188
166189
166190
166191
166192
166193
166194
166195
166196
166197
166198
166199
166201
166202
166203
166204
166205
166206
166207
166208
166209
166210
166211
166212
166213
166214
166215
166216
166217
166218
166219
166220
166221
166222
166223
166224
166225
166226
166227
166228
166229
166230
166231
166232
166233
166234
166235
166236
166237
166238
166239
166240
166241
166242
166243
166244
166245
166246
166247
166248
166249
166250
166251
166252
166253
166254
166255
166256
166257
166258
166259
166260
166261
166262
166263
166264
166265
166266
166267
166268
166269
166270
166271
166272
166273
166274
166275
166276
166277
166278
166279
166280
166281
166282
166283
166284
166285
166286
166287
166288
166289
166290
166291
166292
166293
166294
166295
166296
166297
166298
166299
166301
166302
166303
166304
166305
166306
166307
166308
166309
166310
166311
166312
166313
166314
166315
166316
166317
166318
166319
166320
166321
166322
166323
166324
166325
166326
166327
166328
166329
166330
166331
166332
166333
166334
166335
166336
166337
166338
166339
166340
166341
166342
166343
166344
166345
166346
166347
166348
166349
166350
166351
166352
166353
166354
166355
166356
166357
166358
166359
166360
166361
166362
166363
166364
166365
166366
166367
166368
166369
166370
166371
166372
166373
166374
166375
166376
166377
166378
166379
166380
166381
166382
166383
166384
166385
166386
166387
166388
166389
166390
166391
166392
166393
166394
166395
166396
166397
166398
166399
166401
166402
166403
166404
166405
166406
166407
166408
166409
166410
166411
166412
166413
166414
166415
166416
166417
166418
166419
166420
166421
166422
166423
166424
166425
166426
166427
166428
166429
166430
166431
166432
166433
166434
166435
166436
166437
166438
166439
166440
166441
166442
166443
166444
166445
166446
166447
166448
166449
166450
166451
166452
166453
166454
166455
166456
166457
166458
166459
166460
166461
166462
166463
166464
166465
166466
166467
166468
166469
166470
166471
166472
166473
166474
166475
166476
166477
166478
166479
166480
166481
166482
166483
166484
166485
166486
166487
166488
166489
166490
166491
166492
166493
166494
166495
166496
166497
166498
166499
166501
166502
166503
166504
166505
166506
166507
166508
166509
166510
166511
166512
166513
166514
166515
166516
166517
166518
166519
166520
166521
166522
166523
166524
166525
166526
166527
166528
166529
166530
166531
166532
166533
166534
166535
166536
166537
166538
166539
166540
166541
166542
166543
166544
166545
166546
166547
166548
166549
166550
166551
166552
166553
166554
166555
166556
166557
166558
166559
166560
166561
166562
166563
166564
166565
166566
166567
166568
166569
166570
166571
166572
166573
166574
166575
166576
166577
166578
166579
166580
166581
166582
166583
166584
166585
166586
166587
166588
166589
166590
166591
166592
166593
166594
166595
166596
166597
166598
166599
166601
166602
166603
166604
166605
166606
166607
166608
166609
166610
166611
166612
166613
166614
166615
166616
166617
166618
166619
166620
166621
166622
166623
166624
166625
166626
166627
166628
166629
166630
166631
166632
166633
166634
166635
166636
166637
166638
166639
166640
166641
166642
166643
166644
166645
166646
166647
166648
166649
166650
166651
166652
166653
166654
166655
166656
166657
166658
166659
166660
166661
166662
166663
166664
166665
166666
166667
166668
166669
166670
166671
166672
166673
166674
166675
166676
166677
166678
166679
166680
166681
166682
166683
166684
166685
166686
166687
166688
166689
166690
166691
166692
166693
166694
166695
166696
166697
166698
166699
166701
166702
166703
166704
166705
166706
166707
166708
166709
166710
166711
166712
166713
166714
166715
166716
166717
166718
166719
166720
166721
166722
166723
166724
166725
166726
166727
166728
166729
166730
166731
166732
166733
166734
166735
166736
166737
166738
166739
166740
166741
166742
166743
166744
166745
166746
166747
166748
166749
166750
166751
166752
166753
166754
166755
166756
166757
166758
166759
166760
166761
166762
166763
166764
166765
166766
166767
166768
166769
166770
166771
166772
166773
166774
166775
166776
166777
166778
166779
166780
166781
166782
166783
166784
166785
166786
166787
166788
166789
166790
166791
166792
166793
166794
166795
166796
166797
166798
166799
166801
166802
166803
166804
166805
166806
166807
166808
166809
166810
166811
166812
166813
166814
166815
166816
166817
166818
166819
166820
166821
166822
166823
166824
166825
166826
166827
166828
166829
166830
166831
166832
166833
166834
166835
166836
166837
166838
166839
166840
166841
166842
166843
166844
166845
166846
166847
166848
166849
166850
166851
166852
166853
166854
166855
166856
166857
166858
166859
166860
166861
166862
166863
166864
166865
166866
166867
166868
166869
166870
166871
166872
166873
166874
166875
166876
166877
166878
166879
166880
166881
166882
166883
166884
166885
166886
166887
166888
166889
166890
166891
166892
166893
166894
166895
166896
166897
166898
166899
166901
166902
166903
166904
166905
166906
166907
166908
166909
166910
166911
166912
166913
166914
166915
166916
166917
166918
166919
166920
166921
166922
166923
166924
166925
166926
166927
166928
166929
166930
166931
166932
166933
166934
166935
166936
166937
166938
166939
166940
166941
166942
166943
166944
166945
166946
166947
166948
166949
166950
166951
166952
166953
166954
166955
166956
166957
166958
166959
166960
166961
166962
166963
166964
166965
166966
166967
166968
166969
166970
166971
166972
166973
166974
166975
166976
166977
166978
166979
166980
166981
166982
166983
166984
166985
166986
166987
166988
166989
166990
166991
166992
166993
166994
166995
166996
166997
166998
166999
167001
167002
167003
167004
167005
167006
167007
167008
167009
167010
167011
167012
167013
167014
167015
167016
167017
167018
167019
167020
167021
167022
167023
167024
167025
167026
167027
167028
167029
167030
167031
167032
167033
167034
167035
167036
167037
167038
167039
167040
167041
167042
167043
167044
167045
167046
167047
167048
167049
167050
167051
167052
167053
167054
167055
167056
167057
167058
167059
167060
167061
167062
167063
167064
167065
167066
167067
167068
167069
167070
167071
167072
167073
167074
167075
167076
167077
167078
167079
167080
167081
167082
167083
167084
167085
167086
167087
167088
167089
167090
167091
167092
167093
167094
167095
167096
167097
167098
167099
167101
167102
167103
167104
167105
167106
167107
167108
167109
167110
167111
167112
167113
167114
167115
167116
167117
167118
167119
167120
167121
167122
167123
167124
167125
167126
167127
167128
167129
167130
167131
167132
167133
167134
167135
167136
167137
167138
167139
167140
167141
167142
167143
167144
167145
167146
167147
167148
167149
167150
167151
167152
167153
167154
167155
167156
167157
167158
167159
167160
167161
167162
167163
167164
167165
167166
167167
167168
167169
167170
167171
167172
167173
167174
167175
167176
167177
167178
167179
167180
167181
167182
167183
167184
167185
167186
167187
167188
167189
167190
167191
167192
167193
167194
167195
167196
167197
167198
167199
167201
167202
167203
167204
167205
167206
167207
167208
167209
167210
167211
167212
167213
167214
167215
167216
167217
167218
167219
167220
167221
167222
167223
167224
167225
167226
167227
167228
167229
167230
167231
167232
167233
167234
167235
167236
167237
167238
167239
167240
167241
167242
167243
167244
167245
167246
167247
167248
167249
167250
167251
167252
167253
167254
167255
167256
167257
167258
167259
167260
167261
167262
167263
167264
167265
167266
167267
167268
167269
167270
167271
167272
167273
167274
167275
167276
167277
167278
167279
167280
167281
167282
167283
167284
167285
167286
167287
167288
167289
167290
167291
167292
167293
167294
167295
167296
167297
167298
167299
167301
167302
167303
167304
167305
167306
167307
167308
167309
167310
167311
167312
167313
167314
167315
167316
167317
167318
167319
167320
167321
167322
167323
167324
167325
167326
167327
167328
167329
167330
167331
167332
167333
167334
167335
167336
167337
167338
167339
167340
167341
167342
167343
167344
167345
167346
167347
167348
167349
167350
167351
167352
167353
167354
167355
167356
167357
167358
167359
167360
167361
167362
167363
167364
167365
167366
167367
167368
167369
167370
167371
167372
167373
167374
167375
167376
167377
167378
167379
167380
167381
167382
167383
167384
167385
167386
167387
167388
167389
167390
167391
167392
167393
167394
167395
167396
167397
167398
167399
167401
167402
167403
167404
167405
167406
167407
167408
167409
167410
167411
167412
167413
167414
167415
167416
167417
167418
167419
167420
167421
167422
167423
167424
167425
167426
167427
167428
167429
167430
167431
167432
167433
167434
167435
167436
167437
167438
167439
167440
167441
167442
167443
167444
167445
167446
167447
167448
167449
167450
167451
167452
167453
167454
167455
167456
167457
167458
167459
167460
167461
167462
167463
167464
167465
167466
167467
167468
167469
167470
167471
167472
167473
167474
167475
167476
167477
167478
167479
167480
167481
167482
167483
167484
167485
167486
167487
167488
167489
167490
167491
167492
167493
167494
167495
167496
167497
167498
167499
167501
167502
167503
167504
167505
167506
167507
167508
167509
167510
167511
167512
167513
167514
167515
167516
167517
167518
167519
167520
167521
167522
167523
167524
167525
167526
167527
167528
167529
167530
167531
167532
167533
167534
167535
167536
167537
167538
167539
167540
167541
167542
167543
167544
167545
167546
167547
167548
167549
167550
167551
167552
167553
167554
167555
167556
167557
167558
167559
167560
167561
167562
167563
167564
167565
167566
167567
167568
167569
167570
167571
167572
167573
167574
167575
167576
167577
167578
167579
167580
167581
167582
167583
167584
167585
167586
167587
167588
167589
167590
167591
167592
167593
167594
167595
167596
167597
167598
167599
167601
167602
167603
167604
167605
167606
167607
167608
167609
167610
167611
167612
167613
167614
167615
167616
167617
167618
167619
167620
167621
167622
167623
167624
167625
167626
167627
167628
167629
167630
167631
167632
167633
167634
167635
167636
167637
167638
167639
167640
167641
167642
167643
167644
167645
167646
167647
167648
167649
167650
167651
167652
167653
167654
167655
167656
167657
167658
167659
167660
167661
167662
167663
167664
167665
167666
167667
167668
167669
167670
167671
167672
167673
167674
167675
167676
167677
167678
167679
167680
167681
167682
167683
167684
167685
167686
167687
167688
167689
167690
167691
167692
167693
167694
167695
167696
167697
167698
167699
167701
167702
167703
167704
167705
167706
167707
167708
167709
167710
167711
167712
167713
167714
167715
167716
167717
167718
167719
167720
167721
167722
167723
167724
167725
167726
167727
167728
167729
167730
167731
167732
167733
167734
167735
167736
167737
167738
167739
167740
167741
167742
167743
167744
167745
167746
167747
167748
167749
167750
167751
167752
167753
167754
167755
167756
167757
167758
167759
167760
167761
167762
167763
167764
167765
167766
167767
167768
167769
167770
167771
167772
167773
167774
167775
167776
167777
167778
167779
167780
167781
167782
167783
167784
167785
167786
167787
167788
167789
167790
167791
167792
167793
167794
167795
167796
167797
167798
167799
167801
167802
167803
167804
167805
167806
167807
167808
167809
167810
167811
167812
167813
167814
167815
167816
167817
167818
167819
167820
167821
167822
167823
167824
167825
167826
167827
167828
167829
167830
167831
167832
167833
167834
167835
167836
167837
167838
167839
167840
167841
167842
167843
167844
167845
167846
167847
167848
167849
167850
167851
167852
167853
167854
167855
167856
167857
167858
167859
167860
167861
167862
167863
167864
167865
167866
167867
167868
167869
167870
167871
167872
167873
167874
167875
167876
167877
167878
167879
167880
167881
167882
167883
167884
167885
167886
167887
167888
167889
167890
167891
167892
167893
167894
167895
167896
167897
167898
167899
167901
167902
167903
167904
167905
167906
167907
167908
167909
167910
167911
167912
167913
167914
167915
167916
167917
167918
167919
167920
167921
167922
167923
167924
167925
167926
167927
167928
167929
167930
167931
167932
167933
167934
167935
167936
167937
167938
167939
167940
167941
167942
167943
167944
167945
167946
167947
167948
167949
167950
167951
167952
167953
167954
167955
167956
167957
167958
167959
167960
167961
167962
167963
167964
167965
167966
167967
167968
167969
167970
167971
167972
167973
167974
167975
167976
167977
167978
167979
167980
167981
167982
167983
167984
167985
167986
167987
167988
167989
167990
167991
167992
167993
167994
167995
167996
167997
167998
167999
168001
168002
168003
168004
168005
168006
168007
168008
168009
168010
168011
168012
168013
168014
168015
168016
168017
168018
168019
168020
168021
168022
168023
168024
168025
168026
168027
168028
168029
168030
168031
168032
168033
168034
168035
168036
168037
168038
168039
168040
168041
168042
168043
168044
168045
168046
168047
168048
168049
168050
168051
168052
168053
168054
168055
168056
168057
168058
168059
168060
168061
168062
168063
168064
168065
168066
168067
168068
168069
168070
168071
168072
168073
168074
168075
168076
168077
168078
168079
168080
168081
168082
168083
168084
168085
168086
168087
168088
168089
168090
168091
168092
168093
168094
168095
168096
168097
168098
168099
168101
168102
168103
168104
168105
168106
168107
168108
168109
168110
168111
168112
168113
168114
168115
168116
168117
168118
168119
168120
168121
168122
168123
168124
168125
168126
168127
168128
168129
168130
168131
168132
168133
168134
168135
168136
168137
168138
168139
168140
168141
168142
168143
168144
168145
168146
168147
168148
168149
168150
168151
168152
168153
168154
168155
168156
168157
168158
168159
168160
168161
168162
168163
168164
168165
168166
168167
168168
168169
168170
168171
168172
168173
168174
168175
168176
168177
168178
168179
168180
168181
168182
168183
168184
168185
168186
168187
168188
168189
168190
168191
168192
168193
168194
168195
168196
168197
168198
168199
168201
168202
168203
168204
168205
168206
168207
168208
168209
168210
168211
168212
168213
168214
168215
168216
168217
168218
168219
168220
168221
168222
168223
168224
168225
168226
168227
168228
168229
168230
168231
168232
168233
168234
168235
168236
168237
168238
168239
168240
168241
168242
168243
168244
168245
168246
168247
168248
168249
168250
168251
168252
168253
168254
168255
168256
168257
168258
168259
168260
168261
168262
168263
168264
168265
168266
168267
168268
168269
168270
168271
168272
168273
168274
168275
168276
168277
168278
168279
168280
168281
168282
168283
168284
168285
168286
168287
168288
168289
168290
168291
168292
168293
168294
168295
168296
168297
168298
168299
168301
168302
168303
168304
168305
168306
168307
168308
168309
168310
168311
168312
168313
168314
168315
168316
168317
168318
168319
168320
168321
168322
168323
168324
168325
168326
168327
168328
168329
168330
168331
168332
168333
168334
168335
168336
168337
168338
168339
168340
168341
168342
168343
168344
168345
168346
168347
168348
168349
168350
168351
168352
168353
168354
168355
168356
168357
168358
168359
168360
168361
168362
168363
168364
168365
168366
168367
168368
168369
168370
168371
168372
168373
168374
168375
168376
168377
168378
168379
168380
168381
168382
168383
168384
168385
168386
168387
168388
168389
168390
168391
168392
168393
168394
168395
168396
168397
168398
168399
168401
168402
168403
168404
168405
168406
168407
168408
168409
168410
168411
168412
168413
168414
168415
168416
168417
168418
168419
168420
168421
168422
168423
168424
168425
168426
168427
168428
168429
168430
168431
168432
168433
168434
168435
168436
168437
168438
168439
168440
168441
168442
168443
168444
168445
168446
168447
168448
168449
168450
168451
168452
168453
168454
168455
168456
168457
168458
168459
168460
168461
168462
168463
168464
168465
168466
168467
168468
168469
168470
168471
168472
168473
168474
168475
168476
168477
168478
168479
168480
168481
168482
168483
168484
168485
168486
168487
168488
168489
168490
168491
168492
168493
168494
168495
168496
168497
168498
168499
168501
168502
168503
168504
168505
168506
168507
168508
168509
168510
168511
168512
168513
168514
168515
168516
168517
168518
168519
168520
168521
168522
168523
168524
168525
168526
168527
168528
168529
168530
168531
168532
168533
168534
168535
168536
168537
168538
168539
168540
168541
168542
168543
168544
168545
168546
168547
168548
168549
168550
168551
168552
168553
168554
168555
168556
168557
168558
168559
168560
168561
168562
168563
168564
168565
168566
168567
168568
168569
168570
168571
168572
168573
168574
168575
168576
168577
168578
168579
168580
168581
168582
168583
168584
168585
168586
168587
168588
168589
168590
168591
168592
168593
168594
168595
168596
168597
168598
168599
168601
168602
168603
168604
168605
168606
168607
168608
168609
168610
168611
168612
168613
168614
168615
168616
168617
168618
168619
168620
168621
168622
168623
168624
168625
168626
168627
168628
168629
168630
168631
168632
168633
168634
168635
168636
168637
168638
168639
168640
168641
168642
168643
168644
168645
168646
168647
168648
168649
168650
168651
168652
168653
168654
168655
168656
168657
168658
168659
168660
168661
168662
168663
168664
168665
168666
168667
168668
168669
168670
168671
168672
168673
168674
168675
168676
168677
168678
168679
168680
168681
168682
168683
168684
168685
168686
168687
168688
168689
168690
168691
168692
168693
168694
168695
168696
168697
168698
168699
168701
168702
168703
168704
168705
168706
168707
168708
168709
168710
168711
168712
168713
168714
168715
168716
168717
168718
168719
168720
168721
168722
168723
168724
168725
168726
168727
168728
168729
168730
168731
168732
168733
168734
168735
168736
168737
168738
168739
168740
168741
168742
168743
168744
168745
168746
168747
168748
168749
168750
168751
168752
168753
168754
168755
168756
168757
168758
168759
168760
168761
168762
168763
168764
168765
168766
168767
168768
168769
168770
168771
168772
168773
168774
168775
168776
168777
168778
168779
168780
168781
168782
168783
168784
168785
168786
168787
168788
168789
168790
168791
168792
168793
168794
168795
168796
168797
168798
168799
168801
168802
168803
168804
168805
168806
168807
168808
168809
168810
168811
168812
168813
168814
168815
168816
168817
168818
168819
168820
168821
168822
168823
168824
168825
168826
168827
168828
168829
168830
168831
168832
168833
168834
168835
168836
168837
168838
168839
168840
168841
168842
168843
168844
168845
168846
168847
168848
168849
168850
168851
168852
168853
168854
168855
168856
168857
168858
168859
168860
168861
168862
168863
168864
168865
168866
168867
168868
168869
168870
168871
168872
168873
168874
168875
168876
168877
168878
168879
168880
168881
168882
168883
168884
168885
168886
168887
168888
168889
168890
168891
168892
168893
168894
168895
168896
168897
168898
168899
168901
168902
168903
168904
168905
168906
168907
168908
168909
168910
168911
168912
168913
168914
168915
168916
168917
168918
168919
168920
168921
168922
168923
168924
168925
168926
168927
168928
168929
168930
168931
168932
168933
168934
168935
168936
168937
168938
168939
168940
168941
168942
168943
168944
168945
168946
168947
168948
168949
168950
168951
168952
168953
168954
168955
168956
168957
168958
168959
168960
168961
168962
168963
168964
168965
168966
168967
168968
168969
168970
168971
168972
168973
168974
168975
168976
168977
168978
168979
168980
168981
168982
168983
168984
168985
168986
168987
168988
168989
168990
168991
168992
168993
168994
168995
168996
168997
168998
168999
169001
169002
169003
169004
169005
169006
169007
169008
169009
169010
169011
169012
169013
169014
169015
169016
169017
169018
169019
169020
169021
169022
169023
169024
169025
169026
169027
169028
169029
169030
169031
169032
169033
169034
169035
169036
169037
169038
169039
169040
169041
169042
169043
169044
169045
169046
169047
169048
169049
169050
169051
169052
169053
169054
169055
169056
169057
169058
169059
169060
169061
169062
169063
169064
169065
169066
169067
169068
169069
169070
169071
169072
169073
169074
169075
169076
169077
169078
169079
169080
169081
169082
169083
169084
169085
169086
169087
169088
169089
169090
169091
169092
169093
169094
169095
169096
169097
169098
169099
169101
169102
169103
169104
169105
169106
169107
169108
169109
169110
169111
169112
169113
169114
169115
169116
169117
169118
169119
169120
169121
169122
169123
169124
169125
169126
169127
169128
169129
169130
169131
169132
169133
169134
169135
169136
169137
169138
169139
169140
169141
169142
169143
169144
169145
169146
169147
169148
169149
169150
169151
169152
169153
169154
169155
169156
169157
169158
169159
169160
169161
169162
169163
169164
169165
169166
169167
169168
169169
169170
169171
169172
169173
169174
169175
169176
169177
169178
169179
169180
169181
169182
169183
169184
169185
169186
169187
169188
169189
169190
169191
169192
169193
169194
169195
169196
169197
169198
169199
169201
169202
169203
169204
169205
169206
169207
169208
169209
169210
169211
169212
169213
169214
169215
169216
169217
169218
169219
169220
169221
169222
169223
169224
169225
169226
169227
169228
169229
169230
169231
169232
169233
169234
169235
169236
169237
169238
169239
169240
169241
169242
169243
169244
169245
169246
169247
169248
169249
169250
169251
169252
169253
169254
169255
169256
169257
169258
169259
169260
169261
169262
169263
169264
169265
169266
169267
169268
169269
169270
169271
169272
169273
169274
169275
169276
169277
169278
169279
169280
169281
169282
169283
169284
169285
169286
169287
169288
169289
169290
169291
169292
169293
169294
169295
169296
169297
169298
169299
169301
169302
169303
169304
169305
169306
169307
169308
169309
169310
169311
169312
169313
169314
169315
169316
169317
169318
169319
169320
169321
169322
169323
169324
169325
169326
169327
169328
169329
169330
169331
169332
169333
169334
169335
169336
169337
169338
169339
169340
169341
169342
169343
169344
169345
169346
169347
169348
169349
169350
169351
169352
169353
169354
169355
169356
169357
169358
169359
169360
169361
169362
169363
169364
169365
169366
169367
169368
169369
169370
169371
169372
169373
169374
169375
169376
169377
169378
169379
169380
169381
169382
169383
169384
169385
169386
169387
169388
169389
169390
169391
169392
169393
169394
169395
169396
169397
169398
169399
169401
169402
169403
169404
169405
169406
169407
169408
169409
169410
169411
169412
169413
169414
169415
169416
169417
169418
169419
169420
169421
169422
169423
169424
169425
169426
169427
169428
169429
169430
169431
169432
169433
169434
169435
169436
169437
169438
169439
169440
169441
169442
169443
169444
169445
169446
169447
169448
169449
256851
256852
256853
256854
256855
256856
256857
256858
256859
256860
256861
256862
256863
256864
256865
256866
256867
256868
256869
256870
256871
256872
256873
256874
256875
256876
256877
256878
256879
256880
256881
256882
256883
256884
256885
256886
256887
256888
256889
256890
256891
256892
256893
256894
256895
256896
256897
256898
256899
256900
256901
256902
256903
256904
256905
256906
256907
256908
256909
256910
256911
256912
256913
256914
256915
256916
256917
256918
256919
256920
256921
256922
256923
256924
256925
256926
256927
256928
256929
256930
256931
256932
256933
256934
256935
256936
256937
256938
256939
256940
256941
256942
256943
256944
256945
256946
256947
256948
256949
256950
256951
256952
256953
256954
256955
256956
256957
256958
256959
256960
256961
256962
256963
256964
256965
256966
256967
256968
256969
256970
256971
256972
256973
256974
256975
256976
256977
256978
256979
256980
256981
256982
256983
256984
256985
256986
256987
256988
256989
256990
256991
256992
256993
256994
256995
256996
256997
256998
256999
257000
257001
257002
257003
257004
257005
257006
257007
257008
257009
257010
257011
257012
257013
257014
257015
257016
257017
257018
257019
257020
257021
257022
257023
257024
257025
257026
257027
257028
257029
257030
257031
257032
257033
257034
257035
257036
257037
257038
257039
257040
257041
257042
257043
257044
257045
257046
257047
257048
257049
257050
257051
257052
257053
257054
257055
257056
257057
257058
257059
257060
257061
257062
257063
257064
257065
257066
257067
257068
257069
257070
257071
257072
257073
257074
257075
257076
257077
257078
257079
257080
257081
257082
257083
257084
257085
257086
257087
257088
257089
257090
257091
257092
257093
257094
257095
257096
257097
257098
257099
257100
257101
257102
257103
257104
257105
257106
257107
257108
257109
257110
257111
257112
257113
257114
257115
257116
257117
257118
257119
257120
257121
257122
257123
257124
257125
257126
257127
257128
257129
257130
257131
257132
257133
257134
257135
257136
257137
257138
257139
257140
257141
257142
257143
257144
257145
257146
257147
257148
257149
257150
257151
257152
257153
257154
257155
257156
257157
257158
257159
257160
257161
257162
257163
257164
257165
257166
257167
257168
257169
257170
257171
257172
257173
257174
257175
257176
257177
257178
257179
257180
257181
257182
257183
257184
257185
257186
257187
257188
257189
257190
257191
257192
257193
257194
257195
257196
257197
257198
257199
257200
257201
257202
257203
257204
257205
257206
257207
257208
257209
257210
257211
257212
257213
257214
257215
257216
257217
257218
257219
257220
257221
257222
257223
257224
257225
257226
257227
257228
257229
257230
257231
257232
257233
257234
257235
257236
257237
257238
257239
257240
257241
257242
257243
257244
257245
257246
257247
257248
257249
257250
257251
257252
257253
257254
257255
257256
257257
257258
257259
257260
257261
257262
257263
257264
257265
257266
257267
257268
257269
257270
257271
257272
257273
257274
257275
257276
257277
257278
257279
257280
257281
257282
257283
257284
257285
257286
257287
257288
257289
257290
257291
257292
257293
257294
257295
257296
257297
257298
257299
257300
257301
257302
257303
257304
257305
257306
257307
257308
257309
257310
257311
257312
257313
257314
257315
257316
257317
257318
257319
257320
257321
257322
257323
257324
257325
257326
257327
257328
257329
257330
257331
257332
257333
257334
257335
257336
257337
257338
257339
257340
257341
257342
257343
257344
257345
257346
257347
257348
257349
257350
257351
257352
257353
257354
257355
257356
257357
257358
257359
257360
257361
257362
257363
257364
257365
257366
257367
257368
257369
257370
257371
257372
257373
257374
257375
257376
257377
257378
257379
257380
257381
257382
257383
257384
257385
257386
257387
257388
257389
257390
257391
257392
257393
257394
257395
257396
257397
257398
257399
257400
257401
257402
257403
257404
257405
257406
257407
257408
257409
257410
257411
257412
257413
257414
257415
257416
257417
257418
257419
257420
257421
257422
257423
257424
257425
257426
257427
257428
257429
257430
257431
257432
257433
257434
257435
257436
257437
257438
257439
257440
257441
257442
257443
257444
257445
257446
257447
257448
257449
257450
257451
257452
257453
257454
257455
257456
257457
257458
257459
257460
257461
257462
257463
257464
257465
257466
257467
257468
257469
257470
257471
257472
257473
257474
257475
257476
257477
257478
257479
257480
257481
257482
257483
257484
257485
257486
257487
257488
257489
257490
257491
257492
257493
257494
257495
257496
257497
257498
257499
257500
257501
257502
257503
257504
257505
257506
257507
257508
257509
257510
257511
257512
257513
257514
257515
257516
257517
257518
257519
257520
257521
257522
257523
257524
257525
257526
257527
257528
257529
257530
257531
257532
257533
257534
257535
257536
257537
257538
257539
257540
257541
257542
257543
257544
257545
257546
257547
257548
257549
257550
257551
257552
257553
257554
257555
257556
257557
257558
257559
257560
257561
257562
257563
257564
257565
257566
257567
257568
257569
257570
257571
257572
257573
257574
257575
257576
257577
257578
257579
257580
257581
257582
257583
257584
257585
257586
257587
257588
257589
257590
257591
257592
257593
257594
257595
257596
257597
257598
257599
257600
257601
257602
257603
257604
257605
257606
257607
257608
257609
257610
257611
257612
257613
257614
257615
257616
257617
257618
257619
257620
257621
257622
257623
257624
257625
257626
257627
257628
257629
257630
257631
257632
257633
257634
257635
257636
257637
257638
257639
257640
257641
257642
257643
257644
257645
257646
257647
257648
257649
257650
257651
257652
257653
257654
257655
257656
257657
257658
257659
257660
257661
257662
257663
257664
257665
257666
257667
257668
257669
257670
257671
257672
257673
257674
257675
257676
257677
257678
257679
257680
257681
257682
257683
257684
257685
257686
257687
257688
257689
257690
257691
257692
257693
257694
257695
257696
257697
257698
257699
257700
257701
257702
257703
257704
257705
257706
257707
257708
257709
257710
257711
257712
257713
257714
257715
257716
257717
257718
257719
257720
257721
257722
257723
257724
257725
257726
257727
257728
257729
257730
257731
257732
257733
257734
257735
257736
257737
257738
257739
257740
257741
257742
257743
257744
257745
257746
257747
257748
257749
257750
257751
257752
257753
257754
257755
257756
257757
257758
257759
257760
257761
257762
257763
257764
257765
257766
257767
257768
257769
257770
257771
257772
257773
257774
257775
257776
257777
257778
257779
257780
257781
257782
257783
257784
257785
257786
257787
257788
257789
257790
257791
257792
257793
257794
257795
257796
257797
257798
257799
257800
257801
257802
257803
257804
257805
257806
257807
257808
257809
257810
257811
257812
257813
257814
257815
257816
257817
257818
257819
257820
257821
257822
257823
257824
257825
257826
257827
257828
257829
257830
257831
257832
257833
257834
257835
257836
257837
257838
257839
257840
257841
257842
257843
257844
257845
257846
257847
257848
257849
257850
257851
257852
257853
257854
257855
257856
257857
257858
257859
257860
257861
257862
257863
257864
257865
257866
257867
257868
257869
257870
257871
257872
257873
257874
257875
257876
257877
257878
257879
257880
257881
257882
257883
257884
257885
257886
257887
257888
257889
257890
257891
257892
257893
257894
257895
257896
257897
257898
257899
257900
257901
257902
257903
257904
257905
257906
257907
257908
257909
257910
257911
257912
257913
257914
257915
257916
257917
257918
257919
257920
257921
257922
257923
257924
257925
257926
257927
257928
257929
257930
257931
257932
257933
257934
257935
257936
257937
257938
257939
257940
257941
257942
257943
257944
257945
257946
257947
257948
257949
257950
257951
257952
257953
257954
257955
257956
257957
257958
257959
257960
257961
257962
257963
257964
257965
257966
257967
257968
257969
257970
257971
257972
257973
257974
257975
257976
257977
257978
257979
257980
257981
257982
257983
257984
257985
257986
257987
257988
257989
257990
257991
257992
257993
257994
257995
257996
257997
257998
257999
258000
258001
258002
258003
258004
258005
258006
258007
258008
258009
258010
258011
258012
258013
258014
258015
258016
258017
258018
258019
258020
258021
258022
258023
258024
258025
258026
258027
258028
258029
258030
258031
258032
258033
258034
258035
258036
258037
258038
258039
258040
258041
258042
258043
258044
258045
258046
258047
258048
258049
258050
258051
258052
258053
258054
258055
258056
258057
258058
258059
258060
258061
258062
258063
258064
258065
258066
258067
258068
258069
258070
258071
258072
258073
258074
258075
258076
258077
258078
258079
258080
258081
258082
258083
258084
258085
258086
258087
258088
258089
258090
258091
258092
258093
258094
258095
258096
258097
258098
258099
258100
258101
258102
258103
258104
258105
258106
258107
258108
258109
258110
258111
258112
258113
258114
258115
258116
258117
258118
258119
258120
258121
258122
258123
258124
258125
258126
258127
258128
258129
258130
258131
258132
258133
258134
258135
258136
258137
258138
258139
258140
258141
258142
258143
258144
258145
258146
258147
258148
258149
258150
258151
258152
258153
258154
258155
258156
258157
258158
258159
258160
258161
258162
258163
258164
258165
258166
258167
258168
258169
258170
258171
258172
258173
258174
258175
258176
258177
258178
258179
258180
258181
258182
258183
258184
258185
258186
258187
258188
258189
258190
258191
258192
258193
258194
258195
258196
258197
258198
258199
258200
258201
258202
258203
258204
258205
258206
258207
258208
258209
258210
258211
258212
258213
258214
258215
258216
258217
258218
258219
258220
258221
258222
258223
258224
258225
258226
258227
258228
258229
258230
258231
258232
258233
258234
258235
258236
258237
258238
258239
258240
258241
258242
258243
258244
258245
258246
258247
258248
258249
258250
258251
258252
258253
258254
258255
258256
258257
258258
258259
258260
258261
258262
258263
258264
258265
258266
258267
258268
258269
258270
258271
258272
258273
258274
258275
258276
258277
258278
258279
258280
258281
258282
258283
258284
258285
258286
258287
258288
258289
258290
258291
258292
258293
258294
258295
258296
258297
258298
258299
258300
258301
258302
258303
258304
258305
258306
258307
258308
258309
258310
258311
258312
258313
258314
258315
258316
258317
258318
258319
258320
258321
258322
258323
258324
258325
258326
258327
258328
258329
258330
258331
258332
258333
258334
258335
258336
258337
258338
258339
258340
258341
258342
258343
258344
258345
258346
258347
258348
258349
258350
258351
258352
258353
258354
258355
258356
258357
258358
258359
258360
258361
258362
258363
258364
258365
258366
258367
258368
258369
258370
258371
258372
258373
258374
258375
258376
258377
258378
258379
258380
258381
258382
258383
258384
258385
258386
258387
258388
258389
258390
258391
258392
258393
258394
258395
258396
258397
258398
258399
258400
258401
258402
258403
258404
258405
258406
258407
258408
258409
258410
258411
258412
258413
258414
258415
258416
258417
258418
258419
258420
258421
258422
258423
258424
258425
258426
258427
258428
258429
258430
258431
258432
258433
258434
258435
258436
258437
258438
258439
258440
258441
258442
258443
258444
258445
258446
258447
258448
258449
258450
258451
258452
258453
258454
258455
258456
258457
258458
258459
258460
258461
258462
258463
258464
258465
258466
258467
258468
258469
258470
258471
258472
258473
258474
258475
258476
258477
258478
258479
258480
258481
258482
258483
258484
258485
258486
258487
258488
258489
258490
258491
258492
258493
258494
258495
258496
258497
258498
258499
258500
258501
258502
258503
258504
258505
258506
258507
258508
258509
258510
258511
258512
258513
258514
258515
258516
258517
258518
258519
258520
258521
258522
258523
258524
258525
258526
258527
258528
258529
258530
258531
258532
258533
258534
258535
258536
258537
258538
258539
258540
258541
258542
258543
258544
258545
258546
258547
258548
258549
258550
258551
258552
258553
258554
258555
258556
258557
258558
258559
258560
258561
258562
258563
258564
258565
258566
258567
258568
258569
258570
258571
258572
258573
258574
258575
258576
258577
258578
258579
258580
258581
258582
258583
258584
258585
258586
258587
258588
258589
258590
258591
258592
258593
258594
258595
258596
258597
258598
258599
258600
258601
258602
258603
258604
258605
258606
258607
258608
258609
258610
258611
258612
258613
258614
258615
258616
258617
258618
258619
258620
258621
258622
258623
258624
258625
258626
258627
258628
258629
258630
258631
258632
258633
258634
258635
258636
258637
258638
258639
258640
258641
258642
258643
258644
258645
258646
258647
258648
258649
258650
258651
258652
258653
258654
258655
258656
258657
258658
258659
258660
258661
258662
258663
258664
258665
258666
258667
258668
258669
258670
258671
258672
258673
258674
258675
258676
258677
258678
258679
258680
258681
258682
258683
258684
258685
258686
258687
258688
258689
258690
258691
258692
258693
258694
258695
258696
258697
258698
258699
258700
258701
258702
258703
258704
258705
258706
258707
258708
258709
258710
258711
258712
258713
258714
258715
258716
258717
258718
258719
258720
258721
258722
258723
258724
258725
258726
258727
258728
258729
258730
258731
258732
258733
258734
258735
258736
258737
258738
258739
258740
258741
258742
258743
258744
258745
258746
258747
258748
258749
258750
258751
258752
258753
258754
258755
258756
258757
258758
258759
258760
258761
258762
258763
258764
258765
258766
258767
258768
258769
258770
258771
258772
258773
258774
258775
258776
258777
258778
258779
258780
258781
258782
258783
258784
258785
258786
258787
258788
258789
258790
258791
258792
258793
258794
258795
258796
258797
258798
258799
258800
258801
258802
258803
258804
258805
258806
258807
258808
258809
258810
258811
258812
258813
258814
258815
258816
258817
258818
258819
258820
258821
258822
258823
258824
258825
258826
258827
258828
258829
258830
258831
258832
258833
258834
258835
258836
258837
258838
258839
258840
258841
258842
258843
258844
258845
258846
258847
258848
258849
258850
258851
258852
258853
258854
258855
258856
258857
258858
258859
258860
258861
258862
258863
258864
258865
258866
258867
258868
258869
258870
258871
258872
258873
258874
258875
258876
258877
258878
258879
258880
258881
258882
258883
258884
258885
258886
258887
258888
258889
258890
258891
258892
258893
258894
258895
258896
258897
258898
258899
258900
258901
258902
258903
258904
258905
258906
258907
258908
258909
258910
258911
258912
258913
258914
258915
258916
258917
258918
258919
258920
258921
258922
258923
258924
258925
258926
258927
258928
258929
258930
258931
258932
258933
258934
258935
258936
258937
258938
258939
258940
258941
258942
258943
258944
258945
258946
258947
258948
258949
258950
258951
258952
258953
258954
258955
258956
258957
258958
258959
258960
258961
258962
258963
258964
258965
258966
258967
258968
258969
258970
258971
258972
258973
258974
258975
258976
258977
258978
258979
258980
258981
258982
258983
258984
258985
258986
258987
258988
258989
258990
258991
258992
258993
258994
258995
258996
258997
258998
258999
259000
259001
259002
259003
259004
259005
259006
259007
259008
259009
259010
259011
259012
259013
259014
259015
259016
259017
259018
259019
259020
259021
259022
259023
259024
259025
259026
259027
259028
259029
259030
259031
259032
259033
259034
259035
259036
259037
259038
259039
259040
259041
259042
259043
259044
259045
259046
259047
259048
259049
259050
259051
259052
259053
259054
259055
259056
259057
259058
259059
259060
259061
259062
259063
259064
259065
259066
259067
259068
259069
259070
259071
259072
259073
259074
259075
259076
259077
259078
259079
259080
259081
259082
259083
259084
259085
259086
259087
259088
259089
259090
259091
259092
259093
259094
259095
259096
259097
259098
259099
259100
259101
259102
259103
259104
259105
259106
259107
259108
259109
259110
259111
259112
259113
259114
259115
259116
259117
259118
259119
259120
259121
259122
259123
259124
259125
259126
259127
259128
259129
259130
259131
259132
259133
259134
259135
259136
259137
259138
259139
259140
259141
259142
259143
259144
259145
259146
259147
259148
259149
259150
259151
259152
259153
259154
259155
259156
259157
259158
259159
259160
259161
259162
259163
259164
259165
259166
259167
259168
259169
259170
259171
259172
259173
259174
259175
259176
259177
259178
259179
259180
259181
259182
259183
259184
259185
259186
259187
259188
259189
259190
259191
259192
259193
259194
259195
259196
259197
259198
259199
259200
259201
259202
259203
259204
259205
259206
259207
259208
259209
259210
259211
259212
259213
259214
259215
259216
259217
259218
259219
259220
259221
259222
259223
259224
259225
259226
259227
259228
259229
259230
259231
259232
259233
259234
259235
259236
259237
259238
259239
259240
259241
259242
259243
259244
259245
259246
259247
259248
259249
259250
259251
259252
259253
259254
259255
259256
259257
259258
259259
259260
259261
259262
259263
259264
259265
259266
259267
259268
259269
259270
259271
259272
259273
259274
259275
259276
259277
259278
259279
259280
259281
259282
259283
259284
259285
259286
259287
259288
259289
259290
259291
259292
259293
259294
259295
259296
259297
259298
259299
259300
259301
259302
259303
259304
259305
259306
259307
259308
259309
259310
259311
259312
259313
259314
259315
259316
259317
259318
259319
259320
259321
259322
259323
259324
259325
259326
259327
259328
259329
259330
259331
259332
259333
259334
259335
259336
259337
259338
259339
259340
259341
259342
259343
259344
259345
259346
259347
259348
259349
259350
344351
344352
344353
344354
344355
344356
344357
344358
344359
344360
344361
344362
344363
344364
344365
344366
344367
344368
344369
344370
344371
344372
344373
344374
344375
344376
344377
344378
344379
344380
344381
344382
344383
344384
344385
344386
344387
344388
344389
344390
344391
344392
344393
344394
344395
344396
344397
344398
344399
344400
344401
344402
344403
344404
344405
344406
344407
344408
344409
344410
344411
344412
344413
344414
344415
344416
344417
344418
344419
344420
344421
344422
344423
344424
344425
344426
344427
344428
344429
344430
344431
344432
344433
344434
344435
344436
344437
344438
344439
344440
344441
344442
344443
344444
344445
344446
344447
344448
344449
344450
344451
344452
344453
344454
344455
344456
344457
344458
344459
344460
344461
344462
344463
344464
344465
344466
344467
344468
344469
344470
344471
344472
344473
344474
344475
344476
344477
344478
344479
344480
344481
344482
344483
344484
344485
344486
344487
344488
344489
344490
344491
344492
344493
344494
344495
344496
344497
344498
344499
344500
344501
344502
344503
344504
344505
344506
344507
344508
344509
344510
344511
344512
344513
344514
344515
344516
344517
344518
344519
344520
344521
344522
344523
344524
344525
344526
344527
344528
344529
344530
344531
344532
344533
344534
344535
344536
344537
344538
344539
344540
344541
344542
344543
344544
344545
344546
344547
344548
344549
344550
344551
344552
344553
344554
344555
344556
344557
344558
344559
344560
344561
344562
344563
344564
344565
344566
344567
344568
344569
344570
344571
344572
344573
344574
344575
344576
344577
344578
344579
344580
344581
344582
344583
344584
344585
344586
344587
344588
344589
344590
344591
344592
344593
344594
344595
344596
344597
344598
344599
344600
344601
344602
344603
344604
344605
344606
344607
344608
344609
344610
344611
344612
344613
344614
344615
344616
344617
344618
344619
344620
344621
344622
344623
344624
344625
344626
344627
344628
344629
344630
344631
344632
344633
344634
344635
344636
344637
344638
344639
344640
344641
344642
344643
344644
344645
344646
344647
344648
344649
344650
344651
344652
344653
344654
344655
344656
344657
344658
344659
344660
344661
344662
344663
344664
344665
344666
344667
344668
344669
344670
344671
344672
344673
344674
344675
344676
344677
344678
344679
344680
344681
344682
344683
344684
344685
344686
344687
344688
344689
344690
344691
344692
344693
344694
344695
344696
344697
344698
344699
344700
344701
344702
344703
344704
344705
344706
344707
344708
344709
344710
344711
344712
344713
344714
344715
344716
344717
344718
344719
344720
344721
344722
344723
344724
344725
344726
344727
344728
344729
344730
344731
344732
344733
344734
344735
344736
344737
344738
344739
344740
344741
344742
344743
344744
344745
344746
344747
344748
344749
344750
344751
344752
344753
344754
344755
344756
344757
344758
344759
344760
344761
344762
344763
344764
344765
344766
344767
344768
344769
344770
344771
344772
344773
344774
344775
344776
344777
344778
344779
344780
344781
344782
344783
344784
344785
344786
344787
344788
344789
344790
344791
344792
344793
344794
344795
344796
344797
344798
344799
344800
344801
344802
344803
344804
344805
344806
344807
344808
344809
344810
344811
344812
344813
344814
344815
344816
344817
344818
344819
344820
344821
344822
344823
344824
344825
344826
344827
344828
344829
344830
344831
344832
344833
344834
344835
344836
344837
344838
344839
344840
344841
344842
344843
344844
344845
344846
344847
344848
344849
344850
344851
344852
344853
344854
344855
344856
344857
344858
344859
344860
344861
344862
344863
344864
344865
344866
344867
344868
344869
344870
344871
344872
344873
344874
344875
344876
344877
344878
344879
344880
344881
344882
344883
344884
344885
344886
344887
344888
344889
344890
344891
344892
344893
344894
344895
344896
344897
344898
344899
344900
344901
344902
344903
344904
344905
344906
344907
344908
344909
344910
344911
344912
344913
344914
344915
344916
344917
344918
344919
344920
344921
344922
344923
344924
344925
344926
344927
344928
344929
344930
344931
344932
344933
344934
344935
344936
344937
344938
344939
344940
344941
344942
344943
344944
344945
344946
344947
344948
344949
344950
344951
344952
344953
344954
344955
344956
344957
344958
344959
344960
344961
344962
344963
344964
344965
344966
344967
344968
344969
344970
344971
344972
344973
344974
344975
344976
344977
344978
344979
344980
344981
344982
344983
344984
344985
344986
344987
344988
344989
344990
344991
344992
344993
344994
344995
344996
344997
344998
344999
345000
345001
345002
345003
345004
345005
345006
345007
345008
345009
345010
345011
345012
345013
345014
345015
345016
345017
345018
345019
345020
345021
345022
345023
345024
345025
345026
345027
345028
345029
345030
345031
345032
345033
345034
345035
345036
345037
345038
345039
345040
345041
345042
345043
345044
345045
345046
345047
345048
345049
345050
345051
345052
345053
345054
345055
345056
345057
345058
345059
345060
345061
345062
345063
345064
345065
345066
345067
345068
345069
345070
345071
345072
345073
345074
345075
345076
345077
345078
345079
345080
345081
345082
345083
345084
345085
345086
345087
345088
345089
345090
345091
345092
345093
345094
345095
345096
345097
345098
345099
345100
345101
345102
345103
345104
345105
345106
345107
345108
345109
345110
345111
345112
345113
345114
345115
345116
345117
345118
345119
345120
345121
345122
345123
345124
345125
345126
345127
345128
345129
345130
345131
345132
345133
345134
345135
345136
345137
345138
345139
345140
345141
345142
345143
345144
345145
345146
345147
345148
345149
345150
345151
345152
345153
345154
345155
345156
345157
345158
345159
345160
345161
345162
345163
345164
345165
345166
345167
345168
345169
345170
345171
345172
345173
345174
345175
345176
345177
345178
345179
345180
345181
345182
345183
345184
345185
345186
345187
345188
345189
345190
345191
345192
345193
345194
345195
345196
345197
345198
345199
345200
345201
345202
345203
345204
345205
345206
345207
345208
345209
345210
345211
345212
345213
345214
345215
345216
345217
345218
345219
345220
345221
345222
345223
345224
345225
345226
345227
345228
345229
345230
345231
345232
345233
345234
345235
345236
345237
345238
345239
345240
345241
345242
345243
345244
345245
345246
345247
345248
345249
345250
345251
345252
345253
345254
345255
345256
345257
345258
345259
345260
345261
345262
345263
345264
345265
345266
345267
345268
345269
345270
345271
345272
345273
345274
345275
345276
345277
345278
345279
345280
345281
345282
345283
345284
345285
345286
345287
345288
345289
345290
345291
345292
345293
345294
345295
345296
345297
345298
345299
345300
345301
345302
345303
345304
345305
345306
345307
345308
345309
345310
345311
345312
345313
345314
345315
345316
345317
345318
345319
345320
345321
345322
345323
345324
345325
345326
345327
345328
345329
345330
345331
345332
345333
345334
345335
345336
345337
345338
345339
345340
345341
345342
345343
345344
345345
345346
345347
345348
345349
345350
345351
345352
345353
345354
345355
345356
345357
345358
345359
345360
345361
345362
345363
345364
345365
345366
345367
345368
345369
345370
345371
345372
345373
345374
345375
345376
345377
345378
345379
345380
345381
345382
345383
345384
345385
345386
345387
345388
345389
345390
345391
345392
345393
345394
345395
345396
345397
345398
345399
345400
345401
345402
345403
345404
345405
345406
345407
345408
345409
345410
345411
345412
345413
345414
345415
345416
345417
345418
345419
345420
345421
345422
345423
345424
345425
345426
345427
345428
345429
345430
345431
345432
345433
345434
345435
345436
345437
345438
345439
345440
345441
345442
345443
345444
345445
345446
345447
345448
345449
345450
345451
345452
345453
345454
345455
345456
345457
345458
345459
345460
345461
345462
345463
345464
345465
345466
345467
345468
345469
345470
345471
345472
345473
345474
345475
345476
345477
345478
345479
345480
345481
345482
345483
345484
345485
345486
345487
345488
345489
345490
345491
345492
345493
345494
345495
345496
345497
345498
345499
345500
345501
345502
345503
345504
345505
345506
345507
345508
345509
345510
345511
345512
345513
345514
345515
345516
345517
345518
345519
345520
345521
345522
345523
345524
345525
345526
345527
345528
345529
345530
345531
345532
345533
345534
345535
345536
345537
345538
345539
345540
345541
345542
345543
345544
345545
345546
345547
345548
345549
345550
345551
345552
345553
345554
345555
345556
345557
345558
345559
345560
345561
345562
345563
345564
345565
345566
345567
345568
345569
345570
345571
345572
345573
345574
345575
345576
345577
345578
345579
345580
345581
345582
345583
345584
345585
345586
345587
345588
345589
345590
345591
345592
345593
345594
345595
345596
345597
345598
345599
345600
345601
345602
345603
345604
345605
345606
345607
345608
345609
345610
345611
345612
345613
345614
345615
345616
345617
345618
345619
345620
345621
345622
345623
345624
345625
345626
345627
345628
345629
345630
345631
345632
345633
345634
345635
345636
345637
345638
345639
345640
345641
345642
345643
345644
345645
345646
345647
345648
345649
345650
345651
345652
345653
345654
345655
345656
345657
345658
345659
345660
345661
345662
345663
345664
345665
345666
345667
345668
345669
345670
345671
345672
345673
345674
345675
345676
345677
345678
345679
345680
345681
345682
345683
345684
345685
345686
345687
345688
345689
345690
345691
345692
345693
345694
345695
345696
345697
345698
345699
345700
345701
345702
345703
345704
345705
345706
345707
345708
345709
345710
345711
345712
345713
345714
345715
345716
345717
345718
345719
345720
345721
345722
345723
345724
345725
345726
345727
345728
345729
345730
345731
345732
345733
345734
345735
345736
345737
345738
345739
345740
345741
345742
345743
345744
345745
345746
345747
345748
345749
345750
345751
345752
345753
345754
345755
345756
345757
345758
345759
345760
345761
345762
345763
345764
345765
345766
345767
345768
345769
345770
345771
345772
345773
345774
345775
345776
345777
345778
345779
345780
345781
345782
345783
345784
345785
345786
345787
345788
345789
345790
345791
345792
345793
345794
345795
345796
345797
345798
345799
345800
345801
345802
345803
345804
345805
345806
345807
345808
345809
345810
345811
345812
345813
345814
345815
345816
345817
345818
345819
345820
345821
345822
345823
345824
345825
345826
345827
345828
345829
345830
345831
345832
345833
345834
345835
345836
345837
345838
345839
345840
345841
345842
345843
345844
345845
345846
345847
345848
345849
345850
345851
345852
345853
345854
345855
345856
345857
345858
345859
345860
345861
345862
345863
345864
345865
345866
345867
345868
345869
345870
345871
345872
345873
345874
345875
345876
345877
345878
345879
345880
345881
345882
345883
345884
345885
345886
345887
345888
345889
345890
345891
345892
345893
345894
345895
345896
345897
345898
345899
345900
345901
345902
345903
345904
345905
345906
345907
345908
345909
345910
345911
345912
345913
345914
345915
345916
345917
345918
345919
345920
345921
345922
345923
345924
345925
345926
345927
345928
345929
345930
345931
345932
345933
345934
345935
345936
345937
345938
345939
345940
345941
345942
345943
345944
345945
345946
345947
345948
345949
345950
345951
345952
345953
345954
345955
345956
345957
345958
345959
345960
345961
345962
345963
345964
345965
345966
345967
345968
345969
345970
345971
345972
345973
345974
345975
345976
345977
345978
345979
345980
345981
345982
345983
345984
345985
345986
345987
345988
345989
345990
345991
345992
345993
345994
345995
345996
345997
345998
345999
346000
346001
346002
346003
346004
346005
346006
346007
346008
346009
346010
346011
346012
346013
346014
346015
346016
346017
346018
346019
346020
346021
346022
346023
346024
346025
346026
346027
346028
346029
346030
346031
346032
346033
346034
346035
346036
346037
346038
346039
346040
346041
346042
346043
346044
346045
346046
346047
346048
346049
346050
346051
346052
346053
346054
346055
346056
346057
346058
346059
346060
346061
346062
346063
346064
346065
346066
346067
346068
346069
346070
346071
346072
346073
346074
346075
346076
346077
346078
346079
346080
346081
346082
346083
346084
346085
346086
346087
346088
346089
346090
346091
346092
346093
346094
346095
346096
346097
346098
346099
346100
346101
346102
346103
346104
346105
346106
346107
346108
346109
346110
346111
346112
346113
346114
346115
346116
346117
346118
346119
346120
346121
346122
346123
346124
346125
346126
346127
346128
346129
346130
346131
346132
346133
346134
346135
346136
346137
346138
346139
346140
346141
346142
346143
346144
346145
346146
346147
346148
346149
346150
346151
346152
346153
346154
346155
346156
346157
346158
346159
346160
346161
346162
346163
346164
346165
346166
346167
346168
346169
346170
346171
346172
346173
346174
346175
346176
346177
346178
346179
346180
346181
346182
346183
346184
346185
346186
346187
346188
346189
346190
346191
346192
346193
346194
346195
346196
346197
346198
346199
346200
346201
346202
346203
346204
346205
346206
346207
346208
346209
346210
346211
346212
346213
346214
346215
346216
346217
346218
346219
346220
346221
346222
346223
346224
346225
346226
346227
346228
346229
346230
346231
346232
346233
346234
346235
346236
346237
346238
346239
346240
346241
346242
346243
346244
346245
346246
346247
346248
346249
346250
346251
346252
346253
346254
346255
346256
346257
346258
346259
346260
346261
346262
346263
346264
346265
346266
346267
346268
346269
346270
346271
346272
346273
346274
346275
346276
346277
346278
346279
346280
346281
346282
346283
346284
346285
346286
346287
346288
346289
346290
346291
346292
346293
346294
346295
346296
346297
346298
346299
346300
346301
346302
346303
346304
346305
346306
346307
346308
346309
346310
346311
346312
346313
346314
346315
346316
346317
346318
346319
346320
346321
346322
346323
346324
346325
346326
346327
346328
346329
346330
346331
346332
346333
346334
346335
346336
346337
346338
346339
346340
346341
346342
346343
346344
346345
346346
346347
346348
346349
346350
346351
346352
346353
346354
346355
346356
346357
346358
346359
346360
346361
346362
346363
346364
346365
346366
346367
346368
346369
346370
346371
346372
346373
346374
346375
346376
346377
346378
346379
346380
346381
346382
346383
346384
346385
346386
346387
346388
346389
346390
346391
346392
346393
346394
346395
346396
346397
346398
346399
346400
346401
346402
346403
346404
346405
346406
346407
346408
346409
346410
346411
346412
346413
346414
346415
346416
346417
346418
346419
346420
346421
346422
346423
346424
346425
346426
346427
346428
346429
346430
346431
346432
346433
346434
346435
346436
346437
346438
346439
346440
346441
346442
346443
346444
346445
346446
346447
346448
346449
346450
346451
346452
346453
346454
346455
346456
346457
346458
346459
346460
346461
346462
346463
346464
346465
346466
346467
346468
346469
346470
346471
346472
346473
346474
346475
346476
346477
346478
346479
346480
346481
346482
346483
346484
346485
346486
346487
346488
346489
346490
346491
346492
346493
346494
346495
346496
346497
346498
346499
346500
346501
346502
346503
346504
346505
346506
346507
346508
346509
346510
346511
346512
346513
346514
346515
346516
346517
346518
346519
346520
346521
346522
346523
346524
346525
346526
346527
346528
346529
346530
346531
346532
346533
346534
346535
346536
346537
346538
346539
346540
346541
346542
346543
346544
346545
346546
346547
346548
346549
346550
346551
346552
346553
346554
346555
346556
346557
346558
346559
346560
346561
346562
346563
346564
346565
346566
346567
346568
346569
346570
346571
346572
346573
346574
346575
346576
346577
346578
346579
346580
346581
346582
346583
346584
346585
346586
346587
346588
346589
346590
346591
346592
346593
346594
346595
346596
346597
346598
346599
346600
346601
346602
346603
346604
346605
346606
346607
346608
346609
346610
346611
346612
346613
346614
346615
346616
346617
346618
346619
346620
346621
346622
346623
346624
346625
346626
346627
346628
346629
346630
346631
346632
346633
346634
346635
346636
346637
346638
346639
346640
346641
346642
346643
346644
346645
346646
346647
346648
346649
346650
346651
346652
346653
346654
346655
346656
346657
346658
346659
346660
346661
346662
346663
346664
346665
346666
346667
346668
346669
346670
346671
346672
346673
346674
346675
346676
346677
346678
346679
346680
346681
346682
346683
346684
346685
346686
346687
346688
346689
346690
346691
346692
346693
346694
346695
346696
346697
346698
346699
346700
346701
346702
346703
346704
346705
346706
346707
346708
346709
346710
346711
346712
346713
346714
346715
346716
346717
346718
346719
346720
346721
346722
346723
346724
346725
346726
346727
346728
346729
346730
346731
346732
346733
346734
346735
346736
346737
346738
346739
346740
346741
346742
346743
346744
346745
346746
346747
346748
346749
346750
346751
346752
346753
346754
346755
346756
346757
346758
346759
346760
346761
346762
346763
346764
346765
346766
346767
346768
346769
346770
346771
346772
346773
346774
346775
346776
346777
346778
346779
346780
346781
346782
346783
346784
346785
346786
346787
346788
346789
346790
346791
346792
346793
346794
346795
346796
346797
346798
346799
346800
346801
346802
346803
346804
346805
346806
346807
346808
346809
346810
346811
346812
346813
346814
346815
346816
346817
346818
346819
346820
346821
346822
346823
346824
346825
346826
346827
346828
346829
346830
346831
346832
346833
346834
346835
346836
346837
346838
346839
346840
346841
346842
346843
346844
346845
346846
346847
346848
346849
346850
350301
350302
350303
350304
350305
350306
350307
350308
350309
350310
350311
350312
350313
350314
350315
350316
350317
350318
350319
350320
350321
350322
350323
350324
350325
350326
350327
350328
350329
350330
350331
350332
350333
350334
350335
350336
350337
350338
350339
350340
350341
350342
350343
350344
350345
350346
350347
350348
350349
350350
-159650
-159750
-159850
-159950
-160050
-160150
-160250
-160350
-160450
-160550
-160650
-160750
-160850
-160950
-161050
-161150
-161250
-161350
-161450
-161550
-161650
-161750
-161850
-161950
-162050
-162150
-162250
-162350
-162450
-162550
-162650
-162750
-162850
-162950
-163050
-163150
-163250
-163350
-163450
-163550
-163650
-163750
-163850
-163950
-164050
-164150
-164250
-164350
-164450
-164500
-154502
-154504
-154506
-154508
-154510
-154512
-154514
-154516
-154518
-154520
-154522
-154524
-154526
-154528
-154530
-154532
-154534
-154536
-154538
-154540
-154542
-154544
-154546
-154548
-154550
-154552
-154554
-154556
-154558
-154560
-154562
-154564
-154566
-154568
-154570
-154572
-154574
-154576
-154578
-154580
-154582
-154584
-154586
-154588
-154590
-154592
-154594
-154596
-154598
-154600
164600
164700
164800
164900
165000
165100
165200
165300
165400
165500
165600
165700
165800
165900
166000
166100
166200
166300
166400
166500
166600
166700
166800
166900
167000
167100
167200
167300
167400
167500
167600
167700
167800
167900
168000
168100
168200
168300
168400
168500
168600
168700
168800
168900
169000
169100
169200
169300
169400
169450
)


// ************************************************************************* //
