/*--------------------------------*- C++ -*----------------------------------*\
| =========                 |                                                 |
| \\      /  F ield         | OpenFOAM: The Open Source CFD Toolbox           |
|  \\    /   O peration     | Version:  v1906                                 |
|   \\  /    A nd           | Web:      www.OpenFOAM.com                      |
|    \\/     M anipulation  |                                                 |
\*---------------------------------------------------------------------------*/
FoamFile
{
    version     2.0;
    format      ascii;
    class       labelList;
    location    "constant/fbe13/polyMesh";
    object      faceRegionAddressing;
}
// * * * * * * * * * * * * * * * * * * * * * * * * * * * * * * * * * * * * * //


10100
(
64851
64852
64853
64854
64855
64856
64857
64858
64859
64860
64861
64862
64863
64864
64865
64866
64867
64868
64869
64870
64871
64872
64873
64874
64875
64876
64877
64878
64879
64880
64881
64882
64883
64884
64885
64886
64887
64888
64889
64890
64891
64892
64893
64894
64895
64896
64897
64898
64899
64900
64901
64902
64903
64904
64905
64906
64907
64908
64909
64910
64911
64912
64913
64914
64915
64916
64917
64918
64919
64920
64921
64922
64923
64924
64925
64926
64927
64928
64929
64930
64931
64932
64933
64934
64935
64936
64937
64938
64939
64940
64941
64942
64943
64944
64945
64946
64947
64948
64949
64951
64952
64953
64954
64955
64956
64957
64958
64959
64960
64961
64962
64963
64964
64965
64966
64967
64968
64969
64970
64971
64972
64973
64974
64975
64976
64977
64978
64979
64980
64981
64982
64983
64984
64985
64986
64987
64988
64989
64990
64991
64992
64993
64994
64995
64996
64997
64998
64999
65000
65001
65002
65003
65004
65005
65006
65007
65008
65009
65010
65011
65012
65013
65014
65015
65016
65017
65018
65019
65020
65021
65022
65023
65024
65025
65026
65027
65028
65029
65030
65031
65032
65033
65034
65035
65036
65037
65038
65039
65040
65041
65042
65043
65044
65045
65046
65047
65048
65049
65051
65052
65053
65054
65055
65056
65057
65058
65059
65060
65061
65062
65063
65064
65065
65066
65067
65068
65069
65070
65071
65072
65073
65074
65075
65076
65077
65078
65079
65080
65081
65082
65083
65084
65085
65086
65087
65088
65089
65090
65091
65092
65093
65094
65095
65096
65097
65098
65099
65100
65101
65102
65103
65104
65105
65106
65107
65108
65109
65110
65111
65112
65113
65114
65115
65116
65117
65118
65119
65120
65121
65122
65123
65124
65125
65126
65127
65128
65129
65130
65131
65132
65133
65134
65135
65136
65137
65138
65139
65140
65141
65142
65143
65144
65145
65146
65147
65148
65149
65151
65152
65153
65154
65155
65156
65157
65158
65159
65160
65161
65162
65163
65164
65165
65166
65167
65168
65169
65170
65171
65172
65173
65174
65175
65176
65177
65178
65179
65180
65181
65182
65183
65184
65185
65186
65187
65188
65189
65190
65191
65192
65193
65194
65195
65196
65197
65198
65199
65200
65201
65202
65203
65204
65205
65206
65207
65208
65209
65210
65211
65212
65213
65214
65215
65216
65217
65218
65219
65220
65221
65222
65223
65224
65225
65226
65227
65228
65229
65230
65231
65232
65233
65234
65235
65236
65237
65238
65239
65240
65241
65242
65243
65244
65245
65246
65247
65248
65249
65251
65252
65253
65254
65255
65256
65257
65258
65259
65260
65261
65262
65263
65264
65265
65266
65267
65268
65269
65270
65271
65272
65273
65274
65275
65276
65277
65278
65279
65280
65281
65282
65283
65284
65285
65286
65287
65288
65289
65290
65291
65292
65293
65294
65295
65296
65297
65298
65299
65300
65301
65302
65303
65304
65305
65306
65307
65308
65309
65310
65311
65312
65313
65314
65315
65316
65317
65318
65319
65320
65321
65322
65323
65324
65325
65326
65327
65328
65329
65330
65331
65332
65333
65334
65335
65336
65337
65338
65339
65340
65341
65342
65343
65344
65345
65346
65347
65348
65349
65351
65352
65353
65354
65355
65356
65357
65358
65359
65360
65361
65362
65363
65364
65365
65366
65367
65368
65369
65370
65371
65372
65373
65374
65375
65376
65377
65378
65379
65380
65381
65382
65383
65384
65385
65386
65387
65388
65389
65390
65391
65392
65393
65394
65395
65396
65397
65398
65399
65400
65401
65402
65403
65404
65405
65406
65407
65408
65409
65410
65411
65412
65413
65414
65415
65416
65417
65418
65419
65420
65421
65422
65423
65424
65425
65426
65427
65428
65429
65430
65431
65432
65433
65434
65435
65436
65437
65438
65439
65440
65441
65442
65443
65444
65445
65446
65447
65448
65449
65451
65452
65453
65454
65455
65456
65457
65458
65459
65460
65461
65462
65463
65464
65465
65466
65467
65468
65469
65470
65471
65472
65473
65474
65475
65476
65477
65478
65479
65480
65481
65482
65483
65484
65485
65486
65487
65488
65489
65490
65491
65492
65493
65494
65495
65496
65497
65498
65499
65500
65501
65502
65503
65504
65505
65506
65507
65508
65509
65510
65511
65512
65513
65514
65515
65516
65517
65518
65519
65520
65521
65522
65523
65524
65525
65526
65527
65528
65529
65530
65531
65532
65533
65534
65535
65536
65537
65538
65539
65540
65541
65542
65543
65544
65545
65546
65547
65548
65549
65551
65552
65553
65554
65555
65556
65557
65558
65559
65560
65561
65562
65563
65564
65565
65566
65567
65568
65569
65570
65571
65572
65573
65574
65575
65576
65577
65578
65579
65580
65581
65582
65583
65584
65585
65586
65587
65588
65589
65590
65591
65592
65593
65594
65595
65596
65597
65598
65599
65600
65601
65602
65603
65604
65605
65606
65607
65608
65609
65610
65611
65612
65613
65614
65615
65616
65617
65618
65619
65620
65621
65622
65623
65624
65625
65626
65627
65628
65629
65630
65631
65632
65633
65634
65635
65636
65637
65638
65639
65640
65641
65642
65643
65644
65645
65646
65647
65648
65649
65651
65652
65653
65654
65655
65656
65657
65658
65659
65660
65661
65662
65663
65664
65665
65666
65667
65668
65669
65670
65671
65672
65673
65674
65675
65676
65677
65678
65679
65680
65681
65682
65683
65684
65685
65686
65687
65688
65689
65690
65691
65692
65693
65694
65695
65696
65697
65698
65699
65700
65701
65702
65703
65704
65705
65706
65707
65708
65709
65710
65711
65712
65713
65714
65715
65716
65717
65718
65719
65720
65721
65722
65723
65724
65725
65726
65727
65728
65729
65730
65731
65732
65733
65734
65735
65736
65737
65738
65739
65740
65741
65742
65743
65744
65745
65746
65747
65748
65749
65751
65752
65753
65754
65755
65756
65757
65758
65759
65760
65761
65762
65763
65764
65765
65766
65767
65768
65769
65770
65771
65772
65773
65774
65775
65776
65777
65778
65779
65780
65781
65782
65783
65784
65785
65786
65787
65788
65789
65790
65791
65792
65793
65794
65795
65796
65797
65798
65799
65800
65801
65802
65803
65804
65805
65806
65807
65808
65809
65810
65811
65812
65813
65814
65815
65816
65817
65818
65819
65820
65821
65822
65823
65824
65825
65826
65827
65828
65829
65830
65831
65832
65833
65834
65835
65836
65837
65838
65839
65840
65841
65842
65843
65844
65845
65846
65847
65848
65849
65851
65852
65853
65854
65855
65856
65857
65858
65859
65860
65861
65862
65863
65864
65865
65866
65867
65868
65869
65870
65871
65872
65873
65874
65875
65876
65877
65878
65879
65880
65881
65882
65883
65884
65885
65886
65887
65888
65889
65890
65891
65892
65893
65894
65895
65896
65897
65898
65899
65900
65901
65902
65903
65904
65905
65906
65907
65908
65909
65910
65911
65912
65913
65914
65915
65916
65917
65918
65919
65920
65921
65922
65923
65924
65925
65926
65927
65928
65929
65930
65931
65932
65933
65934
65935
65936
65937
65938
65939
65940
65941
65942
65943
65944
65945
65946
65947
65948
65949
65951
65952
65953
65954
65955
65956
65957
65958
65959
65960
65961
65962
65963
65964
65965
65966
65967
65968
65969
65970
65971
65972
65973
65974
65975
65976
65977
65978
65979
65980
65981
65982
65983
65984
65985
65986
65987
65988
65989
65990
65991
65992
65993
65994
65995
65996
65997
65998
65999
66000
66001
66002
66003
66004
66005
66006
66007
66008
66009
66010
66011
66012
66013
66014
66015
66016
66017
66018
66019
66020
66021
66022
66023
66024
66025
66026
66027
66028
66029
66030
66031
66032
66033
66034
66035
66036
66037
66038
66039
66040
66041
66042
66043
66044
66045
66046
66047
66048
66049
66051
66052
66053
66054
66055
66056
66057
66058
66059
66060
66061
66062
66063
66064
66065
66066
66067
66068
66069
66070
66071
66072
66073
66074
66075
66076
66077
66078
66079
66080
66081
66082
66083
66084
66085
66086
66087
66088
66089
66090
66091
66092
66093
66094
66095
66096
66097
66098
66099
66100
66101
66102
66103
66104
66105
66106
66107
66108
66109
66110
66111
66112
66113
66114
66115
66116
66117
66118
66119
66120
66121
66122
66123
66124
66125
66126
66127
66128
66129
66130
66131
66132
66133
66134
66135
66136
66137
66138
66139
66140
66141
66142
66143
66144
66145
66146
66147
66148
66149
66151
66152
66153
66154
66155
66156
66157
66158
66159
66160
66161
66162
66163
66164
66165
66166
66167
66168
66169
66170
66171
66172
66173
66174
66175
66176
66177
66178
66179
66180
66181
66182
66183
66184
66185
66186
66187
66188
66189
66190
66191
66192
66193
66194
66195
66196
66197
66198
66199
66200
66201
66202
66203
66204
66205
66206
66207
66208
66209
66210
66211
66212
66213
66214
66215
66216
66217
66218
66219
66220
66221
66222
66223
66224
66225
66226
66227
66228
66229
66230
66231
66232
66233
66234
66235
66236
66237
66238
66239
66240
66241
66242
66243
66244
66245
66246
66247
66248
66249
66251
66252
66253
66254
66255
66256
66257
66258
66259
66260
66261
66262
66263
66264
66265
66266
66267
66268
66269
66270
66271
66272
66273
66274
66275
66276
66277
66278
66279
66280
66281
66282
66283
66284
66285
66286
66287
66288
66289
66290
66291
66292
66293
66294
66295
66296
66297
66298
66299
66300
66301
66302
66303
66304
66305
66306
66307
66308
66309
66310
66311
66312
66313
66314
66315
66316
66317
66318
66319
66320
66321
66322
66323
66324
66325
66326
66327
66328
66329
66330
66331
66332
66333
66334
66335
66336
66337
66338
66339
66340
66341
66342
66343
66344
66345
66346
66347
66348
66349
66351
66352
66353
66354
66355
66356
66357
66358
66359
66360
66361
66362
66363
66364
66365
66366
66367
66368
66369
66370
66371
66372
66373
66374
66375
66376
66377
66378
66379
66380
66381
66382
66383
66384
66385
66386
66387
66388
66389
66390
66391
66392
66393
66394
66395
66396
66397
66398
66399
66400
66401
66402
66403
66404
66405
66406
66407
66408
66409
66410
66411
66412
66413
66414
66415
66416
66417
66418
66419
66420
66421
66422
66423
66424
66425
66426
66427
66428
66429
66430
66431
66432
66433
66434
66435
66436
66437
66438
66439
66440
66441
66442
66443
66444
66445
66446
66447
66448
66449
66451
66452
66453
66454
66455
66456
66457
66458
66459
66460
66461
66462
66463
66464
66465
66466
66467
66468
66469
66470
66471
66472
66473
66474
66475
66476
66477
66478
66479
66480
66481
66482
66483
66484
66485
66486
66487
66488
66489
66490
66491
66492
66493
66494
66495
66496
66497
66498
66499
66500
66501
66502
66503
66504
66505
66506
66507
66508
66509
66510
66511
66512
66513
66514
66515
66516
66517
66518
66519
66520
66521
66522
66523
66524
66525
66526
66527
66528
66529
66530
66531
66532
66533
66534
66535
66536
66537
66538
66539
66540
66541
66542
66543
66544
66545
66546
66547
66548
66549
66551
66552
66553
66554
66555
66556
66557
66558
66559
66560
66561
66562
66563
66564
66565
66566
66567
66568
66569
66570
66571
66572
66573
66574
66575
66576
66577
66578
66579
66580
66581
66582
66583
66584
66585
66586
66587
66588
66589
66590
66591
66592
66593
66594
66595
66596
66597
66598
66599
66600
66601
66602
66603
66604
66605
66606
66607
66608
66609
66610
66611
66612
66613
66614
66615
66616
66617
66618
66619
66620
66621
66622
66623
66624
66625
66626
66627
66628
66629
66630
66631
66632
66633
66634
66635
66636
66637
66638
66639
66640
66641
66642
66643
66644
66645
66646
66647
66648
66649
66651
66652
66653
66654
66655
66656
66657
66658
66659
66660
66661
66662
66663
66664
66665
66666
66667
66668
66669
66670
66671
66672
66673
66674
66675
66676
66677
66678
66679
66680
66681
66682
66683
66684
66685
66686
66687
66688
66689
66690
66691
66692
66693
66694
66695
66696
66697
66698
66699
66700
66701
66702
66703
66704
66705
66706
66707
66708
66709
66710
66711
66712
66713
66714
66715
66716
66717
66718
66719
66720
66721
66722
66723
66724
66725
66726
66727
66728
66729
66730
66731
66732
66733
66734
66735
66736
66737
66738
66739
66740
66741
66742
66743
66744
66745
66746
66747
66748
66749
66751
66752
66753
66754
66755
66756
66757
66758
66759
66760
66761
66762
66763
66764
66765
66766
66767
66768
66769
66770
66771
66772
66773
66774
66775
66776
66777
66778
66779
66780
66781
66782
66783
66784
66785
66786
66787
66788
66789
66790
66791
66792
66793
66794
66795
66796
66797
66798
66799
66800
66801
66802
66803
66804
66805
66806
66807
66808
66809
66810
66811
66812
66813
66814
66815
66816
66817
66818
66819
66820
66821
66822
66823
66824
66825
66826
66827
66828
66829
66830
66831
66832
66833
66834
66835
66836
66837
66838
66839
66840
66841
66842
66843
66844
66845
66846
66847
66848
66849
66851
66852
66853
66854
66855
66856
66857
66858
66859
66860
66861
66862
66863
66864
66865
66866
66867
66868
66869
66870
66871
66872
66873
66874
66875
66876
66877
66878
66879
66880
66881
66882
66883
66884
66885
66886
66887
66888
66889
66890
66891
66892
66893
66894
66895
66896
66897
66898
66899
66900
66901
66902
66903
66904
66905
66906
66907
66908
66909
66910
66911
66912
66913
66914
66915
66916
66917
66918
66919
66920
66921
66922
66923
66924
66925
66926
66927
66928
66929
66930
66931
66932
66933
66934
66935
66936
66937
66938
66939
66940
66941
66942
66943
66944
66945
66946
66947
66948
66949
66951
66952
66953
66954
66955
66956
66957
66958
66959
66960
66961
66962
66963
66964
66965
66966
66967
66968
66969
66970
66971
66972
66973
66974
66975
66976
66977
66978
66979
66980
66981
66982
66983
66984
66985
66986
66987
66988
66989
66990
66991
66992
66993
66994
66995
66996
66997
66998
66999
67000
67001
67002
67003
67004
67005
67006
67007
67008
67009
67010
67011
67012
67013
67014
67015
67016
67017
67018
67019
67020
67021
67022
67023
67024
67025
67026
67027
67028
67029
67030
67031
67032
67033
67034
67035
67036
67037
67038
67039
67040
67041
67042
67043
67044
67045
67046
67047
67048
67049
67051
67052
67053
67054
67055
67056
67057
67058
67059
67060
67061
67062
67063
67064
67065
67066
67067
67068
67069
67070
67071
67072
67073
67074
67075
67076
67077
67078
67079
67080
67081
67082
67083
67084
67085
67086
67087
67088
67089
67090
67091
67092
67093
67094
67095
67096
67097
67098
67099
67100
67101
67102
67103
67104
67105
67106
67107
67108
67109
67110
67111
67112
67113
67114
67115
67116
67117
67118
67119
67120
67121
67122
67123
67124
67125
67126
67127
67128
67129
67130
67131
67132
67133
67134
67135
67136
67137
67138
67139
67140
67141
67142
67143
67144
67145
67146
67147
67148
67149
67151
67152
67153
67154
67155
67156
67157
67158
67159
67160
67161
67162
67163
67164
67165
67166
67167
67168
67169
67170
67171
67172
67173
67174
67175
67176
67177
67178
67179
67180
67181
67182
67183
67184
67185
67186
67187
67188
67189
67190
67191
67192
67193
67194
67195
67196
67197
67198
67199
67200
67201
67202
67203
67204
67205
67206
67207
67208
67209
67210
67211
67212
67213
67214
67215
67216
67217
67218
67219
67220
67221
67222
67223
67224
67225
67226
67227
67228
67229
67230
67231
67232
67233
67234
67235
67236
67237
67238
67239
67240
67241
67242
67243
67244
67245
67246
67247
67248
67249
67251
67252
67253
67254
67255
67256
67257
67258
67259
67260
67261
67262
67263
67264
67265
67266
67267
67268
67269
67270
67271
67272
67273
67274
67275
67276
67277
67278
67279
67280
67281
67282
67283
67284
67285
67286
67287
67288
67289
67290
67291
67292
67293
67294
67295
67296
67297
67298
67299
67300
67301
67302
67303
67304
67305
67306
67307
67308
67309
67310
67311
67312
67313
67314
67315
67316
67317
67318
67319
67320
67321
67322
67323
67324
67325
67326
67327
67328
67329
67330
67331
67332
67333
67334
67335
67336
67337
67338
67339
67340
67341
67342
67343
67344
67345
67346
67347
67348
67349
67351
67352
67353
67354
67355
67356
67357
67358
67359
67360
67361
67362
67363
67364
67365
67366
67367
67368
67369
67370
67371
67372
67373
67374
67375
67376
67377
67378
67379
67380
67381
67382
67383
67384
67385
67386
67387
67388
67389
67390
67391
67392
67393
67394
67395
67396
67397
67398
67399
67400
67401
67402
67403
67404
67405
67406
67407
67408
67409
67410
67411
67412
67413
67414
67415
67416
67417
67418
67419
67420
67421
67422
67423
67424
67425
67426
67427
67428
67429
67430
67431
67432
67433
67434
67435
67436
67437
67438
67439
67440
67441
67442
67443
67444
67445
67446
67447
67448
67449
67451
67452
67453
67454
67455
67456
67457
67458
67459
67460
67461
67462
67463
67464
67465
67466
67467
67468
67469
67470
67471
67472
67473
67474
67475
67476
67477
67478
67479
67480
67481
67482
67483
67484
67485
67486
67487
67488
67489
67490
67491
67492
67493
67494
67495
67496
67497
67498
67499
67500
67501
67502
67503
67504
67505
67506
67507
67508
67509
67510
67511
67512
67513
67514
67515
67516
67517
67518
67519
67520
67521
67522
67523
67524
67525
67526
67527
67528
67529
67530
67531
67532
67533
67534
67535
67536
67537
67538
67539
67540
67541
67542
67543
67544
67545
67546
67547
67548
67549
67551
67552
67553
67554
67555
67556
67557
67558
67559
67560
67561
67562
67563
67564
67565
67566
67567
67568
67569
67570
67571
67572
67573
67574
67575
67576
67577
67578
67579
67580
67581
67582
67583
67584
67585
67586
67587
67588
67589
67590
67591
67592
67593
67594
67595
67596
67597
67598
67599
67600
67601
67602
67603
67604
67605
67606
67607
67608
67609
67610
67611
67612
67613
67614
67615
67616
67617
67618
67619
67620
67621
67622
67623
67624
67625
67626
67627
67628
67629
67630
67631
67632
67633
67634
67635
67636
67637
67638
67639
67640
67641
67642
67643
67644
67645
67646
67647
67648
67649
67651
67652
67653
67654
67655
67656
67657
67658
67659
67660
67661
67662
67663
67664
67665
67666
67667
67668
67669
67670
67671
67672
67673
67674
67675
67676
67677
67678
67679
67680
67681
67682
67683
67684
67685
67686
67687
67688
67689
67690
67691
67692
67693
67694
67695
67696
67697
67698
67699
67700
67701
67702
67703
67704
67705
67706
67707
67708
67709
67710
67711
67712
67713
67714
67715
67716
67717
67718
67719
67720
67721
67722
67723
67724
67725
67726
67727
67728
67729
67730
67731
67732
67733
67734
67735
67736
67737
67738
67739
67740
67741
67742
67743
67744
67745
67746
67747
67748
67749
67751
67752
67753
67754
67755
67756
67757
67758
67759
67760
67761
67762
67763
67764
67765
67766
67767
67768
67769
67770
67771
67772
67773
67774
67775
67776
67777
67778
67779
67780
67781
67782
67783
67784
67785
67786
67787
67788
67789
67790
67791
67792
67793
67794
67795
67796
67797
67798
67799
67800
67801
67802
67803
67804
67805
67806
67807
67808
67809
67810
67811
67812
67813
67814
67815
67816
67817
67818
67819
67820
67821
67822
67823
67824
67825
67826
67827
67828
67829
67830
67831
67832
67833
67834
67835
67836
67837
67838
67839
67840
67841
67842
67843
67844
67845
67846
67847
67848
67849
67851
67852
67853
67854
67855
67856
67857
67858
67859
67860
67861
67862
67863
67864
67865
67866
67867
67868
67869
67870
67871
67872
67873
67874
67875
67876
67877
67878
67879
67880
67881
67882
67883
67884
67885
67886
67887
67888
67889
67890
67891
67892
67893
67894
67895
67896
67897
67898
67899
67900
67901
67902
67903
67904
67905
67906
67907
67908
67909
67910
67911
67912
67913
67914
67915
67916
67917
67918
67919
67920
67921
67922
67923
67924
67925
67926
67927
67928
67929
67930
67931
67932
67933
67934
67935
67936
67937
67938
67939
67940
67941
67942
67943
67944
67945
67946
67947
67948
67949
67951
67952
67953
67954
67955
67956
67957
67958
67959
67960
67961
67962
67963
67964
67965
67966
67967
67968
67969
67970
67971
67972
67973
67974
67975
67976
67977
67978
67979
67980
67981
67982
67983
67984
67985
67986
67987
67988
67989
67990
67991
67992
67993
67994
67995
67996
67997
67998
67999
68000
68001
68002
68003
68004
68005
68006
68007
68008
68009
68010
68011
68012
68013
68014
68015
68016
68017
68018
68019
68020
68021
68022
68023
68024
68025
68026
68027
68028
68029
68030
68031
68032
68033
68034
68035
68036
68037
68038
68039
68040
68041
68042
68043
68044
68045
68046
68047
68048
68049
68051
68052
68053
68054
68055
68056
68057
68058
68059
68060
68061
68062
68063
68064
68065
68066
68067
68068
68069
68070
68071
68072
68073
68074
68075
68076
68077
68078
68079
68080
68081
68082
68083
68084
68085
68086
68087
68088
68089
68090
68091
68092
68093
68094
68095
68096
68097
68098
68099
68100
68101
68102
68103
68104
68105
68106
68107
68108
68109
68110
68111
68112
68113
68114
68115
68116
68117
68118
68119
68120
68121
68122
68123
68124
68125
68126
68127
68128
68129
68130
68131
68132
68133
68134
68135
68136
68137
68138
68139
68140
68141
68142
68143
68144
68145
68146
68147
68148
68149
68151
68152
68153
68154
68155
68156
68157
68158
68159
68160
68161
68162
68163
68164
68165
68166
68167
68168
68169
68170
68171
68172
68173
68174
68175
68176
68177
68178
68179
68180
68181
68182
68183
68184
68185
68186
68187
68188
68189
68190
68191
68192
68193
68194
68195
68196
68197
68198
68199
68200
68201
68202
68203
68204
68205
68206
68207
68208
68209
68210
68211
68212
68213
68214
68215
68216
68217
68218
68219
68220
68221
68222
68223
68224
68225
68226
68227
68228
68229
68230
68231
68232
68233
68234
68235
68236
68237
68238
68239
68240
68241
68242
68243
68244
68245
68246
68247
68248
68249
68251
68252
68253
68254
68255
68256
68257
68258
68259
68260
68261
68262
68263
68264
68265
68266
68267
68268
68269
68270
68271
68272
68273
68274
68275
68276
68277
68278
68279
68280
68281
68282
68283
68284
68285
68286
68287
68288
68289
68290
68291
68292
68293
68294
68295
68296
68297
68298
68299
68300
68301
68302
68303
68304
68305
68306
68307
68308
68309
68310
68311
68312
68313
68314
68315
68316
68317
68318
68319
68320
68321
68322
68323
68324
68325
68326
68327
68328
68329
68330
68331
68332
68333
68334
68335
68336
68337
68338
68339
68340
68341
68342
68343
68344
68345
68346
68347
68348
68349
68351
68352
68353
68354
68355
68356
68357
68358
68359
68360
68361
68362
68363
68364
68365
68366
68367
68368
68369
68370
68371
68372
68373
68374
68375
68376
68377
68378
68379
68380
68381
68382
68383
68384
68385
68386
68387
68388
68389
68390
68391
68392
68393
68394
68395
68396
68397
68398
68399
68400
68401
68402
68403
68404
68405
68406
68407
68408
68409
68410
68411
68412
68413
68414
68415
68416
68417
68418
68419
68420
68421
68422
68423
68424
68425
68426
68427
68428
68429
68430
68431
68432
68433
68434
68435
68436
68437
68438
68439
68440
68441
68442
68443
68444
68445
68446
68447
68448
68449
68451
68452
68453
68454
68455
68456
68457
68458
68459
68460
68461
68462
68463
68464
68465
68466
68467
68468
68469
68470
68471
68472
68473
68474
68475
68476
68477
68478
68479
68480
68481
68482
68483
68484
68485
68486
68487
68488
68489
68490
68491
68492
68493
68494
68495
68496
68497
68498
68499
68500
68501
68502
68503
68504
68505
68506
68507
68508
68509
68510
68511
68512
68513
68514
68515
68516
68517
68518
68519
68520
68521
68522
68523
68524
68525
68526
68527
68528
68529
68530
68531
68532
68533
68534
68535
68536
68537
68538
68539
68540
68541
68542
68543
68544
68545
68546
68547
68548
68549
68551
68552
68553
68554
68555
68556
68557
68558
68559
68560
68561
68562
68563
68564
68565
68566
68567
68568
68569
68570
68571
68572
68573
68574
68575
68576
68577
68578
68579
68580
68581
68582
68583
68584
68585
68586
68587
68588
68589
68590
68591
68592
68593
68594
68595
68596
68597
68598
68599
68600
68601
68602
68603
68604
68605
68606
68607
68608
68609
68610
68611
68612
68613
68614
68615
68616
68617
68618
68619
68620
68621
68622
68623
68624
68625
68626
68627
68628
68629
68630
68631
68632
68633
68634
68635
68636
68637
68638
68639
68640
68641
68642
68643
68644
68645
68646
68647
68648
68649
68651
68652
68653
68654
68655
68656
68657
68658
68659
68660
68661
68662
68663
68664
68665
68666
68667
68668
68669
68670
68671
68672
68673
68674
68675
68676
68677
68678
68679
68680
68681
68682
68683
68684
68685
68686
68687
68688
68689
68690
68691
68692
68693
68694
68695
68696
68697
68698
68699
68700
68701
68702
68703
68704
68705
68706
68707
68708
68709
68710
68711
68712
68713
68714
68715
68716
68717
68718
68719
68720
68721
68722
68723
68724
68725
68726
68727
68728
68729
68730
68731
68732
68733
68734
68735
68736
68737
68738
68739
68740
68741
68742
68743
68744
68745
68746
68747
68748
68749
68751
68752
68753
68754
68755
68756
68757
68758
68759
68760
68761
68762
68763
68764
68765
68766
68767
68768
68769
68770
68771
68772
68773
68774
68775
68776
68777
68778
68779
68780
68781
68782
68783
68784
68785
68786
68787
68788
68789
68790
68791
68792
68793
68794
68795
68796
68797
68798
68799
68800
68801
68802
68803
68804
68805
68806
68807
68808
68809
68810
68811
68812
68813
68814
68815
68816
68817
68818
68819
68820
68821
68822
68823
68824
68825
68826
68827
68828
68829
68830
68831
68832
68833
68834
68835
68836
68837
68838
68839
68840
68841
68842
68843
68844
68845
68846
68847
68848
68849
68851
68852
68853
68854
68855
68856
68857
68858
68859
68860
68861
68862
68863
68864
68865
68866
68867
68868
68869
68870
68871
68872
68873
68874
68875
68876
68877
68878
68879
68880
68881
68882
68883
68884
68885
68886
68887
68888
68889
68890
68891
68892
68893
68894
68895
68896
68897
68898
68899
68900
68901
68902
68903
68904
68905
68906
68907
68908
68909
68910
68911
68912
68913
68914
68915
68916
68917
68918
68919
68920
68921
68922
68923
68924
68925
68926
68927
68928
68929
68930
68931
68932
68933
68934
68935
68936
68937
68938
68939
68940
68941
68942
68943
68944
68945
68946
68947
68948
68949
68951
68952
68953
68954
68955
68956
68957
68958
68959
68960
68961
68962
68963
68964
68965
68966
68967
68968
68969
68970
68971
68972
68973
68974
68975
68976
68977
68978
68979
68980
68981
68982
68983
68984
68985
68986
68987
68988
68989
68990
68991
68992
68993
68994
68995
68996
68997
68998
68999
69000
69001
69002
69003
69004
69005
69006
69007
69008
69009
69010
69011
69012
69013
69014
69015
69016
69017
69018
69019
69020
69021
69022
69023
69024
69025
69026
69027
69028
69029
69030
69031
69032
69033
69034
69035
69036
69037
69038
69039
69040
69041
69042
69043
69044
69045
69046
69047
69048
69049
69051
69052
69053
69054
69055
69056
69057
69058
69059
69060
69061
69062
69063
69064
69065
69066
69067
69068
69069
69070
69071
69072
69073
69074
69075
69076
69077
69078
69079
69080
69081
69082
69083
69084
69085
69086
69087
69088
69089
69090
69091
69092
69093
69094
69095
69096
69097
69098
69099
69100
69101
69102
69103
69104
69105
69106
69107
69108
69109
69110
69111
69112
69113
69114
69115
69116
69117
69118
69119
69120
69121
69122
69123
69124
69125
69126
69127
69128
69129
69130
69131
69132
69133
69134
69135
69136
69137
69138
69139
69140
69141
69142
69143
69144
69145
69146
69147
69148
69149
69151
69152
69153
69154
69155
69156
69157
69158
69159
69160
69161
69162
69163
69164
69165
69166
69167
69168
69169
69170
69171
69172
69173
69174
69175
69176
69177
69178
69179
69180
69181
69182
69183
69184
69185
69186
69187
69188
69189
69190
69191
69192
69193
69194
69195
69196
69197
69198
69199
69200
69201
69202
69203
69204
69205
69206
69207
69208
69209
69210
69211
69212
69213
69214
69215
69216
69217
69218
69219
69220
69221
69222
69223
69224
69225
69226
69227
69228
69229
69230
69231
69232
69233
69234
69235
69236
69237
69238
69239
69240
69241
69242
69243
69244
69245
69246
69247
69248
69249
69251
69252
69253
69254
69255
69256
69257
69258
69259
69260
69261
69262
69263
69264
69265
69266
69267
69268
69269
69270
69271
69272
69273
69274
69275
69276
69277
69278
69279
69280
69281
69282
69283
69284
69285
69286
69287
69288
69289
69290
69291
69292
69293
69294
69295
69296
69297
69298
69299
69300
69301
69302
69303
69304
69305
69306
69307
69308
69309
69310
69311
69312
69313
69314
69315
69316
69317
69318
69319
69320
69321
69322
69323
69324
69325
69326
69327
69328
69329
69330
69331
69332
69333
69334
69335
69336
69337
69338
69339
69340
69341
69342
69343
69344
69345
69346
69347
69348
69349
69351
69352
69353
69354
69355
69356
69357
69358
69359
69360
69361
69362
69363
69364
69365
69366
69367
69368
69369
69370
69371
69372
69373
69374
69375
69376
69377
69378
69379
69380
69381
69382
69383
69384
69385
69386
69387
69388
69389
69390
69391
69392
69393
69394
69395
69396
69397
69398
69399
69400
69401
69402
69403
69404
69405
69406
69407
69408
69409
69410
69411
69412
69413
69414
69415
69416
69417
69418
69419
69420
69421
69422
69423
69424
69425
69426
69427
69428
69429
69430
69431
69432
69433
69434
69435
69436
69437
69438
69439
69440
69441
69442
69443
69444
69445
69446
69447
69448
69449
69451
69452
69453
69454
69455
69456
69457
69458
69459
69460
69461
69462
69463
69464
69465
69466
69467
69468
69469
69470
69471
69472
69473
69474
69475
69476
69477
69478
69479
69480
69481
69482
69483
69484
69485
69486
69487
69488
69489
69490
69491
69492
69493
69494
69495
69496
69497
69498
69499
69500
69501
69502
69503
69504
69505
69506
69507
69508
69509
69510
69511
69512
69513
69514
69515
69516
69517
69518
69519
69520
69521
69522
69523
69524
69525
69526
69527
69528
69529
69530
69531
69532
69533
69534
69535
69536
69537
69538
69539
69540
69541
69542
69543
69544
69545
69546
69547
69548
69549
69551
69552
69553
69554
69555
69556
69557
69558
69559
69560
69561
69562
69563
69564
69565
69566
69567
69568
69569
69570
69571
69572
69573
69574
69575
69576
69577
69578
69579
69580
69581
69582
69583
69584
69585
69586
69587
69588
69589
69590
69591
69592
69593
69594
69595
69596
69597
69598
69599
69600
69601
69602
69603
69604
69605
69606
69607
69608
69609
69610
69611
69612
69613
69614
69615
69616
69617
69618
69619
69620
69621
69622
69623
69624
69625
69626
69627
69628
69629
69630
69631
69632
69633
69634
69635
69636
69637
69638
69639
69640
69641
69642
69643
69644
69645
69646
69647
69648
69649
69651
69652
69653
69654
69655
69656
69657
69658
69659
69660
69661
69662
69663
69664
69665
69666
69667
69668
69669
69670
69671
69672
69673
69674
69675
69676
69677
69678
69679
69680
69681
69682
69683
69684
69685
69686
69687
69688
69689
69690
69691
69692
69693
69694
69695
69696
69697
69698
69699
69700
69701
69702
69703
69704
69705
69706
69707
69708
69709
69710
69711
69712
69713
69714
69715
69716
69717
69718
69719
69720
69721
69722
69723
69724
69725
69726
69727
69728
69729
69730
69731
69732
69733
69734
69735
69736
69737
69738
69739
69740
69741
69742
69743
69744
69745
69746
69747
69748
69749
69751
69753
69755
69757
69759
69761
69763
69765
69767
69769
69771
69773
69775
69777
69779
69781
69783
69785
69787
69789
69791
69793
69795
69797
69799
69801
69803
69805
69807
69809
69811
69813
69815
69817
69819
69821
69823
69825
69827
69829
69831
69833
69835
69837
69839
69841
69843
69845
69847
206851
206852
206853
206854
206855
206856
206857
206858
206859
206860
206861
206862
206863
206864
206865
206866
206867
206868
206869
206870
206871
206872
206873
206874
206875
206876
206877
206878
206879
206880
206881
206882
206883
206884
206885
206886
206887
206888
206889
206890
206891
206892
206893
206894
206895
206896
206897
206898
206899
206900
206901
206902
206903
206904
206905
206906
206907
206908
206909
206910
206911
206912
206913
206914
206915
206916
206917
206918
206919
206920
206921
206922
206923
206924
206925
206926
206927
206928
206929
206930
206931
206932
206933
206934
206935
206936
206937
206938
206939
206940
206941
206942
206943
206944
206945
206946
206947
206948
206949
206950
206951
206952
206953
206954
206955
206956
206957
206958
206959
206960
206961
206962
206963
206964
206965
206966
206967
206968
206969
206970
206971
206972
206973
206974
206975
206976
206977
206978
206979
206980
206981
206982
206983
206984
206985
206986
206987
206988
206989
206990
206991
206992
206993
206994
206995
206996
206997
206998
206999
207000
207001
207002
207003
207004
207005
207006
207007
207008
207009
207010
207011
207012
207013
207014
207015
207016
207017
207018
207019
207020
207021
207022
207023
207024
207025
207026
207027
207028
207029
207030
207031
207032
207033
207034
207035
207036
207037
207038
207039
207040
207041
207042
207043
207044
207045
207046
207047
207048
207049
207050
207051
207052
207053
207054
207055
207056
207057
207058
207059
207060
207061
207062
207063
207064
207065
207066
207067
207068
207069
207070
207071
207072
207073
207074
207075
207076
207077
207078
207079
207080
207081
207082
207083
207084
207085
207086
207087
207088
207089
207090
207091
207092
207093
207094
207095
207096
207097
207098
207099
207100
207101
207102
207103
207104
207105
207106
207107
207108
207109
207110
207111
207112
207113
207114
207115
207116
207117
207118
207119
207120
207121
207122
207123
207124
207125
207126
207127
207128
207129
207130
207131
207132
207133
207134
207135
207136
207137
207138
207139
207140
207141
207142
207143
207144
207145
207146
207147
207148
207149
207150
207151
207152
207153
207154
207155
207156
207157
207158
207159
207160
207161
207162
207163
207164
207165
207166
207167
207168
207169
207170
207171
207172
207173
207174
207175
207176
207177
207178
207179
207180
207181
207182
207183
207184
207185
207186
207187
207188
207189
207190
207191
207192
207193
207194
207195
207196
207197
207198
207199
207200
207201
207202
207203
207204
207205
207206
207207
207208
207209
207210
207211
207212
207213
207214
207215
207216
207217
207218
207219
207220
207221
207222
207223
207224
207225
207226
207227
207228
207229
207230
207231
207232
207233
207234
207235
207236
207237
207238
207239
207240
207241
207242
207243
207244
207245
207246
207247
207248
207249
207250
207251
207252
207253
207254
207255
207256
207257
207258
207259
207260
207261
207262
207263
207264
207265
207266
207267
207268
207269
207270
207271
207272
207273
207274
207275
207276
207277
207278
207279
207280
207281
207282
207283
207284
207285
207286
207287
207288
207289
207290
207291
207292
207293
207294
207295
207296
207297
207298
207299
207300
207301
207302
207303
207304
207305
207306
207307
207308
207309
207310
207311
207312
207313
207314
207315
207316
207317
207318
207319
207320
207321
207322
207323
207324
207325
207326
207327
207328
207329
207330
207331
207332
207333
207334
207335
207336
207337
207338
207339
207340
207341
207342
207343
207344
207345
207346
207347
207348
207349
207350
207351
207352
207353
207354
207355
207356
207357
207358
207359
207360
207361
207362
207363
207364
207365
207366
207367
207368
207369
207370
207371
207372
207373
207374
207375
207376
207377
207378
207379
207380
207381
207382
207383
207384
207385
207386
207387
207388
207389
207390
207391
207392
207393
207394
207395
207396
207397
207398
207399
207400
207401
207402
207403
207404
207405
207406
207407
207408
207409
207410
207411
207412
207413
207414
207415
207416
207417
207418
207419
207420
207421
207422
207423
207424
207425
207426
207427
207428
207429
207430
207431
207432
207433
207434
207435
207436
207437
207438
207439
207440
207441
207442
207443
207444
207445
207446
207447
207448
207449
207450
207451
207452
207453
207454
207455
207456
207457
207458
207459
207460
207461
207462
207463
207464
207465
207466
207467
207468
207469
207470
207471
207472
207473
207474
207475
207476
207477
207478
207479
207480
207481
207482
207483
207484
207485
207486
207487
207488
207489
207490
207491
207492
207493
207494
207495
207496
207497
207498
207499
207500
207501
207502
207503
207504
207505
207506
207507
207508
207509
207510
207511
207512
207513
207514
207515
207516
207517
207518
207519
207520
207521
207522
207523
207524
207525
207526
207527
207528
207529
207530
207531
207532
207533
207534
207535
207536
207537
207538
207539
207540
207541
207542
207543
207544
207545
207546
207547
207548
207549
207550
207551
207552
207553
207554
207555
207556
207557
207558
207559
207560
207561
207562
207563
207564
207565
207566
207567
207568
207569
207570
207571
207572
207573
207574
207575
207576
207577
207578
207579
207580
207581
207582
207583
207584
207585
207586
207587
207588
207589
207590
207591
207592
207593
207594
207595
207596
207597
207598
207599
207600
207601
207602
207603
207604
207605
207606
207607
207608
207609
207610
207611
207612
207613
207614
207615
207616
207617
207618
207619
207620
207621
207622
207623
207624
207625
207626
207627
207628
207629
207630
207631
207632
207633
207634
207635
207636
207637
207638
207639
207640
207641
207642
207643
207644
207645
207646
207647
207648
207649
207650
207651
207652
207653
207654
207655
207656
207657
207658
207659
207660
207661
207662
207663
207664
207665
207666
207667
207668
207669
207670
207671
207672
207673
207674
207675
207676
207677
207678
207679
207680
207681
207682
207683
207684
207685
207686
207687
207688
207689
207690
207691
207692
207693
207694
207695
207696
207697
207698
207699
207700
207701
207702
207703
207704
207705
207706
207707
207708
207709
207710
207711
207712
207713
207714
207715
207716
207717
207718
207719
207720
207721
207722
207723
207724
207725
207726
207727
207728
207729
207730
207731
207732
207733
207734
207735
207736
207737
207738
207739
207740
207741
207742
207743
207744
207745
207746
207747
207748
207749
207750
207751
207752
207753
207754
207755
207756
207757
207758
207759
207760
207761
207762
207763
207764
207765
207766
207767
207768
207769
207770
207771
207772
207773
207774
207775
207776
207777
207778
207779
207780
207781
207782
207783
207784
207785
207786
207787
207788
207789
207790
207791
207792
207793
207794
207795
207796
207797
207798
207799
207800
207801
207802
207803
207804
207805
207806
207807
207808
207809
207810
207811
207812
207813
207814
207815
207816
207817
207818
207819
207820
207821
207822
207823
207824
207825
207826
207827
207828
207829
207830
207831
207832
207833
207834
207835
207836
207837
207838
207839
207840
207841
207842
207843
207844
207845
207846
207847
207848
207849
207850
207851
207852
207853
207854
207855
207856
207857
207858
207859
207860
207861
207862
207863
207864
207865
207866
207867
207868
207869
207870
207871
207872
207873
207874
207875
207876
207877
207878
207879
207880
207881
207882
207883
207884
207885
207886
207887
207888
207889
207890
207891
207892
207893
207894
207895
207896
207897
207898
207899
207900
207901
207902
207903
207904
207905
207906
207907
207908
207909
207910
207911
207912
207913
207914
207915
207916
207917
207918
207919
207920
207921
207922
207923
207924
207925
207926
207927
207928
207929
207930
207931
207932
207933
207934
207935
207936
207937
207938
207939
207940
207941
207942
207943
207944
207945
207946
207947
207948
207949
207950
207951
207952
207953
207954
207955
207956
207957
207958
207959
207960
207961
207962
207963
207964
207965
207966
207967
207968
207969
207970
207971
207972
207973
207974
207975
207976
207977
207978
207979
207980
207981
207982
207983
207984
207985
207986
207987
207988
207989
207990
207991
207992
207993
207994
207995
207996
207997
207998
207999
208000
208001
208002
208003
208004
208005
208006
208007
208008
208009
208010
208011
208012
208013
208014
208015
208016
208017
208018
208019
208020
208021
208022
208023
208024
208025
208026
208027
208028
208029
208030
208031
208032
208033
208034
208035
208036
208037
208038
208039
208040
208041
208042
208043
208044
208045
208046
208047
208048
208049
208050
208051
208052
208053
208054
208055
208056
208057
208058
208059
208060
208061
208062
208063
208064
208065
208066
208067
208068
208069
208070
208071
208072
208073
208074
208075
208076
208077
208078
208079
208080
208081
208082
208083
208084
208085
208086
208087
208088
208089
208090
208091
208092
208093
208094
208095
208096
208097
208098
208099
208100
208101
208102
208103
208104
208105
208106
208107
208108
208109
208110
208111
208112
208113
208114
208115
208116
208117
208118
208119
208120
208121
208122
208123
208124
208125
208126
208127
208128
208129
208130
208131
208132
208133
208134
208135
208136
208137
208138
208139
208140
208141
208142
208143
208144
208145
208146
208147
208148
208149
208150
208151
208152
208153
208154
208155
208156
208157
208158
208159
208160
208161
208162
208163
208164
208165
208166
208167
208168
208169
208170
208171
208172
208173
208174
208175
208176
208177
208178
208179
208180
208181
208182
208183
208184
208185
208186
208187
208188
208189
208190
208191
208192
208193
208194
208195
208196
208197
208198
208199
208200
208201
208202
208203
208204
208205
208206
208207
208208
208209
208210
208211
208212
208213
208214
208215
208216
208217
208218
208219
208220
208221
208222
208223
208224
208225
208226
208227
208228
208229
208230
208231
208232
208233
208234
208235
208236
208237
208238
208239
208240
208241
208242
208243
208244
208245
208246
208247
208248
208249
208250
208251
208252
208253
208254
208255
208256
208257
208258
208259
208260
208261
208262
208263
208264
208265
208266
208267
208268
208269
208270
208271
208272
208273
208274
208275
208276
208277
208278
208279
208280
208281
208282
208283
208284
208285
208286
208287
208288
208289
208290
208291
208292
208293
208294
208295
208296
208297
208298
208299
208300
208301
208302
208303
208304
208305
208306
208307
208308
208309
208310
208311
208312
208313
208314
208315
208316
208317
208318
208319
208320
208321
208322
208323
208324
208325
208326
208327
208328
208329
208330
208331
208332
208333
208334
208335
208336
208337
208338
208339
208340
208341
208342
208343
208344
208345
208346
208347
208348
208349
208350
208351
208352
208353
208354
208355
208356
208357
208358
208359
208360
208361
208362
208363
208364
208365
208366
208367
208368
208369
208370
208371
208372
208373
208374
208375
208376
208377
208378
208379
208380
208381
208382
208383
208384
208385
208386
208387
208388
208389
208390
208391
208392
208393
208394
208395
208396
208397
208398
208399
208400
208401
208402
208403
208404
208405
208406
208407
208408
208409
208410
208411
208412
208413
208414
208415
208416
208417
208418
208419
208420
208421
208422
208423
208424
208425
208426
208427
208428
208429
208430
208431
208432
208433
208434
208435
208436
208437
208438
208439
208440
208441
208442
208443
208444
208445
208446
208447
208448
208449
208450
208451
208452
208453
208454
208455
208456
208457
208458
208459
208460
208461
208462
208463
208464
208465
208466
208467
208468
208469
208470
208471
208472
208473
208474
208475
208476
208477
208478
208479
208480
208481
208482
208483
208484
208485
208486
208487
208488
208489
208490
208491
208492
208493
208494
208495
208496
208497
208498
208499
208500
208501
208502
208503
208504
208505
208506
208507
208508
208509
208510
208511
208512
208513
208514
208515
208516
208517
208518
208519
208520
208521
208522
208523
208524
208525
208526
208527
208528
208529
208530
208531
208532
208533
208534
208535
208536
208537
208538
208539
208540
208541
208542
208543
208544
208545
208546
208547
208548
208549
208550
208551
208552
208553
208554
208555
208556
208557
208558
208559
208560
208561
208562
208563
208564
208565
208566
208567
208568
208569
208570
208571
208572
208573
208574
208575
208576
208577
208578
208579
208580
208581
208582
208583
208584
208585
208586
208587
208588
208589
208590
208591
208592
208593
208594
208595
208596
208597
208598
208599
208600
208601
208602
208603
208604
208605
208606
208607
208608
208609
208610
208611
208612
208613
208614
208615
208616
208617
208618
208619
208620
208621
208622
208623
208624
208625
208626
208627
208628
208629
208630
208631
208632
208633
208634
208635
208636
208637
208638
208639
208640
208641
208642
208643
208644
208645
208646
208647
208648
208649
208650
208651
208652
208653
208654
208655
208656
208657
208658
208659
208660
208661
208662
208663
208664
208665
208666
208667
208668
208669
208670
208671
208672
208673
208674
208675
208676
208677
208678
208679
208680
208681
208682
208683
208684
208685
208686
208687
208688
208689
208690
208691
208692
208693
208694
208695
208696
208697
208698
208699
208700
208701
208702
208703
208704
208705
208706
208707
208708
208709
208710
208711
208712
208713
208714
208715
208716
208717
208718
208719
208720
208721
208722
208723
208724
208725
208726
208727
208728
208729
208730
208731
208732
208733
208734
208735
208736
208737
208738
208739
208740
208741
208742
208743
208744
208745
208746
208747
208748
208749
208750
208751
208752
208753
208754
208755
208756
208757
208758
208759
208760
208761
208762
208763
208764
208765
208766
208767
208768
208769
208770
208771
208772
208773
208774
208775
208776
208777
208778
208779
208780
208781
208782
208783
208784
208785
208786
208787
208788
208789
208790
208791
208792
208793
208794
208795
208796
208797
208798
208799
208800
208801
208802
208803
208804
208805
208806
208807
208808
208809
208810
208811
208812
208813
208814
208815
208816
208817
208818
208819
208820
208821
208822
208823
208824
208825
208826
208827
208828
208829
208830
208831
208832
208833
208834
208835
208836
208837
208838
208839
208840
208841
208842
208843
208844
208845
208846
208847
208848
208849
208850
208851
208852
208853
208854
208855
208856
208857
208858
208859
208860
208861
208862
208863
208864
208865
208866
208867
208868
208869
208870
208871
208872
208873
208874
208875
208876
208877
208878
208879
208880
208881
208882
208883
208884
208885
208886
208887
208888
208889
208890
208891
208892
208893
208894
208895
208896
208897
208898
208899
208900
208901
208902
208903
208904
208905
208906
208907
208908
208909
208910
208911
208912
208913
208914
208915
208916
208917
208918
208919
208920
208921
208922
208923
208924
208925
208926
208927
208928
208929
208930
208931
208932
208933
208934
208935
208936
208937
208938
208939
208940
208941
208942
208943
208944
208945
208946
208947
208948
208949
208950
208951
208952
208953
208954
208955
208956
208957
208958
208959
208960
208961
208962
208963
208964
208965
208966
208967
208968
208969
208970
208971
208972
208973
208974
208975
208976
208977
208978
208979
208980
208981
208982
208983
208984
208985
208986
208987
208988
208989
208990
208991
208992
208993
208994
208995
208996
208997
208998
208999
209000
209001
209002
209003
209004
209005
209006
209007
209008
209009
209010
209011
209012
209013
209014
209015
209016
209017
209018
209019
209020
209021
209022
209023
209024
209025
209026
209027
209028
209029
209030
209031
209032
209033
209034
209035
209036
209037
209038
209039
209040
209041
209042
209043
209044
209045
209046
209047
209048
209049
209050
209051
209052
209053
209054
209055
209056
209057
209058
209059
209060
209061
209062
209063
209064
209065
209066
209067
209068
209069
209070
209071
209072
209073
209074
209075
209076
209077
209078
209079
209080
209081
209082
209083
209084
209085
209086
209087
209088
209089
209090
209091
209092
209093
209094
209095
209096
209097
209098
209099
209100
209101
209102
209103
209104
209105
209106
209107
209108
209109
209110
209111
209112
209113
209114
209115
209116
209117
209118
209119
209120
209121
209122
209123
209124
209125
209126
209127
209128
209129
209130
209131
209132
209133
209134
209135
209136
209137
209138
209139
209140
209141
209142
209143
209144
209145
209146
209147
209148
209149
209150
209151
209152
209153
209154
209155
209156
209157
209158
209159
209160
209161
209162
209163
209164
209165
209166
209167
209168
209169
209170
209171
209172
209173
209174
209175
209176
209177
209178
209179
209180
209181
209182
209183
209184
209185
209186
209187
209188
209189
209190
209191
209192
209193
209194
209195
209196
209197
209198
209199
209200
209201
209202
209203
209204
209205
209206
209207
209208
209209
209210
209211
209212
209213
209214
209215
209216
209217
209218
209219
209220
209221
209222
209223
209224
209225
209226
209227
209228
209229
209230
209231
209232
209233
209234
209235
209236
209237
209238
209239
209240
209241
209242
209243
209244
209245
209246
209247
209248
209249
209250
209251
209252
209253
209254
209255
209256
209257
209258
209259
209260
209261
209262
209263
209264
209265
209266
209267
209268
209269
209270
209271
209272
209273
209274
209275
209276
209277
209278
209279
209280
209281
209282
209283
209284
209285
209286
209287
209288
209289
209290
209291
209292
209293
209294
209295
209296
209297
209298
209299
209300
209301
209302
209303
209304
209305
209306
209307
209308
209309
209310
209311
209312
209313
209314
209315
209316
209317
209318
209319
209320
209321
209322
209323
209324
209325
209326
209327
209328
209329
209330
209331
209332
209333
209334
209335
209336
209337
209338
209339
209340
209341
209342
209343
209344
209345
209346
209347
209348
209349
209350
294351
294352
294353
294354
294355
294356
294357
294358
294359
294360
294361
294362
294363
294364
294365
294366
294367
294368
294369
294370
294371
294372
294373
294374
294375
294376
294377
294378
294379
294380
294381
294382
294383
294384
294385
294386
294387
294388
294389
294390
294391
294392
294393
294394
294395
294396
294397
294398
294399
294400
294401
294402
294403
294404
294405
294406
294407
294408
294409
294410
294411
294412
294413
294414
294415
294416
294417
294418
294419
294420
294421
294422
294423
294424
294425
294426
294427
294428
294429
294430
294431
294432
294433
294434
294435
294436
294437
294438
294439
294440
294441
294442
294443
294444
294445
294446
294447
294448
294449
294450
294451
294452
294453
294454
294455
294456
294457
294458
294459
294460
294461
294462
294463
294464
294465
294466
294467
294468
294469
294470
294471
294472
294473
294474
294475
294476
294477
294478
294479
294480
294481
294482
294483
294484
294485
294486
294487
294488
294489
294490
294491
294492
294493
294494
294495
294496
294497
294498
294499
294500
294501
294502
294503
294504
294505
294506
294507
294508
294509
294510
294511
294512
294513
294514
294515
294516
294517
294518
294519
294520
294521
294522
294523
294524
294525
294526
294527
294528
294529
294530
294531
294532
294533
294534
294535
294536
294537
294538
294539
294540
294541
294542
294543
294544
294545
294546
294547
294548
294549
294550
294551
294552
294553
294554
294555
294556
294557
294558
294559
294560
294561
294562
294563
294564
294565
294566
294567
294568
294569
294570
294571
294572
294573
294574
294575
294576
294577
294578
294579
294580
294581
294582
294583
294584
294585
294586
294587
294588
294589
294590
294591
294592
294593
294594
294595
294596
294597
294598
294599
294600
294601
294602
294603
294604
294605
294606
294607
294608
294609
294610
294611
294612
294613
294614
294615
294616
294617
294618
294619
294620
294621
294622
294623
294624
294625
294626
294627
294628
294629
294630
294631
294632
294633
294634
294635
294636
294637
294638
294639
294640
294641
294642
294643
294644
294645
294646
294647
294648
294649
294650
294651
294652
294653
294654
294655
294656
294657
294658
294659
294660
294661
294662
294663
294664
294665
294666
294667
294668
294669
294670
294671
294672
294673
294674
294675
294676
294677
294678
294679
294680
294681
294682
294683
294684
294685
294686
294687
294688
294689
294690
294691
294692
294693
294694
294695
294696
294697
294698
294699
294700
294701
294702
294703
294704
294705
294706
294707
294708
294709
294710
294711
294712
294713
294714
294715
294716
294717
294718
294719
294720
294721
294722
294723
294724
294725
294726
294727
294728
294729
294730
294731
294732
294733
294734
294735
294736
294737
294738
294739
294740
294741
294742
294743
294744
294745
294746
294747
294748
294749
294750
294751
294752
294753
294754
294755
294756
294757
294758
294759
294760
294761
294762
294763
294764
294765
294766
294767
294768
294769
294770
294771
294772
294773
294774
294775
294776
294777
294778
294779
294780
294781
294782
294783
294784
294785
294786
294787
294788
294789
294790
294791
294792
294793
294794
294795
294796
294797
294798
294799
294800
294801
294802
294803
294804
294805
294806
294807
294808
294809
294810
294811
294812
294813
294814
294815
294816
294817
294818
294819
294820
294821
294822
294823
294824
294825
294826
294827
294828
294829
294830
294831
294832
294833
294834
294835
294836
294837
294838
294839
294840
294841
294842
294843
294844
294845
294846
294847
294848
294849
294850
294851
294852
294853
294854
294855
294856
294857
294858
294859
294860
294861
294862
294863
294864
294865
294866
294867
294868
294869
294870
294871
294872
294873
294874
294875
294876
294877
294878
294879
294880
294881
294882
294883
294884
294885
294886
294887
294888
294889
294890
294891
294892
294893
294894
294895
294896
294897
294898
294899
294900
294901
294902
294903
294904
294905
294906
294907
294908
294909
294910
294911
294912
294913
294914
294915
294916
294917
294918
294919
294920
294921
294922
294923
294924
294925
294926
294927
294928
294929
294930
294931
294932
294933
294934
294935
294936
294937
294938
294939
294940
294941
294942
294943
294944
294945
294946
294947
294948
294949
294950
294951
294952
294953
294954
294955
294956
294957
294958
294959
294960
294961
294962
294963
294964
294965
294966
294967
294968
294969
294970
294971
294972
294973
294974
294975
294976
294977
294978
294979
294980
294981
294982
294983
294984
294985
294986
294987
294988
294989
294990
294991
294992
294993
294994
294995
294996
294997
294998
294999
295000
295001
295002
295003
295004
295005
295006
295007
295008
295009
295010
295011
295012
295013
295014
295015
295016
295017
295018
295019
295020
295021
295022
295023
295024
295025
295026
295027
295028
295029
295030
295031
295032
295033
295034
295035
295036
295037
295038
295039
295040
295041
295042
295043
295044
295045
295046
295047
295048
295049
295050
295051
295052
295053
295054
295055
295056
295057
295058
295059
295060
295061
295062
295063
295064
295065
295066
295067
295068
295069
295070
295071
295072
295073
295074
295075
295076
295077
295078
295079
295080
295081
295082
295083
295084
295085
295086
295087
295088
295089
295090
295091
295092
295093
295094
295095
295096
295097
295098
295099
295100
295101
295102
295103
295104
295105
295106
295107
295108
295109
295110
295111
295112
295113
295114
295115
295116
295117
295118
295119
295120
295121
295122
295123
295124
295125
295126
295127
295128
295129
295130
295131
295132
295133
295134
295135
295136
295137
295138
295139
295140
295141
295142
295143
295144
295145
295146
295147
295148
295149
295150
295151
295152
295153
295154
295155
295156
295157
295158
295159
295160
295161
295162
295163
295164
295165
295166
295167
295168
295169
295170
295171
295172
295173
295174
295175
295176
295177
295178
295179
295180
295181
295182
295183
295184
295185
295186
295187
295188
295189
295190
295191
295192
295193
295194
295195
295196
295197
295198
295199
295200
295201
295202
295203
295204
295205
295206
295207
295208
295209
295210
295211
295212
295213
295214
295215
295216
295217
295218
295219
295220
295221
295222
295223
295224
295225
295226
295227
295228
295229
295230
295231
295232
295233
295234
295235
295236
295237
295238
295239
295240
295241
295242
295243
295244
295245
295246
295247
295248
295249
295250
295251
295252
295253
295254
295255
295256
295257
295258
295259
295260
295261
295262
295263
295264
295265
295266
295267
295268
295269
295270
295271
295272
295273
295274
295275
295276
295277
295278
295279
295280
295281
295282
295283
295284
295285
295286
295287
295288
295289
295290
295291
295292
295293
295294
295295
295296
295297
295298
295299
295300
295301
295302
295303
295304
295305
295306
295307
295308
295309
295310
295311
295312
295313
295314
295315
295316
295317
295318
295319
295320
295321
295322
295323
295324
295325
295326
295327
295328
295329
295330
295331
295332
295333
295334
295335
295336
295337
295338
295339
295340
295341
295342
295343
295344
295345
295346
295347
295348
295349
295350
295351
295352
295353
295354
295355
295356
295357
295358
295359
295360
295361
295362
295363
295364
295365
295366
295367
295368
295369
295370
295371
295372
295373
295374
295375
295376
295377
295378
295379
295380
295381
295382
295383
295384
295385
295386
295387
295388
295389
295390
295391
295392
295393
295394
295395
295396
295397
295398
295399
295400
295401
295402
295403
295404
295405
295406
295407
295408
295409
295410
295411
295412
295413
295414
295415
295416
295417
295418
295419
295420
295421
295422
295423
295424
295425
295426
295427
295428
295429
295430
295431
295432
295433
295434
295435
295436
295437
295438
295439
295440
295441
295442
295443
295444
295445
295446
295447
295448
295449
295450
295451
295452
295453
295454
295455
295456
295457
295458
295459
295460
295461
295462
295463
295464
295465
295466
295467
295468
295469
295470
295471
295472
295473
295474
295475
295476
295477
295478
295479
295480
295481
295482
295483
295484
295485
295486
295487
295488
295489
295490
295491
295492
295493
295494
295495
295496
295497
295498
295499
295500
295501
295502
295503
295504
295505
295506
295507
295508
295509
295510
295511
295512
295513
295514
295515
295516
295517
295518
295519
295520
295521
295522
295523
295524
295525
295526
295527
295528
295529
295530
295531
295532
295533
295534
295535
295536
295537
295538
295539
295540
295541
295542
295543
295544
295545
295546
295547
295548
295549
295550
295551
295552
295553
295554
295555
295556
295557
295558
295559
295560
295561
295562
295563
295564
295565
295566
295567
295568
295569
295570
295571
295572
295573
295574
295575
295576
295577
295578
295579
295580
295581
295582
295583
295584
295585
295586
295587
295588
295589
295590
295591
295592
295593
295594
295595
295596
295597
295598
295599
295600
295601
295602
295603
295604
295605
295606
295607
295608
295609
295610
295611
295612
295613
295614
295615
295616
295617
295618
295619
295620
295621
295622
295623
295624
295625
295626
295627
295628
295629
295630
295631
295632
295633
295634
295635
295636
295637
295638
295639
295640
295641
295642
295643
295644
295645
295646
295647
295648
295649
295650
295651
295652
295653
295654
295655
295656
295657
295658
295659
295660
295661
295662
295663
295664
295665
295666
295667
295668
295669
295670
295671
295672
295673
295674
295675
295676
295677
295678
295679
295680
295681
295682
295683
295684
295685
295686
295687
295688
295689
295690
295691
295692
295693
295694
295695
295696
295697
295698
295699
295700
295701
295702
295703
295704
295705
295706
295707
295708
295709
295710
295711
295712
295713
295714
295715
295716
295717
295718
295719
295720
295721
295722
295723
295724
295725
295726
295727
295728
295729
295730
295731
295732
295733
295734
295735
295736
295737
295738
295739
295740
295741
295742
295743
295744
295745
295746
295747
295748
295749
295750
295751
295752
295753
295754
295755
295756
295757
295758
295759
295760
295761
295762
295763
295764
295765
295766
295767
295768
295769
295770
295771
295772
295773
295774
295775
295776
295777
295778
295779
295780
295781
295782
295783
295784
295785
295786
295787
295788
295789
295790
295791
295792
295793
295794
295795
295796
295797
295798
295799
295800
295801
295802
295803
295804
295805
295806
295807
295808
295809
295810
295811
295812
295813
295814
295815
295816
295817
295818
295819
295820
295821
295822
295823
295824
295825
295826
295827
295828
295829
295830
295831
295832
295833
295834
295835
295836
295837
295838
295839
295840
295841
295842
295843
295844
295845
295846
295847
295848
295849
295850
295851
295852
295853
295854
295855
295856
295857
295858
295859
295860
295861
295862
295863
295864
295865
295866
295867
295868
295869
295870
295871
295872
295873
295874
295875
295876
295877
295878
295879
295880
295881
295882
295883
295884
295885
295886
295887
295888
295889
295890
295891
295892
295893
295894
295895
295896
295897
295898
295899
295900
295901
295902
295903
295904
295905
295906
295907
295908
295909
295910
295911
295912
295913
295914
295915
295916
295917
295918
295919
295920
295921
295922
295923
295924
295925
295926
295927
295928
295929
295930
295931
295932
295933
295934
295935
295936
295937
295938
295939
295940
295941
295942
295943
295944
295945
295946
295947
295948
295949
295950
295951
295952
295953
295954
295955
295956
295957
295958
295959
295960
295961
295962
295963
295964
295965
295966
295967
295968
295969
295970
295971
295972
295973
295974
295975
295976
295977
295978
295979
295980
295981
295982
295983
295984
295985
295986
295987
295988
295989
295990
295991
295992
295993
295994
295995
295996
295997
295998
295999
296000
296001
296002
296003
296004
296005
296006
296007
296008
296009
296010
296011
296012
296013
296014
296015
296016
296017
296018
296019
296020
296021
296022
296023
296024
296025
296026
296027
296028
296029
296030
296031
296032
296033
296034
296035
296036
296037
296038
296039
296040
296041
296042
296043
296044
296045
296046
296047
296048
296049
296050
296051
296052
296053
296054
296055
296056
296057
296058
296059
296060
296061
296062
296063
296064
296065
296066
296067
296068
296069
296070
296071
296072
296073
296074
296075
296076
296077
296078
296079
296080
296081
296082
296083
296084
296085
296086
296087
296088
296089
296090
296091
296092
296093
296094
296095
296096
296097
296098
296099
296100
296101
296102
296103
296104
296105
296106
296107
296108
296109
296110
296111
296112
296113
296114
296115
296116
296117
296118
296119
296120
296121
296122
296123
296124
296125
296126
296127
296128
296129
296130
296131
296132
296133
296134
296135
296136
296137
296138
296139
296140
296141
296142
296143
296144
296145
296146
296147
296148
296149
296150
296151
296152
296153
296154
296155
296156
296157
296158
296159
296160
296161
296162
296163
296164
296165
296166
296167
296168
296169
296170
296171
296172
296173
296174
296175
296176
296177
296178
296179
296180
296181
296182
296183
296184
296185
296186
296187
296188
296189
296190
296191
296192
296193
296194
296195
296196
296197
296198
296199
296200
296201
296202
296203
296204
296205
296206
296207
296208
296209
296210
296211
296212
296213
296214
296215
296216
296217
296218
296219
296220
296221
296222
296223
296224
296225
296226
296227
296228
296229
296230
296231
296232
296233
296234
296235
296236
296237
296238
296239
296240
296241
296242
296243
296244
296245
296246
296247
296248
296249
296250
296251
296252
296253
296254
296255
296256
296257
296258
296259
296260
296261
296262
296263
296264
296265
296266
296267
296268
296269
296270
296271
296272
296273
296274
296275
296276
296277
296278
296279
296280
296281
296282
296283
296284
296285
296286
296287
296288
296289
296290
296291
296292
296293
296294
296295
296296
296297
296298
296299
296300
296301
296302
296303
296304
296305
296306
296307
296308
296309
296310
296311
296312
296313
296314
296315
296316
296317
296318
296319
296320
296321
296322
296323
296324
296325
296326
296327
296328
296329
296330
296331
296332
296333
296334
296335
296336
296337
296338
296339
296340
296341
296342
296343
296344
296345
296346
296347
296348
296349
296350
296351
296352
296353
296354
296355
296356
296357
296358
296359
296360
296361
296362
296363
296364
296365
296366
296367
296368
296369
296370
296371
296372
296373
296374
296375
296376
296377
296378
296379
296380
296381
296382
296383
296384
296385
296386
296387
296388
296389
296390
296391
296392
296393
296394
296395
296396
296397
296398
296399
296400
296401
296402
296403
296404
296405
296406
296407
296408
296409
296410
296411
296412
296413
296414
296415
296416
296417
296418
296419
296420
296421
296422
296423
296424
296425
296426
296427
296428
296429
296430
296431
296432
296433
296434
296435
296436
296437
296438
296439
296440
296441
296442
296443
296444
296445
296446
296447
296448
296449
296450
296451
296452
296453
296454
296455
296456
296457
296458
296459
296460
296461
296462
296463
296464
296465
296466
296467
296468
296469
296470
296471
296472
296473
296474
296475
296476
296477
296478
296479
296480
296481
296482
296483
296484
296485
296486
296487
296488
296489
296490
296491
296492
296493
296494
296495
296496
296497
296498
296499
296500
296501
296502
296503
296504
296505
296506
296507
296508
296509
296510
296511
296512
296513
296514
296515
296516
296517
296518
296519
296520
296521
296522
296523
296524
296525
296526
296527
296528
296529
296530
296531
296532
296533
296534
296535
296536
296537
296538
296539
296540
296541
296542
296543
296544
296545
296546
296547
296548
296549
296550
296551
296552
296553
296554
296555
296556
296557
296558
296559
296560
296561
296562
296563
296564
296565
296566
296567
296568
296569
296570
296571
296572
296573
296574
296575
296576
296577
296578
296579
296580
296581
296582
296583
296584
296585
296586
296587
296588
296589
296590
296591
296592
296593
296594
296595
296596
296597
296598
296599
296600
296601
296602
296603
296604
296605
296606
296607
296608
296609
296610
296611
296612
296613
296614
296615
296616
296617
296618
296619
296620
296621
296622
296623
296624
296625
296626
296627
296628
296629
296630
296631
296632
296633
296634
296635
296636
296637
296638
296639
296640
296641
296642
296643
296644
296645
296646
296647
296648
296649
296650
296651
296652
296653
296654
296655
296656
296657
296658
296659
296660
296661
296662
296663
296664
296665
296666
296667
296668
296669
296670
296671
296672
296673
296674
296675
296676
296677
296678
296679
296680
296681
296682
296683
296684
296685
296686
296687
296688
296689
296690
296691
296692
296693
296694
296695
296696
296697
296698
296699
296700
296701
296702
296703
296704
296705
296706
296707
296708
296709
296710
296711
296712
296713
296714
296715
296716
296717
296718
296719
296720
296721
296722
296723
296724
296725
296726
296727
296728
296729
296730
296731
296732
296733
296734
296735
296736
296737
296738
296739
296740
296741
296742
296743
296744
296745
296746
296747
296748
296749
296750
296751
296752
296753
296754
296755
296756
296757
296758
296759
296760
296761
296762
296763
296764
296765
296766
296767
296768
296769
296770
296771
296772
296773
296774
296775
296776
296777
296778
296779
296780
296781
296782
296783
296784
296785
296786
296787
296788
296789
296790
296791
296792
296793
296794
296795
296796
296797
296798
296799
296800
296801
296802
296803
296804
296805
296806
296807
296808
296809
296810
296811
296812
296813
296814
296815
296816
296817
296818
296819
296820
296821
296822
296823
296824
296825
296826
296827
296828
296829
296830
296831
296832
296833
296834
296835
296836
296837
296838
296839
296840
296841
296842
296843
296844
296845
296846
296847
296848
296849
296850
-59950
-60050
-60150
-60250
-60350
-60450
-60550
-60650
-60750
-60850
-60950
-61050
-61150
-61250
-61350
-61450
-61550
-61650
-61750
-61850
-61950
-62050
-62150
-62250
-62350
-62450
-62550
-62650
-62750
-62850
-62950
-63050
-63150
-63250
-63350
-63450
-63550
-63650
-63750
-63850
-63950
-64050
-64150
-64250
-64350
-64450
-64550
-64650
-64750
-64849
-49802
-49804
-49806
-49808
-49810
-49812
-49814
-49816
-49818
-49820
-49822
-49824
-49826
-49828
-49830
-49832
-49834
-49836
-49838
-49840
-49842
-49844
-49846
-49848
-49850
-49852
-49854
-49856
-49858
-49860
-49862
-49864
-49866
-49868
-49870
-49872
-49874
-49876
-49878
-49880
-49882
-49884
-49886
-49888
-49890
-49892
-49894
-49896
-49898
-49900
69752
69754
69756
69758
69760
69762
69764
69766
69768
69770
69772
69774
69776
69778
69780
69782
69784
69786
69788
69790
69792
69794
69796
69798
69800
69802
69804
69806
69808
69810
69812
69814
69816
69818
69820
69822
69824
69826
69828
69830
69832
69834
69836
69838
69840
69842
69844
69846
69848
69850
64950
65050
65150
65250
65350
65450
65550
65650
65750
65850
65950
66050
66150
66250
66350
66450
66550
66650
66750
66850
66950
67050
67150
67250
67350
67450
67550
67650
67750
67850
67950
68050
68150
68250
68350
68450
68550
68650
68750
68850
68950
69050
69150
69250
69350
69450
69550
69650
69750
69849
)


// ************************************************************************* //
