/*--------------------------------*- C++ -*----------------------------------*\
| =========                 |                                                 |
| \\      /  F ield         | OpenFOAM: The Open Source CFD Toolbox           |
|  \\    /   O peration     | Version:  v1906                                 |
|   \\  /    A nd           | Web:      www.OpenFOAM.com                      |
|    \\/     M anipulation  |                                                 |
\*---------------------------------------------------------------------------*/
FoamFile
{
    version     2.0;
    format      ascii;
    class       labelList;
    location    "constant/impp27/polyMesh";
    object      faceRegionAddressing;
}
// * * * * * * * * * * * * * * * * * * * * * * * * * * * * * * * * * * * * * //


10100
(
134701
134702
134703
134704
134705
134706
134707
134708
134709
134710
134711
134712
134713
134714
134715
134716
134717
134718
134719
134720
134721
134722
134723
134724
134725
134726
134727
134728
134729
134730
134731
134732
134733
134734
134735
134736
134737
134738
134739
134740
134741
134742
134743
134744
134745
134746
134747
134748
134749
134750
134751
134752
134753
134754
134755
134756
134757
134758
134759
134760
134761
134762
134763
134764
134765
134766
134767
134768
134769
134770
134771
134772
134773
134774
134775
134776
134777
134778
134779
134780
134781
134782
134783
134784
134785
134786
134787
134788
134789
134790
134791
134792
134793
134794
134795
134796
134797
134798
134799
134800
134801
134802
134803
134804
134805
134806
134807
134808
134809
134810
134811
134812
134813
134814
134815
134816
134817
134818
134819
134820
134821
134822
134823
134824
134825
134826
134827
134828
134829
134830
134831
134832
134833
134834
134835
134836
134837
134838
134839
134840
134841
134842
134843
134844
134845
134846
134847
134848
134849
134850
134851
134852
134853
134854
134855
134856
134857
134858
134859
134860
134861
134862
134863
134864
134865
134866
134867
134868
134869
134870
134871
134872
134873
134874
134875
134876
134877
134878
134879
134880
134881
134882
134883
134884
134885
134886
134887
134888
134889
134890
134891
134892
134893
134894
134895
134896
134897
134898
134899
134900
134901
134902
134903
134904
134905
134906
134907
134908
134909
134910
134911
134912
134913
134914
134915
134916
134917
134918
134919
134920
134921
134922
134923
134924
134925
134926
134927
134928
134929
134930
134931
134932
134933
134934
134935
134936
134937
134938
134939
134940
134941
134942
134943
134944
134945
134946
134947
134948
134949
134950
134951
134952
134953
134954
134955
134956
134957
134958
134959
134960
134961
134962
134963
134964
134965
134966
134967
134968
134969
134970
134971
134972
134973
134974
134975
134976
134977
134978
134979
134980
134981
134982
134983
134984
134985
134986
134987
134988
134989
134990
134991
134992
134993
134994
134995
134996
134997
134998
134999
135000
135001
135002
135003
135004
135005
135006
135007
135008
135009
135010
135011
135012
135013
135014
135015
135016
135017
135018
135019
135020
135021
135022
135023
135024
135025
135026
135027
135028
135029
135030
135031
135032
135033
135034
135035
135036
135037
135038
135039
135040
135041
135042
135043
135044
135045
135046
135047
135048
135049
135050
135051
135052
135053
135054
135055
135056
135057
135058
135059
135060
135061
135062
135063
135064
135065
135066
135067
135068
135069
135070
135071
135072
135073
135074
135075
135076
135077
135078
135079
135080
135081
135082
135083
135084
135085
135086
135087
135088
135089
135090
135091
135092
135093
135094
135095
135096
135097
135098
135099
135100
135101
135102
135103
135104
135105
135106
135107
135108
135109
135110
135111
135112
135113
135114
135115
135116
135117
135118
135119
135120
135121
135122
135123
135124
135125
135126
135127
135128
135129
135130
135131
135132
135133
135134
135135
135136
135137
135138
135139
135140
135141
135142
135143
135144
135145
135146
135147
135148
135149
135150
135151
135152
135153
135154
135155
135156
135157
135158
135159
135160
135161
135162
135163
135164
135165
135166
135167
135168
135169
135170
135171
135172
135173
135174
135175
135176
135177
135178
135179
135180
135181
135182
135183
135184
135185
135186
135187
135188
135189
135190
135191
135192
135193
135194
135195
135196
135197
135198
135199
135200
135201
135202
135203
135204
135205
135206
135207
135208
135209
135210
135211
135212
135213
135214
135215
135216
135217
135218
135219
135220
135221
135222
135223
135224
135225
135226
135227
135228
135229
135230
135231
135232
135233
135234
135235
135236
135237
135238
135239
135240
135241
135242
135243
135244
135245
135246
135247
135248
135249
135250
135251
135252
135253
135254
135255
135256
135257
135258
135259
135260
135261
135262
135263
135264
135265
135266
135267
135268
135269
135270
135271
135272
135273
135274
135275
135276
135277
135278
135279
135280
135281
135282
135283
135284
135285
135286
135287
135288
135289
135290
135291
135292
135293
135294
135295
135296
135297
135298
135299
135300
135301
135302
135303
135304
135305
135306
135307
135308
135309
135310
135311
135312
135313
135314
135315
135316
135317
135318
135319
135320
135321
135322
135323
135324
135325
135326
135327
135328
135329
135330
135331
135332
135333
135334
135335
135336
135337
135338
135339
135340
135341
135342
135343
135344
135345
135346
135347
135348
135349
135350
135351
135352
135353
135354
135355
135356
135357
135358
135359
135360
135361
135362
135363
135364
135365
135366
135367
135368
135369
135370
135371
135372
135373
135374
135375
135376
135377
135378
135379
135380
135381
135382
135383
135384
135385
135386
135387
135388
135389
135390
135391
135392
135393
135394
135395
135396
135397
135398
135399
135400
135401
135402
135403
135404
135405
135406
135407
135408
135409
135410
135411
135412
135413
135414
135415
135416
135417
135418
135419
135420
135421
135422
135423
135424
135425
135426
135427
135428
135429
135430
135431
135432
135433
135434
135435
135436
135437
135438
135439
135440
135441
135442
135443
135444
135445
135446
135447
135448
135449
135450
135451
135452
135453
135454
135455
135456
135457
135458
135459
135460
135461
135462
135463
135464
135465
135466
135467
135468
135469
135470
135471
135472
135473
135474
135475
135476
135477
135478
135479
135480
135481
135482
135483
135484
135485
135486
135487
135488
135489
135490
135491
135492
135493
135494
135495
135496
135497
135498
135499
135500
135501
135502
135503
135504
135505
135506
135507
135508
135509
135510
135511
135512
135513
135514
135515
135516
135517
135518
135519
135520
135521
135522
135523
135524
135525
135526
135527
135528
135529
135530
135531
135532
135533
135534
135535
135536
135537
135538
135539
135540
135541
135542
135543
135544
135545
135546
135547
135548
135549
135550
135551
135552
135553
135554
135555
135556
135557
135558
135559
135560
135561
135562
135563
135564
135565
135566
135567
135568
135569
135570
135571
135572
135573
135574
135575
135576
135577
135578
135579
135580
135581
135582
135583
135584
135585
135586
135587
135588
135589
135590
135591
135592
135593
135594
135595
135596
135597
135598
135599
135600
135601
135602
135603
135604
135605
135606
135607
135608
135609
135610
135611
135612
135613
135614
135615
135616
135617
135618
135619
135620
135621
135622
135623
135624
135625
135626
135627
135628
135629
135630
135631
135632
135633
135634
135635
135636
135637
135638
135639
135640
135641
135642
135643
135644
135645
135646
135647
135648
135649
135650
135651
135652
135653
135654
135655
135656
135657
135658
135659
135660
135661
135662
135663
135664
135665
135666
135667
135668
135669
135670
135671
135672
135673
135674
135675
135676
135677
135678
135679
135680
135681
135682
135683
135684
135685
135686
135687
135688
135689
135690
135691
135692
135693
135694
135695
135696
135697
135698
135699
135700
135701
135702
135703
135704
135705
135706
135707
135708
135709
135710
135711
135712
135713
135714
135715
135716
135717
135718
135719
135720
135721
135722
135723
135724
135725
135726
135727
135728
135729
135730
135731
135732
135733
135734
135735
135736
135737
135738
135739
135740
135741
135742
135743
135744
135745
135746
135747
135748
135749
135750
135751
135752
135753
135754
135755
135756
135757
135758
135759
135760
135761
135762
135763
135764
135765
135766
135767
135768
135769
135770
135771
135772
135773
135774
135775
135776
135777
135778
135779
135780
135781
135782
135783
135784
135785
135786
135787
135788
135789
135790
135791
135792
135793
135794
135795
135796
135797
135798
135799
135800
135801
135802
135803
135804
135805
135806
135807
135808
135809
135810
135811
135812
135813
135814
135815
135816
135817
135818
135819
135820
135821
135822
135823
135824
135825
135826
135827
135828
135829
135830
135831
135832
135833
135834
135835
135836
135837
135838
135839
135840
135841
135842
135843
135844
135845
135846
135847
135848
135849
135850
135851
135852
135853
135854
135855
135856
135857
135858
135859
135860
135861
135862
135863
135864
135865
135866
135867
135868
135869
135870
135871
135872
135873
135874
135875
135876
135877
135878
135879
135880
135881
135882
135883
135884
135885
135886
135887
135888
135889
135890
135891
135892
135893
135894
135895
135896
135897
135898
135899
135900
135901
135902
135903
135904
135905
135906
135907
135908
135909
135910
135911
135912
135913
135914
135915
135916
135917
135918
135919
135920
135921
135922
135923
135924
135925
135926
135927
135928
135929
135930
135931
135932
135933
135934
135935
135936
135937
135938
135939
135940
135941
135942
135943
135944
135945
135946
135947
135948
135949
135950
135951
135952
135953
135954
135955
135956
135957
135958
135959
135960
135961
135962
135963
135964
135965
135966
135967
135968
135969
135970
135971
135972
135973
135974
135975
135976
135977
135978
135979
135980
135981
135982
135983
135984
135985
135986
135987
135988
135989
135990
135991
135992
135993
135994
135995
135996
135997
135998
135999
136000
136001
136002
136003
136004
136005
136006
136007
136008
136009
136010
136011
136012
136013
136014
136015
136016
136017
136018
136019
136020
136021
136022
136023
136024
136025
136026
136027
136028
136029
136030
136031
136032
136033
136034
136035
136036
136037
136038
136039
136040
136041
136042
136043
136044
136045
136046
136047
136048
136049
136050
136051
136052
136053
136054
136055
136056
136057
136058
136059
136060
136061
136062
136063
136064
136065
136066
136067
136068
136069
136070
136071
136072
136073
136074
136075
136076
136077
136078
136079
136080
136081
136082
136083
136084
136085
136086
136087
136088
136089
136090
136091
136092
136093
136094
136095
136096
136097
136098
136099
136100
136101
136102
136103
136104
136105
136106
136107
136108
136109
136110
136111
136112
136113
136114
136115
136116
136117
136118
136119
136120
136121
136122
136123
136124
136125
136126
136127
136128
136129
136130
136131
136132
136133
136134
136135
136136
136137
136138
136139
136140
136141
136142
136143
136144
136145
136146
136147
136148
136149
136150
136151
136152
136153
136154
136155
136156
136157
136158
136159
136160
136161
136162
136163
136164
136165
136166
136167
136168
136169
136170
136171
136172
136173
136174
136175
136176
136177
136178
136179
136180
136181
136182
136183
136184
136185
136186
136187
136188
136189
136190
136191
136192
136193
136194
136195
136196
136197
136198
136199
136200
136201
136202
136203
136204
136205
136206
136207
136208
136209
136210
136211
136212
136213
136214
136215
136216
136217
136218
136219
136220
136221
136222
136223
136224
136225
136226
136227
136228
136229
136230
136231
136232
136233
136234
136235
136236
136237
136238
136239
136240
136241
136242
136243
136244
136245
136246
136247
136248
136249
136250
136251
136252
136253
136254
136255
136256
136257
136258
136259
136260
136261
136262
136263
136264
136265
136266
136267
136268
136269
136270
136271
136272
136273
136274
136275
136276
136277
136278
136279
136280
136281
136282
136283
136284
136285
136286
136287
136288
136289
136290
136291
136292
136293
136294
136295
136296
136297
136298
136299
136300
136301
136302
136303
136304
136305
136306
136307
136308
136309
136310
136311
136312
136313
136314
136315
136316
136317
136318
136319
136320
136321
136322
136323
136324
136325
136326
136327
136328
136329
136330
136331
136332
136333
136334
136335
136336
136337
136338
136339
136340
136341
136342
136343
136344
136345
136346
136347
136348
136349
136350
136351
136352
136353
136354
136355
136356
136357
136358
136359
136360
136361
136362
136363
136364
136365
136366
136367
136368
136369
136370
136371
136372
136373
136374
136375
136376
136377
136378
136379
136380
136381
136382
136383
136384
136385
136386
136387
136388
136389
136390
136391
136392
136393
136394
136395
136396
136397
136398
136399
136400
136401
136402
136403
136404
136405
136406
136407
136408
136409
136410
136411
136412
136413
136414
136415
136416
136417
136418
136419
136420
136421
136422
136423
136424
136425
136426
136427
136428
136429
136430
136431
136432
136433
136434
136435
136436
136437
136438
136439
136440
136441
136442
136443
136444
136445
136446
136447
136448
136449
136450
136451
136452
136453
136454
136455
136456
136457
136458
136459
136460
136461
136462
136463
136464
136465
136466
136467
136468
136469
136470
136471
136472
136473
136474
136475
136476
136477
136478
136479
136480
136481
136482
136483
136484
136485
136486
136487
136488
136489
136490
136491
136492
136493
136494
136495
136496
136497
136498
136499
136500
136501
136502
136503
136504
136505
136506
136507
136508
136509
136510
136511
136512
136513
136514
136515
136516
136517
136518
136519
136520
136521
136522
136523
136524
136525
136526
136527
136528
136529
136530
136531
136532
136533
136534
136535
136536
136537
136538
136539
136540
136541
136542
136543
136544
136545
136546
136547
136548
136549
136550
136551
136552
136553
136554
136555
136556
136557
136558
136559
136560
136561
136562
136563
136564
136565
136566
136567
136568
136569
136570
136571
136572
136573
136574
136575
136576
136577
136578
136579
136580
136581
136582
136583
136584
136585
136586
136587
136588
136589
136590
136591
136592
136593
136594
136595
136596
136597
136598
136599
136600
136601
136602
136603
136604
136605
136606
136607
136608
136609
136610
136611
136612
136613
136614
136615
136616
136617
136618
136619
136620
136621
136622
136623
136624
136625
136626
136627
136628
136629
136630
136631
136632
136633
136634
136635
136636
136637
136638
136639
136640
136641
136642
136643
136644
136645
136646
136647
136648
136649
136650
136651
136652
136653
136654
136655
136656
136657
136658
136659
136660
136661
136662
136663
136664
136665
136666
136667
136668
136669
136670
136671
136672
136673
136674
136675
136676
136677
136678
136679
136680
136681
136682
136683
136684
136685
136686
136687
136688
136689
136690
136691
136692
136693
136694
136695
136696
136697
136698
136699
136700
136701
136702
136703
136704
136705
136706
136707
136708
136709
136710
136711
136712
136713
136714
136715
136716
136717
136718
136719
136720
136721
136722
136723
136724
136725
136726
136727
136728
136729
136730
136731
136732
136733
136734
136735
136736
136737
136738
136739
136740
136741
136742
136743
136744
136745
136746
136747
136748
136749
136750
136751
136752
136753
136754
136755
136756
136757
136758
136759
136760
136761
136762
136763
136764
136765
136766
136767
136768
136769
136770
136771
136772
136773
136774
136775
136776
136777
136778
136779
136780
136781
136782
136783
136784
136785
136786
136787
136788
136789
136790
136791
136792
136793
136794
136795
136796
136797
136798
136799
136800
136801
136802
136803
136804
136805
136806
136807
136808
136809
136810
136811
136812
136813
136814
136815
136816
136817
136818
136819
136820
136821
136822
136823
136824
136825
136826
136827
136828
136829
136830
136831
136832
136833
136834
136835
136836
136837
136838
136839
136840
136841
136842
136843
136844
136845
136846
136847
136848
136849
136850
136851
136852
136853
136854
136855
136856
136857
136858
136859
136860
136861
136862
136863
136864
136865
136866
136867
136868
136869
136870
136871
136872
136873
136874
136875
136876
136877
136878
136879
136880
136881
136882
136883
136884
136885
136886
136887
136888
136889
136890
136891
136892
136893
136894
136895
136896
136897
136898
136899
136900
136901
136902
136903
136904
136905
136906
136907
136908
136909
136910
136911
136912
136913
136914
136915
136916
136917
136918
136919
136920
136921
136922
136923
136924
136925
136926
136927
136928
136929
136930
136931
136932
136933
136934
136935
136936
136937
136938
136939
136940
136941
136942
136943
136944
136945
136946
136947
136948
136949
136950
136951
136952
136953
136954
136955
136956
136957
136958
136959
136960
136961
136962
136963
136964
136965
136966
136967
136968
136969
136970
136971
136972
136973
136974
136975
136976
136977
136978
136979
136980
136981
136982
136983
136984
136985
136986
136987
136988
136989
136990
136991
136992
136993
136994
136995
136996
136997
136998
136999
137000
137001
137002
137003
137004
137005
137006
137007
137008
137009
137010
137011
137012
137013
137014
137015
137016
137017
137018
137019
137020
137021
137022
137023
137024
137025
137026
137027
137028
137029
137030
137031
137032
137033
137034
137035
137036
137037
137038
137039
137040
137041
137042
137043
137044
137045
137046
137047
137048
137049
137050
137051
137052
137053
137054
137055
137056
137057
137058
137059
137060
137061
137062
137063
137064
137065
137066
137067
137068
137069
137070
137071
137072
137073
137074
137075
137076
137077
137078
137079
137080
137081
137082
137083
137084
137085
137086
137087
137088
137089
137090
137091
137092
137093
137094
137095
137096
137097
137098
137099
137100
137101
137102
137103
137104
137105
137106
137107
137108
137109
137110
137111
137112
137113
137114
137115
137116
137117
137118
137119
137120
137121
137122
137123
137124
137125
137126
137127
137128
137129
137130
137131
137132
137133
137134
137135
137136
137137
137138
137139
137140
137141
137142
137143
137144
137145
137146
137147
137148
137149
137150
137151
137152
137153
137154
137155
137156
137157
137158
137159
137160
137161
137162
137163
137164
137165
137166
137167
137168
137169
137170
137171
137172
137173
137174
137175
137176
137177
137178
137179
137180
137181
137182
137183
137184
137185
137186
137187
137188
137189
137190
137191
137192
137193
137194
137195
137196
137197
137198
137199
137200
137201
137202
137203
137204
137205
137206
137207
137208
137209
137210
137211
137212
137213
137214
137215
137216
137217
137218
137219
137220
137221
137222
137223
137224
137225
137226
137227
137228
137229
137230
137231
137232
137233
137234
137235
137236
137237
137238
137239
137240
137241
137242
137243
137244
137245
137246
137247
137248
137249
137250
137251
137252
137253
137254
137255
137256
137257
137258
137259
137260
137261
137262
137263
137264
137265
137266
137267
137268
137269
137270
137271
137272
137273
137274
137275
137276
137277
137278
137279
137280
137281
137282
137283
137284
137285
137286
137287
137288
137289
137290
137291
137292
137293
137294
137295
137296
137297
137298
137299
137300
137301
137302
137303
137304
137305
137306
137307
137308
137309
137310
137311
137312
137313
137314
137315
137316
137317
137318
137319
137320
137321
137322
137323
137324
137325
137326
137327
137328
137329
137330
137331
137332
137333
137334
137335
137336
137337
137338
137339
137340
137341
137342
137343
137344
137345
137346
137347
137348
137349
137350
137351
137352
137353
137354
137355
137356
137357
137358
137359
137360
137361
137362
137363
137364
137365
137366
137367
137368
137369
137370
137371
137372
137373
137374
137375
137376
137377
137378
137379
137380
137381
137382
137383
137384
137385
137386
137387
137388
137389
137390
137391
137392
137393
137394
137395
137396
137397
137398
137399
137400
137401
137402
137403
137404
137405
137406
137407
137408
137409
137410
137411
137412
137413
137414
137415
137416
137417
137418
137419
137420
137421
137422
137423
137424
137425
137426
137427
137428
137429
137430
137431
137432
137433
137434
137435
137436
137437
137438
137439
137440
137441
137442
137443
137444
137445
137446
137447
137448
137449
137450
137451
137452
137453
137454
137455
137456
137457
137458
137459
137460
137461
137462
137463
137464
137465
137466
137467
137468
137469
137470
137471
137472
137473
137474
137475
137476
137477
137478
137479
137480
137481
137482
137483
137484
137485
137486
137487
137488
137489
137490
137491
137492
137493
137494
137495
137496
137497
137498
137499
137500
137501
137502
137503
137504
137505
137506
137507
137508
137509
137510
137511
137512
137513
137514
137515
137516
137517
137518
137519
137520
137521
137522
137523
137524
137525
137526
137527
137528
137529
137530
137531
137532
137533
137534
137535
137536
137537
137538
137539
137540
137541
137542
137543
137544
137545
137546
137547
137548
137549
137550
137551
137552
137553
137554
137555
137556
137557
137558
137559
137560
137561
137562
137563
137564
137565
137566
137567
137568
137569
137570
137571
137572
137573
137574
137575
137576
137577
137578
137579
137580
137581
137582
137583
137584
137585
137586
137587
137588
137589
137590
137591
137592
137593
137594
137595
137596
137597
137598
137599
137600
137601
137602
137603
137604
137605
137606
137607
137608
137609
137610
137611
137612
137613
137614
137615
137616
137617
137618
137619
137620
137621
137622
137623
137624
137625
137626
137627
137628
137629
137630
137631
137632
137633
137634
137635
137636
137637
137638
137639
137640
137641
137642
137643
137644
137645
137646
137647
137648
137649
137650
137651
137652
137653
137654
137655
137656
137657
137658
137659
137660
137661
137662
137663
137664
137665
137666
137667
137668
137669
137670
137671
137672
137673
137674
137675
137676
137677
137678
137679
137680
137681
137682
137683
137684
137685
137686
137687
137688
137689
137690
137691
137692
137693
137694
137695
137696
137697
137698
137699
137700
137701
137702
137703
137704
137705
137706
137707
137708
137709
137710
137711
137712
137713
137714
137715
137716
137717
137718
137719
137720
137721
137722
137723
137724
137725
137726
137727
137728
137729
137730
137731
137732
137733
137734
137735
137736
137737
137738
137739
137740
137741
137742
137743
137744
137745
137746
137747
137748
137749
137750
137751
137752
137753
137754
137755
137756
137757
137758
137759
137760
137761
137762
137763
137764
137765
137766
137767
137768
137769
137770
137771
137772
137773
137774
137775
137776
137777
137778
137779
137780
137781
137782
137783
137784
137785
137786
137787
137788
137789
137790
137791
137792
137793
137794
137795
137796
137797
137798
137799
137800
137801
137802
137803
137804
137805
137806
137807
137808
137809
137810
137811
137812
137813
137814
137815
137816
137817
137818
137819
137820
137821
137822
137823
137824
137825
137826
137827
137828
137829
137830
137831
137832
137833
137834
137835
137836
137837
137838
137839
137840
137841
137842
137843
137844
137845
137846
137847
137848
137849
137850
137851
137852
137853
137854
137855
137856
137857
137858
137859
137860
137861
137862
137863
137864
137865
137866
137867
137868
137869
137870
137871
137872
137873
137874
137875
137876
137877
137878
137879
137880
137881
137882
137883
137884
137885
137886
137887
137888
137889
137890
137891
137892
137893
137894
137895
137896
137897
137898
137899
137900
137901
137902
137903
137904
137905
137906
137907
137908
137909
137910
137911
137912
137913
137914
137915
137916
137917
137918
137919
137920
137921
137922
137923
137924
137925
137926
137927
137928
137929
137930
137931
137932
137933
137934
137935
137936
137937
137938
137939
137940
137941
137942
137943
137944
137945
137946
137947
137948
137949
137950
137951
137952
137953
137954
137955
137956
137957
137958
137959
137960
137961
137962
137963
137964
137965
137966
137967
137968
137969
137970
137971
137972
137973
137974
137975
137976
137977
137978
137979
137980
137981
137982
137983
137984
137985
137986
137987
137988
137989
137990
137991
137992
137993
137994
137995
137996
137997
137998
137999
138000
138001
138002
138003
138004
138005
138006
138007
138008
138009
138010
138011
138012
138013
138014
138015
138016
138017
138018
138019
138020
138021
138022
138023
138024
138025
138026
138027
138028
138029
138030
138031
138032
138033
138034
138035
138036
138037
138038
138039
138040
138041
138042
138043
138044
138045
138046
138047
138048
138049
138050
138051
138052
138053
138054
138055
138056
138057
138058
138059
138060
138061
138062
138063
138064
138065
138066
138067
138068
138069
138070
138071
138072
138073
138074
138075
138076
138077
138078
138079
138080
138081
138082
138083
138084
138085
138086
138087
138088
138089
138090
138091
138092
138093
138094
138095
138096
138097
138098
138099
138100
138101
138102
138103
138104
138105
138106
138107
138108
138109
138110
138111
138112
138113
138114
138115
138116
138117
138118
138119
138120
138121
138122
138123
138124
138125
138126
138127
138128
138129
138130
138131
138132
138133
138134
138135
138136
138137
138138
138139
138140
138141
138142
138143
138144
138145
138146
138147
138148
138149
138150
138151
138152
138153
138154
138155
138156
138157
138158
138159
138160
138161
138162
138163
138164
138165
138166
138167
138168
138169
138170
138171
138172
138173
138174
138175
138176
138177
138178
138179
138180
138181
138182
138183
138184
138185
138186
138187
138188
138189
138190
138191
138192
138193
138194
138195
138196
138197
138198
138199
138200
138201
138202
138203
138204
138205
138206
138207
138208
138209
138210
138211
138212
138213
138214
138215
138216
138217
138218
138219
138220
138221
138222
138223
138224
138225
138226
138227
138228
138229
138230
138231
138232
138233
138234
138235
138236
138237
138238
138239
138240
138241
138242
138243
138244
138245
138246
138247
138248
138249
138250
138251
138252
138253
138254
138255
138256
138257
138258
138259
138260
138261
138262
138263
138264
138265
138266
138267
138268
138269
138270
138271
138272
138273
138274
138275
138276
138277
138278
138279
138280
138281
138282
138283
138284
138285
138286
138287
138288
138289
138290
138291
138292
138293
138294
138295
138296
138297
138298
138299
138300
138301
138302
138303
138304
138305
138306
138307
138308
138309
138310
138311
138312
138313
138314
138315
138316
138317
138318
138319
138320
138321
138322
138323
138324
138325
138326
138327
138328
138329
138330
138331
138332
138333
138334
138335
138336
138337
138338
138339
138340
138341
138342
138343
138344
138345
138346
138347
138348
138349
138350
138351
138352
138353
138354
138355
138356
138357
138358
138359
138360
138361
138362
138363
138364
138365
138366
138367
138368
138369
138370
138371
138372
138373
138374
138375
138376
138377
138378
138379
138380
138381
138382
138383
138384
138385
138386
138387
138388
138389
138390
138391
138392
138393
138394
138395
138396
138397
138398
138399
138400
138401
138402
138403
138404
138405
138406
138407
138408
138409
138410
138411
138412
138413
138414
138415
138416
138417
138418
138419
138420
138421
138422
138423
138424
138425
138426
138427
138428
138429
138430
138431
138432
138433
138434
138435
138436
138437
138438
138439
138440
138441
138442
138443
138444
138445
138446
138447
138448
138449
138450
138451
138452
138453
138454
138455
138456
138457
138458
138459
138460
138461
138462
138463
138464
138465
138466
138467
138468
138469
138470
138471
138472
138473
138474
138475
138476
138477
138478
138479
138480
138481
138482
138483
138484
138485
138486
138487
138488
138489
138490
138491
138492
138493
138494
138495
138496
138497
138498
138499
138500
138501
138502
138503
138504
138505
138506
138507
138508
138509
138510
138511
138512
138513
138514
138515
138516
138517
138518
138519
138520
138521
138522
138523
138524
138525
138526
138527
138528
138529
138530
138531
138532
138533
138534
138535
138536
138537
138538
138539
138540
138541
138542
138543
138544
138545
138546
138547
138548
138549
138550
138551
138552
138553
138554
138555
138556
138557
138558
138559
138560
138561
138562
138563
138564
138565
138566
138567
138568
138569
138570
138571
138572
138573
138574
138575
138576
138577
138578
138579
138580
138581
138582
138583
138584
138585
138586
138587
138588
138589
138590
138591
138592
138593
138594
138595
138596
138597
138598
138599
138600
138601
138602
138603
138604
138605
138606
138607
138608
138609
138610
138611
138612
138613
138614
138615
138616
138617
138618
138619
138620
138621
138622
138623
138624
138625
138626
138627
138628
138629
138630
138631
138632
138633
138634
138635
138636
138637
138638
138639
138640
138641
138642
138643
138644
138645
138646
138647
138648
138649
138650
138651
138652
138653
138654
138655
138656
138657
138658
138659
138660
138661
138662
138663
138664
138665
138666
138667
138668
138669
138670
138671
138672
138673
138674
138675
138676
138677
138678
138679
138680
138681
138682
138683
138684
138685
138686
138687
138688
138689
138690
138691
138692
138693
138694
138695
138696
138697
138698
138699
138700
138701
138702
138703
138704
138705
138706
138707
138708
138709
138710
138711
138712
138713
138714
138715
138716
138717
138718
138719
138720
138721
138722
138723
138724
138725
138726
138727
138728
138729
138730
138731
138732
138733
138734
138735
138736
138737
138738
138739
138740
138741
138742
138743
138744
138745
138746
138747
138748
138749
138750
138751
138752
138753
138754
138755
138756
138757
138758
138759
138760
138761
138762
138763
138764
138765
138766
138767
138768
138769
138770
138771
138772
138773
138774
138775
138776
138777
138778
138779
138780
138781
138782
138783
138784
138785
138786
138787
138788
138789
138790
138791
138792
138793
138794
138795
138796
138797
138798
138799
138800
138801
138802
138803
138804
138805
138806
138807
138808
138809
138810
138811
138812
138813
138814
138815
138816
138817
138818
138819
138820
138821
138822
138823
138824
138825
138826
138827
138828
138829
138830
138831
138832
138833
138834
138835
138836
138837
138838
138839
138840
138841
138842
138843
138844
138845
138846
138847
138848
138849
138850
138851
138852
138853
138854
138855
138856
138857
138858
138859
138860
138861
138862
138863
138864
138865
138866
138867
138868
138869
138870
138871
138872
138873
138874
138875
138876
138877
138878
138879
138880
138881
138882
138883
138884
138885
138886
138887
138888
138889
138890
138891
138892
138893
138894
138895
138896
138897
138898
138899
138900
138901
138902
138903
138904
138905
138906
138907
138908
138909
138910
138911
138912
138913
138914
138915
138916
138917
138918
138919
138920
138921
138922
138923
138924
138925
138926
138927
138928
138929
138930
138931
138932
138933
138934
138935
138936
138937
138938
138939
138940
138941
138942
138943
138944
138945
138946
138947
138948
138949
138950
138951
138952
138953
138954
138955
138956
138957
138958
138959
138960
138961
138962
138963
138964
138965
138966
138967
138968
138969
138970
138971
138972
138973
138974
138975
138976
138977
138978
138979
138980
138981
138982
138983
138984
138985
138986
138987
138988
138989
138990
138991
138992
138993
138994
138995
138996
138997
138998
138999
139000
139001
139002
139003
139004
139005
139006
139007
139008
139009
139010
139011
139012
139013
139014
139015
139016
139017
139018
139019
139020
139021
139022
139023
139024
139025
139026
139027
139028
139029
139030
139031
139032
139033
139034
139035
139036
139037
139038
139039
139040
139041
139042
139043
139044
139045
139046
139047
139048
139049
139050
139051
139052
139053
139054
139055
139056
139057
139058
139059
139060
139061
139062
139063
139064
139065
139066
139067
139068
139069
139070
139071
139072
139073
139074
139075
139076
139077
139078
139079
139080
139081
139082
139083
139084
139085
139086
139087
139088
139089
139090
139091
139092
139093
139094
139095
139096
139097
139098
139099
139100
139101
139102
139103
139104
139105
139106
139107
139108
139109
139110
139111
139112
139113
139114
139115
139116
139117
139118
139119
139120
139121
139122
139123
139124
139125
139126
139127
139128
139129
139130
139131
139132
139133
139134
139135
139136
139137
139138
139139
139140
139141
139142
139143
139144
139145
139146
139147
139148
139149
139150
139151
139152
139153
139154
139155
139156
139157
139158
139159
139160
139161
139162
139163
139164
139165
139166
139167
139168
139169
139170
139171
139172
139173
139174
139175
139176
139177
139178
139179
139180
139181
139182
139183
139184
139185
139186
139187
139188
139189
139190
139191
139192
139193
139194
139195
139196
139197
139198
139199
139200
139201
139202
139203
139204
139205
139206
139207
139208
139209
139210
139211
139212
139213
139214
139215
139216
139217
139218
139219
139220
139221
139222
139223
139224
139225
139226
139227
139228
139229
139230
139231
139232
139233
139234
139235
139236
139237
139238
139239
139240
139241
139242
139243
139244
139245
139246
139247
139248
139249
139250
139251
139252
139253
139254
139255
139256
139257
139258
139259
139260
139261
139262
139263
139264
139265
139266
139267
139268
139269
139270
139271
139272
139273
139274
139275
139276
139277
139278
139279
139280
139281
139282
139283
139284
139285
139286
139287
139288
139289
139290
139291
139292
139293
139294
139295
139296
139297
139298
139299
139300
139301
139302
139303
139304
139305
139306
139307
139308
139309
139310
139311
139312
139313
139314
139315
139316
139317
139318
139319
139320
139321
139322
139323
139324
139325
139326
139327
139328
139329
139330
139331
139332
139333
139334
139335
139336
139337
139338
139339
139340
139341
139342
139343
139344
139345
139346
139347
139348
139349
139350
139351
139352
139353
139354
139355
139356
139357
139358
139359
139360
139361
139362
139363
139364
139365
139366
139367
139368
139369
139370
139371
139372
139373
139374
139375
139376
139377
139378
139379
139380
139381
139382
139383
139384
139385
139386
139387
139388
139389
139390
139391
139392
139393
139394
139395
139396
139397
139398
139399
139400
139401
139402
139403
139404
139405
139406
139407
139408
139409
139410
139411
139412
139413
139414
139415
139416
139417
139418
139419
139420
139421
139422
139423
139424
139425
139426
139427
139428
139429
139430
139431
139432
139433
139434
139435
139436
139437
139438
139439
139440
139441
139442
139443
139444
139445
139446
139447
139448
139449
139450
139451
139452
139453
139454
139455
139456
139457
139458
139459
139460
139461
139462
139463
139464
139465
139466
139467
139468
139469
139470
139471
139472
139473
139474
139475
139476
139477
139478
139479
139480
139481
139482
139483
139484
139485
139486
139487
139488
139489
139490
139491
139492
139493
139494
139495
139496
139497
139498
139499
139500
139501
139502
139503
139504
139505
139506
139507
139508
139509
139510
139511
139512
139513
139514
139515
139516
139517
139518
139519
139520
139521
139522
139523
139524
139525
139526
139527
139528
139529
139530
139531
139532
139533
139534
139535
139536
139537
139538
139539
139540
139541
139542
139543
139544
139545
139546
139547
139548
139549
139550
139551
139552
139554
139556
139558
139560
139562
139564
139566
139568
139570
139572
139574
139576
139578
139580
139582
139584
139586
139588
139590
139592
139594
139596
139598
139600
139602
139604
139606
139608
139610
139612
139614
139616
139618
139620
139622
139624
139626
139628
139630
139632
139634
139636
139638
139640
139642
139644
139646
139648
241851
241852
241853
241854
241855
241856
241857
241858
241859
241860
241861
241862
241863
241864
241865
241866
241867
241868
241869
241870
241871
241872
241873
241874
241875
241876
241877
241878
241879
241880
241881
241882
241883
241884
241885
241886
241887
241888
241889
241890
241891
241892
241893
241894
241895
241896
241897
241898
241899
241900
241901
241902
241903
241904
241905
241906
241907
241908
241909
241910
241911
241912
241913
241914
241915
241916
241917
241918
241919
241920
241921
241922
241923
241924
241925
241926
241927
241928
241929
241930
241931
241932
241933
241934
241935
241936
241937
241938
241939
241940
241941
241942
241943
241944
241945
241946
241947
241948
241949
241950
241951
241952
241953
241954
241955
241956
241957
241958
241959
241960
241961
241962
241963
241964
241965
241966
241967
241968
241969
241970
241971
241972
241973
241974
241975
241976
241977
241978
241979
241980
241981
241982
241983
241984
241985
241986
241987
241988
241989
241990
241991
241992
241993
241994
241995
241996
241997
241998
241999
242000
242001
242002
242003
242004
242005
242006
242007
242008
242009
242010
242011
242012
242013
242014
242015
242016
242017
242018
242019
242020
242021
242022
242023
242024
242025
242026
242027
242028
242029
242030
242031
242032
242033
242034
242035
242036
242037
242038
242039
242040
242041
242042
242043
242044
242045
242046
242047
242048
242049
242050
242051
242052
242053
242054
242055
242056
242057
242058
242059
242060
242061
242062
242063
242064
242065
242066
242067
242068
242069
242070
242071
242072
242073
242074
242075
242076
242077
242078
242079
242080
242081
242082
242083
242084
242085
242086
242087
242088
242089
242090
242091
242092
242093
242094
242095
242096
242097
242098
242099
242100
242101
242102
242103
242104
242105
242106
242107
242108
242109
242110
242111
242112
242113
242114
242115
242116
242117
242118
242119
242120
242121
242122
242123
242124
242125
242126
242127
242128
242129
242130
242131
242132
242133
242134
242135
242136
242137
242138
242139
242140
242141
242142
242143
242144
242145
242146
242147
242148
242149
242150
242151
242152
242153
242154
242155
242156
242157
242158
242159
242160
242161
242162
242163
242164
242165
242166
242167
242168
242169
242170
242171
242172
242173
242174
242175
242176
242177
242178
242179
242180
242181
242182
242183
242184
242185
242186
242187
242188
242189
242190
242191
242192
242193
242194
242195
242196
242197
242198
242199
242200
242201
242202
242203
242204
242205
242206
242207
242208
242209
242210
242211
242212
242213
242214
242215
242216
242217
242218
242219
242220
242221
242222
242223
242224
242225
242226
242227
242228
242229
242230
242231
242232
242233
242234
242235
242236
242237
242238
242239
242240
242241
242242
242243
242244
242245
242246
242247
242248
242249
242250
242251
242252
242253
242254
242255
242256
242257
242258
242259
242260
242261
242262
242263
242264
242265
242266
242267
242268
242269
242270
242271
242272
242273
242274
242275
242276
242277
242278
242279
242280
242281
242282
242283
242284
242285
242286
242287
242288
242289
242290
242291
242292
242293
242294
242295
242296
242297
242298
242299
242300
242301
242302
242303
242304
242305
242306
242307
242308
242309
242310
242311
242312
242313
242314
242315
242316
242317
242318
242319
242320
242321
242322
242323
242324
242325
242326
242327
242328
242329
242330
242331
242332
242333
242334
242335
242336
242337
242338
242339
242340
242341
242342
242343
242344
242345
242346
242347
242348
242349
242350
242351
242352
242353
242354
242355
242356
242357
242358
242359
242360
242361
242362
242363
242364
242365
242366
242367
242368
242369
242370
242371
242372
242373
242374
242375
242376
242377
242378
242379
242380
242381
242382
242383
242384
242385
242386
242387
242388
242389
242390
242391
242392
242393
242394
242395
242396
242397
242398
242399
242400
242401
242402
242403
242404
242405
242406
242407
242408
242409
242410
242411
242412
242413
242414
242415
242416
242417
242418
242419
242420
242421
242422
242423
242424
242425
242426
242427
242428
242429
242430
242431
242432
242433
242434
242435
242436
242437
242438
242439
242440
242441
242442
242443
242444
242445
242446
242447
242448
242449
242450
242451
242452
242453
242454
242455
242456
242457
242458
242459
242460
242461
242462
242463
242464
242465
242466
242467
242468
242469
242470
242471
242472
242473
242474
242475
242476
242477
242478
242479
242480
242481
242482
242483
242484
242485
242486
242487
242488
242489
242490
242491
242492
242493
242494
242495
242496
242497
242498
242499
242500
242501
242502
242503
242504
242505
242506
242507
242508
242509
242510
242511
242512
242513
242514
242515
242516
242517
242518
242519
242520
242521
242522
242523
242524
242525
242526
242527
242528
242529
242530
242531
242532
242533
242534
242535
242536
242537
242538
242539
242540
242541
242542
242543
242544
242545
242546
242547
242548
242549
242550
242551
242552
242553
242554
242555
242556
242557
242558
242559
242560
242561
242562
242563
242564
242565
242566
242567
242568
242569
242570
242571
242572
242573
242574
242575
242576
242577
242578
242579
242580
242581
242582
242583
242584
242585
242586
242587
242588
242589
242590
242591
242592
242593
242594
242595
242596
242597
242598
242599
242600
242601
242602
242603
242604
242605
242606
242607
242608
242609
242610
242611
242612
242613
242614
242615
242616
242617
242618
242619
242620
242621
242622
242623
242624
242625
242626
242627
242628
242629
242630
242631
242632
242633
242634
242635
242636
242637
242638
242639
242640
242641
242642
242643
242644
242645
242646
242647
242648
242649
242650
242651
242652
242653
242654
242655
242656
242657
242658
242659
242660
242661
242662
242663
242664
242665
242666
242667
242668
242669
242670
242671
242672
242673
242674
242675
242676
242677
242678
242679
242680
242681
242682
242683
242684
242685
242686
242687
242688
242689
242690
242691
242692
242693
242694
242695
242696
242697
242698
242699
242700
242701
242702
242703
242704
242705
242706
242707
242708
242709
242710
242711
242712
242713
242714
242715
242716
242717
242718
242719
242720
242721
242722
242723
242724
242725
242726
242727
242728
242729
242730
242731
242732
242733
242734
242735
242736
242737
242738
242739
242740
242741
242742
242743
242744
242745
242746
242747
242748
242749
242750
242751
242752
242753
242754
242755
242756
242757
242758
242759
242760
242761
242762
242763
242764
242765
242766
242767
242768
242769
242770
242771
242772
242773
242774
242775
242776
242777
242778
242779
242780
242781
242782
242783
242784
242785
242786
242787
242788
242789
242790
242791
242792
242793
242794
242795
242796
242797
242798
242799
242800
242801
242802
242803
242804
242805
242806
242807
242808
242809
242810
242811
242812
242813
242814
242815
242816
242817
242818
242819
242820
242821
242822
242823
242824
242825
242826
242827
242828
242829
242830
242831
242832
242833
242834
242835
242836
242837
242838
242839
242840
242841
242842
242843
242844
242845
242846
242847
242848
242849
242850
242851
242852
242853
242854
242855
242856
242857
242858
242859
242860
242861
242862
242863
242864
242865
242866
242867
242868
242869
242870
242871
242872
242873
242874
242875
242876
242877
242878
242879
242880
242881
242882
242883
242884
242885
242886
242887
242888
242889
242890
242891
242892
242893
242894
242895
242896
242897
242898
242899
242900
242901
242902
242903
242904
242905
242906
242907
242908
242909
242910
242911
242912
242913
242914
242915
242916
242917
242918
242919
242920
242921
242922
242923
242924
242925
242926
242927
242928
242929
242930
242931
242932
242933
242934
242935
242936
242937
242938
242939
242940
242941
242942
242943
242944
242945
242946
242947
242948
242949
242950
242951
242952
242953
242954
242955
242956
242957
242958
242959
242960
242961
242962
242963
242964
242965
242966
242967
242968
242969
242970
242971
242972
242973
242974
242975
242976
242977
242978
242979
242980
242981
242982
242983
242984
242985
242986
242987
242988
242989
242990
242991
242992
242993
242994
242995
242996
242997
242998
242999
243000
243001
243002
243003
243004
243005
243006
243007
243008
243009
243010
243011
243012
243013
243014
243015
243016
243017
243018
243019
243020
243021
243022
243023
243024
243025
243026
243027
243028
243029
243030
243031
243032
243033
243034
243035
243036
243037
243038
243039
243040
243041
243042
243043
243044
243045
243046
243047
243048
243049
243050
243051
243052
243053
243054
243055
243056
243057
243058
243059
243060
243061
243062
243063
243064
243065
243066
243067
243068
243069
243070
243071
243072
243073
243074
243075
243076
243077
243078
243079
243080
243081
243082
243083
243084
243085
243086
243087
243088
243089
243090
243091
243092
243093
243094
243095
243096
243097
243098
243099
243100
243101
243102
243103
243104
243105
243106
243107
243108
243109
243110
243111
243112
243113
243114
243115
243116
243117
243118
243119
243120
243121
243122
243123
243124
243125
243126
243127
243128
243129
243130
243131
243132
243133
243134
243135
243136
243137
243138
243139
243140
243141
243142
243143
243144
243145
243146
243147
243148
243149
243150
243151
243152
243153
243154
243155
243156
243157
243158
243159
243160
243161
243162
243163
243164
243165
243166
243167
243168
243169
243170
243171
243172
243173
243174
243175
243176
243177
243178
243179
243180
243181
243182
243183
243184
243185
243186
243187
243188
243189
243190
243191
243192
243193
243194
243195
243196
243197
243198
243199
243200
243201
243202
243203
243204
243205
243206
243207
243208
243209
243210
243211
243212
243213
243214
243215
243216
243217
243218
243219
243220
243221
243222
243223
243224
243225
243226
243227
243228
243229
243230
243231
243232
243233
243234
243235
243236
243237
243238
243239
243240
243241
243242
243243
243244
243245
243246
243247
243248
243249
243250
243251
243252
243253
243254
243255
243256
243257
243258
243259
243260
243261
243262
243263
243264
243265
243266
243267
243268
243269
243270
243271
243272
243273
243274
243275
243276
243277
243278
243279
243280
243281
243282
243283
243284
243285
243286
243287
243288
243289
243290
243291
243292
243293
243294
243295
243296
243297
243298
243299
243300
243301
243302
243303
243304
243305
243306
243307
243308
243309
243310
243311
243312
243313
243314
243315
243316
243317
243318
243319
243320
243321
243322
243323
243324
243325
243326
243327
243328
243329
243330
243331
243332
243333
243334
243335
243336
243337
243338
243339
243340
243341
243342
243343
243344
243345
243346
243347
243348
243349
243350
243351
243352
243353
243354
243355
243356
243357
243358
243359
243360
243361
243362
243363
243364
243365
243366
243367
243368
243369
243370
243371
243372
243373
243374
243375
243376
243377
243378
243379
243380
243381
243382
243383
243384
243385
243386
243387
243388
243389
243390
243391
243392
243393
243394
243395
243396
243397
243398
243399
243400
243401
243402
243403
243404
243405
243406
243407
243408
243409
243410
243411
243412
243413
243414
243415
243416
243417
243418
243419
243420
243421
243422
243423
243424
243425
243426
243427
243428
243429
243430
243431
243432
243433
243434
243435
243436
243437
243438
243439
243440
243441
243442
243443
243444
243445
243446
243447
243448
243449
243450
243451
243452
243453
243454
243455
243456
243457
243458
243459
243460
243461
243462
243463
243464
243465
243466
243467
243468
243469
243470
243471
243472
243473
243474
243475
243476
243477
243478
243479
243480
243481
243482
243483
243484
243485
243486
243487
243488
243489
243490
243491
243492
243493
243494
243495
243496
243497
243498
243499
243500
243501
243502
243503
243504
243505
243506
243507
243508
243509
243510
243511
243512
243513
243514
243515
243516
243517
243518
243519
243520
243521
243522
243523
243524
243525
243526
243527
243528
243529
243530
243531
243532
243533
243534
243535
243536
243537
243538
243539
243540
243541
243542
243543
243544
243545
243546
243547
243548
243549
243550
243551
243552
243553
243554
243555
243556
243557
243558
243559
243560
243561
243562
243563
243564
243565
243566
243567
243568
243569
243570
243571
243572
243573
243574
243575
243576
243577
243578
243579
243580
243581
243582
243583
243584
243585
243586
243587
243588
243589
243590
243591
243592
243593
243594
243595
243596
243597
243598
243599
243600
243601
243602
243603
243604
243605
243606
243607
243608
243609
243610
243611
243612
243613
243614
243615
243616
243617
243618
243619
243620
243621
243622
243623
243624
243625
243626
243627
243628
243629
243630
243631
243632
243633
243634
243635
243636
243637
243638
243639
243640
243641
243642
243643
243644
243645
243646
243647
243648
243649
243650
243651
243652
243653
243654
243655
243656
243657
243658
243659
243660
243661
243662
243663
243664
243665
243666
243667
243668
243669
243670
243671
243672
243673
243674
243675
243676
243677
243678
243679
243680
243681
243682
243683
243684
243685
243686
243687
243688
243689
243690
243691
243692
243693
243694
243695
243696
243697
243698
243699
243700
243701
243702
243703
243704
243705
243706
243707
243708
243709
243710
243711
243712
243713
243714
243715
243716
243717
243718
243719
243720
243721
243722
243723
243724
243725
243726
243727
243728
243729
243730
243731
243732
243733
243734
243735
243736
243737
243738
243739
243740
243741
243742
243743
243744
243745
243746
243747
243748
243749
243750
243751
243752
243753
243754
243755
243756
243757
243758
243759
243760
243761
243762
243763
243764
243765
243766
243767
243768
243769
243770
243771
243772
243773
243774
243775
243776
243777
243778
243779
243780
243781
243782
243783
243784
243785
243786
243787
243788
243789
243790
243791
243792
243793
243794
243795
243796
243797
243798
243799
243800
243801
243802
243803
243804
243805
243806
243807
243808
243809
243810
243811
243812
243813
243814
243815
243816
243817
243818
243819
243820
243821
243822
243823
243824
243825
243826
243827
243828
243829
243830
243831
243832
243833
243834
243835
243836
243837
243838
243839
243840
243841
243842
243843
243844
243845
243846
243847
243848
243849
243850
243851
243852
243853
243854
243855
243856
243857
243858
243859
243860
243861
243862
243863
243864
243865
243866
243867
243868
243869
243870
243871
243872
243873
243874
243875
243876
243877
243878
243879
243880
243881
243882
243883
243884
243885
243886
243887
243888
243889
243890
243891
243892
243893
243894
243895
243896
243897
243898
243899
243900
243901
243902
243903
243904
243905
243906
243907
243908
243909
243910
243911
243912
243913
243914
243915
243916
243917
243918
243919
243920
243921
243922
243923
243924
243925
243926
243927
243928
243929
243930
243931
243932
243933
243934
243935
243936
243937
243938
243939
243940
243941
243942
243943
243944
243945
243946
243947
243948
243949
243950
243951
243952
243953
243954
243955
243956
243957
243958
243959
243960
243961
243962
243963
243964
243965
243966
243967
243968
243969
243970
243971
243972
243973
243974
243975
243976
243977
243978
243979
243980
243981
243982
243983
243984
243985
243986
243987
243988
243989
243990
243991
243992
243993
243994
243995
243996
243997
243998
243999
244000
244001
244002
244003
244004
244005
244006
244007
244008
244009
244010
244011
244012
244013
244014
244015
244016
244017
244018
244019
244020
244021
244022
244023
244024
244025
244026
244027
244028
244029
244030
244031
244032
244033
244034
244035
244036
244037
244038
244039
244040
244041
244042
244043
244044
244045
244046
244047
244048
244049
244050
244051
244052
244053
244054
244055
244056
244057
244058
244059
244060
244061
244062
244063
244064
244065
244066
244067
244068
244069
244070
244071
244072
244073
244074
244075
244076
244077
244078
244079
244080
244081
244082
244083
244084
244085
244086
244087
244088
244089
244090
244091
244092
244093
244094
244095
244096
244097
244098
244099
244100
244101
244102
244103
244104
244105
244106
244107
244108
244109
244110
244111
244112
244113
244114
244115
244116
244117
244118
244119
244120
244121
244122
244123
244124
244125
244126
244127
244128
244129
244130
244131
244132
244133
244134
244135
244136
244137
244138
244139
244140
244141
244142
244143
244144
244145
244146
244147
244148
244149
244150
244151
244152
244153
244154
244155
244156
244157
244158
244159
244160
244161
244162
244163
244164
244165
244166
244167
244168
244169
244170
244171
244172
244173
244174
244175
244176
244177
244178
244179
244180
244181
244182
244183
244184
244185
244186
244187
244188
244189
244190
244191
244192
244193
244194
244195
244196
244197
244198
244199
244200
244201
244202
244203
244204
244205
244206
244207
244208
244209
244210
244211
244212
244213
244214
244215
244216
244217
244218
244219
244220
244221
244222
244223
244224
244225
244226
244227
244228
244229
244230
244231
244232
244233
244234
244235
244236
244237
244238
244239
244240
244241
244242
244243
244244
244245
244246
244247
244248
244249
244250
244251
244252
244253
244254
244255
244256
244257
244258
244259
244260
244261
244262
244263
244264
244265
244266
244267
244268
244269
244270
244271
244272
244273
244274
244275
244276
244277
244278
244279
244280
244281
244282
244283
244284
244285
244286
244287
244288
244289
244290
244291
244292
244293
244294
244295
244296
244297
244298
244299
244300
244301
244302
244303
244304
244305
244306
244307
244308
244309
244310
244311
244312
244313
244314
244315
244316
244317
244318
244319
244320
244321
244322
244323
244324
244325
244326
244327
244328
244329
244330
244331
244332
244333
244334
244335
244336
244337
244338
244339
244340
244341
244342
244343
244344
244345
244346
244347
244348
244349
244350
329351
329352
329353
329354
329355
329356
329357
329358
329359
329360
329361
329362
329363
329364
329365
329366
329367
329368
329369
329370
329371
329372
329373
329374
329375
329376
329377
329378
329379
329380
329381
329382
329383
329384
329385
329386
329387
329388
329389
329390
329391
329392
329393
329394
329395
329396
329397
329398
329399
329400
329401
329402
329403
329404
329405
329406
329407
329408
329409
329410
329411
329412
329413
329414
329415
329416
329417
329418
329419
329420
329421
329422
329423
329424
329425
329426
329427
329428
329429
329430
329431
329432
329433
329434
329435
329436
329437
329438
329439
329440
329441
329442
329443
329444
329445
329446
329447
329448
329449
329450
329451
329452
329453
329454
329455
329456
329457
329458
329459
329460
329461
329462
329463
329464
329465
329466
329467
329468
329469
329470
329471
329472
329473
329474
329475
329476
329477
329478
329479
329480
329481
329482
329483
329484
329485
329486
329487
329488
329489
329490
329491
329492
329493
329494
329495
329496
329497
329498
329499
329500
329501
329502
329503
329504
329505
329506
329507
329508
329509
329510
329511
329512
329513
329514
329515
329516
329517
329518
329519
329520
329521
329522
329523
329524
329525
329526
329527
329528
329529
329530
329531
329532
329533
329534
329535
329536
329537
329538
329539
329540
329541
329542
329543
329544
329545
329546
329547
329548
329549
329550
329551
329552
329553
329554
329555
329556
329557
329558
329559
329560
329561
329562
329563
329564
329565
329566
329567
329568
329569
329570
329571
329572
329573
329574
329575
329576
329577
329578
329579
329580
329581
329582
329583
329584
329585
329586
329587
329588
329589
329590
329591
329592
329593
329594
329595
329596
329597
329598
329599
329600
329601
329602
329603
329604
329605
329606
329607
329608
329609
329610
329611
329612
329613
329614
329615
329616
329617
329618
329619
329620
329621
329622
329623
329624
329625
329626
329627
329628
329629
329630
329631
329632
329633
329634
329635
329636
329637
329638
329639
329640
329641
329642
329643
329644
329645
329646
329647
329648
329649
329650
329651
329652
329653
329654
329655
329656
329657
329658
329659
329660
329661
329662
329663
329664
329665
329666
329667
329668
329669
329670
329671
329672
329673
329674
329675
329676
329677
329678
329679
329680
329681
329682
329683
329684
329685
329686
329687
329688
329689
329690
329691
329692
329693
329694
329695
329696
329697
329698
329699
329700
329701
329702
329703
329704
329705
329706
329707
329708
329709
329710
329711
329712
329713
329714
329715
329716
329717
329718
329719
329720
329721
329722
329723
329724
329725
329726
329727
329728
329729
329730
329731
329732
329733
329734
329735
329736
329737
329738
329739
329740
329741
329742
329743
329744
329745
329746
329747
329748
329749
329750
329751
329752
329753
329754
329755
329756
329757
329758
329759
329760
329761
329762
329763
329764
329765
329766
329767
329768
329769
329770
329771
329772
329773
329774
329775
329776
329777
329778
329779
329780
329781
329782
329783
329784
329785
329786
329787
329788
329789
329790
329791
329792
329793
329794
329795
329796
329797
329798
329799
329800
329801
329802
329803
329804
329805
329806
329807
329808
329809
329810
329811
329812
329813
329814
329815
329816
329817
329818
329819
329820
329821
329822
329823
329824
329825
329826
329827
329828
329829
329830
329831
329832
329833
329834
329835
329836
329837
329838
329839
329840
329841
329842
329843
329844
329845
329846
329847
329848
329849
329850
329851
329852
329853
329854
329855
329856
329857
329858
329859
329860
329861
329862
329863
329864
329865
329866
329867
329868
329869
329870
329871
329872
329873
329874
329875
329876
329877
329878
329879
329880
329881
329882
329883
329884
329885
329886
329887
329888
329889
329890
329891
329892
329893
329894
329895
329896
329897
329898
329899
329900
329901
329902
329903
329904
329905
329906
329907
329908
329909
329910
329911
329912
329913
329914
329915
329916
329917
329918
329919
329920
329921
329922
329923
329924
329925
329926
329927
329928
329929
329930
329931
329932
329933
329934
329935
329936
329937
329938
329939
329940
329941
329942
329943
329944
329945
329946
329947
329948
329949
329950
329951
329952
329953
329954
329955
329956
329957
329958
329959
329960
329961
329962
329963
329964
329965
329966
329967
329968
329969
329970
329971
329972
329973
329974
329975
329976
329977
329978
329979
329980
329981
329982
329983
329984
329985
329986
329987
329988
329989
329990
329991
329992
329993
329994
329995
329996
329997
329998
329999
330000
330001
330002
330003
330004
330005
330006
330007
330008
330009
330010
330011
330012
330013
330014
330015
330016
330017
330018
330019
330020
330021
330022
330023
330024
330025
330026
330027
330028
330029
330030
330031
330032
330033
330034
330035
330036
330037
330038
330039
330040
330041
330042
330043
330044
330045
330046
330047
330048
330049
330050
330051
330052
330053
330054
330055
330056
330057
330058
330059
330060
330061
330062
330063
330064
330065
330066
330067
330068
330069
330070
330071
330072
330073
330074
330075
330076
330077
330078
330079
330080
330081
330082
330083
330084
330085
330086
330087
330088
330089
330090
330091
330092
330093
330094
330095
330096
330097
330098
330099
330100
330101
330102
330103
330104
330105
330106
330107
330108
330109
330110
330111
330112
330113
330114
330115
330116
330117
330118
330119
330120
330121
330122
330123
330124
330125
330126
330127
330128
330129
330130
330131
330132
330133
330134
330135
330136
330137
330138
330139
330140
330141
330142
330143
330144
330145
330146
330147
330148
330149
330150
330151
330152
330153
330154
330155
330156
330157
330158
330159
330160
330161
330162
330163
330164
330165
330166
330167
330168
330169
330170
330171
330172
330173
330174
330175
330176
330177
330178
330179
330180
330181
330182
330183
330184
330185
330186
330187
330188
330189
330190
330191
330192
330193
330194
330195
330196
330197
330198
330199
330200
330201
330202
330203
330204
330205
330206
330207
330208
330209
330210
330211
330212
330213
330214
330215
330216
330217
330218
330219
330220
330221
330222
330223
330224
330225
330226
330227
330228
330229
330230
330231
330232
330233
330234
330235
330236
330237
330238
330239
330240
330241
330242
330243
330244
330245
330246
330247
330248
330249
330250
330251
330252
330253
330254
330255
330256
330257
330258
330259
330260
330261
330262
330263
330264
330265
330266
330267
330268
330269
330270
330271
330272
330273
330274
330275
330276
330277
330278
330279
330280
330281
330282
330283
330284
330285
330286
330287
330288
330289
330290
330291
330292
330293
330294
330295
330296
330297
330298
330299
330300
330301
330302
330303
330304
330305
330306
330307
330308
330309
330310
330311
330312
330313
330314
330315
330316
330317
330318
330319
330320
330321
330322
330323
330324
330325
330326
330327
330328
330329
330330
330331
330332
330333
330334
330335
330336
330337
330338
330339
330340
330341
330342
330343
330344
330345
330346
330347
330348
330349
330350
330351
330352
330353
330354
330355
330356
330357
330358
330359
330360
330361
330362
330363
330364
330365
330366
330367
330368
330369
330370
330371
330372
330373
330374
330375
330376
330377
330378
330379
330380
330381
330382
330383
330384
330385
330386
330387
330388
330389
330390
330391
330392
330393
330394
330395
330396
330397
330398
330399
330400
330401
330402
330403
330404
330405
330406
330407
330408
330409
330410
330411
330412
330413
330414
330415
330416
330417
330418
330419
330420
330421
330422
330423
330424
330425
330426
330427
330428
330429
330430
330431
330432
330433
330434
330435
330436
330437
330438
330439
330440
330441
330442
330443
330444
330445
330446
330447
330448
330449
330450
330451
330452
330453
330454
330455
330456
330457
330458
330459
330460
330461
330462
330463
330464
330465
330466
330467
330468
330469
330470
330471
330472
330473
330474
330475
330476
330477
330478
330479
330480
330481
330482
330483
330484
330485
330486
330487
330488
330489
330490
330491
330492
330493
330494
330495
330496
330497
330498
330499
330500
330501
330502
330503
330504
330505
330506
330507
330508
330509
330510
330511
330512
330513
330514
330515
330516
330517
330518
330519
330520
330521
330522
330523
330524
330525
330526
330527
330528
330529
330530
330531
330532
330533
330534
330535
330536
330537
330538
330539
330540
330541
330542
330543
330544
330545
330546
330547
330548
330549
330550
330551
330552
330553
330554
330555
330556
330557
330558
330559
330560
330561
330562
330563
330564
330565
330566
330567
330568
330569
330570
330571
330572
330573
330574
330575
330576
330577
330578
330579
330580
330581
330582
330583
330584
330585
330586
330587
330588
330589
330590
330591
330592
330593
330594
330595
330596
330597
330598
330599
330600
330601
330602
330603
330604
330605
330606
330607
330608
330609
330610
330611
330612
330613
330614
330615
330616
330617
330618
330619
330620
330621
330622
330623
330624
330625
330626
330627
330628
330629
330630
330631
330632
330633
330634
330635
330636
330637
330638
330639
330640
330641
330642
330643
330644
330645
330646
330647
330648
330649
330650
330651
330652
330653
330654
330655
330656
330657
330658
330659
330660
330661
330662
330663
330664
330665
330666
330667
330668
330669
330670
330671
330672
330673
330674
330675
330676
330677
330678
330679
330680
330681
330682
330683
330684
330685
330686
330687
330688
330689
330690
330691
330692
330693
330694
330695
330696
330697
330698
330699
330700
330701
330702
330703
330704
330705
330706
330707
330708
330709
330710
330711
330712
330713
330714
330715
330716
330717
330718
330719
330720
330721
330722
330723
330724
330725
330726
330727
330728
330729
330730
330731
330732
330733
330734
330735
330736
330737
330738
330739
330740
330741
330742
330743
330744
330745
330746
330747
330748
330749
330750
330751
330752
330753
330754
330755
330756
330757
330758
330759
330760
330761
330762
330763
330764
330765
330766
330767
330768
330769
330770
330771
330772
330773
330774
330775
330776
330777
330778
330779
330780
330781
330782
330783
330784
330785
330786
330787
330788
330789
330790
330791
330792
330793
330794
330795
330796
330797
330798
330799
330800
330801
330802
330803
330804
330805
330806
330807
330808
330809
330810
330811
330812
330813
330814
330815
330816
330817
330818
330819
330820
330821
330822
330823
330824
330825
330826
330827
330828
330829
330830
330831
330832
330833
330834
330835
330836
330837
330838
330839
330840
330841
330842
330843
330844
330845
330846
330847
330848
330849
330850
330851
330852
330853
330854
330855
330856
330857
330858
330859
330860
330861
330862
330863
330864
330865
330866
330867
330868
330869
330870
330871
330872
330873
330874
330875
330876
330877
330878
330879
330880
330881
330882
330883
330884
330885
330886
330887
330888
330889
330890
330891
330892
330893
330894
330895
330896
330897
330898
330899
330900
330901
330902
330903
330904
330905
330906
330907
330908
330909
330910
330911
330912
330913
330914
330915
330916
330917
330918
330919
330920
330921
330922
330923
330924
330925
330926
330927
330928
330929
330930
330931
330932
330933
330934
330935
330936
330937
330938
330939
330940
330941
330942
330943
330944
330945
330946
330947
330948
330949
330950
330951
330952
330953
330954
330955
330956
330957
330958
330959
330960
330961
330962
330963
330964
330965
330966
330967
330968
330969
330970
330971
330972
330973
330974
330975
330976
330977
330978
330979
330980
330981
330982
330983
330984
330985
330986
330987
330988
330989
330990
330991
330992
330993
330994
330995
330996
330997
330998
330999
331000
331001
331002
331003
331004
331005
331006
331007
331008
331009
331010
331011
331012
331013
331014
331015
331016
331017
331018
331019
331020
331021
331022
331023
331024
331025
331026
331027
331028
331029
331030
331031
331032
331033
331034
331035
331036
331037
331038
331039
331040
331041
331042
331043
331044
331045
331046
331047
331048
331049
331050
331051
331052
331053
331054
331055
331056
331057
331058
331059
331060
331061
331062
331063
331064
331065
331066
331067
331068
331069
331070
331071
331072
331073
331074
331075
331076
331077
331078
331079
331080
331081
331082
331083
331084
331085
331086
331087
331088
331089
331090
331091
331092
331093
331094
331095
331096
331097
331098
331099
331100
331101
331102
331103
331104
331105
331106
331107
331108
331109
331110
331111
331112
331113
331114
331115
331116
331117
331118
331119
331120
331121
331122
331123
331124
331125
331126
331127
331128
331129
331130
331131
331132
331133
331134
331135
331136
331137
331138
331139
331140
331141
331142
331143
331144
331145
331146
331147
331148
331149
331150
331151
331152
331153
331154
331155
331156
331157
331158
331159
331160
331161
331162
331163
331164
331165
331166
331167
331168
331169
331170
331171
331172
331173
331174
331175
331176
331177
331178
331179
331180
331181
331182
331183
331184
331185
331186
331187
331188
331189
331190
331191
331192
331193
331194
331195
331196
331197
331198
331199
331200
331201
331202
331203
331204
331205
331206
331207
331208
331209
331210
331211
331212
331213
331214
331215
331216
331217
331218
331219
331220
331221
331222
331223
331224
331225
331226
331227
331228
331229
331230
331231
331232
331233
331234
331235
331236
331237
331238
331239
331240
331241
331242
331243
331244
331245
331246
331247
331248
331249
331250
331251
331252
331253
331254
331255
331256
331257
331258
331259
331260
331261
331262
331263
331264
331265
331266
331267
331268
331269
331270
331271
331272
331273
331274
331275
331276
331277
331278
331279
331280
331281
331282
331283
331284
331285
331286
331287
331288
331289
331290
331291
331292
331293
331294
331295
331296
331297
331298
331299
331300
331301
331302
331303
331304
331305
331306
331307
331308
331309
331310
331311
331312
331313
331314
331315
331316
331317
331318
331319
331320
331321
331322
331323
331324
331325
331326
331327
331328
331329
331330
331331
331332
331333
331334
331335
331336
331337
331338
331339
331340
331341
331342
331343
331344
331345
331346
331347
331348
331349
331350
331351
331352
331353
331354
331355
331356
331357
331358
331359
331360
331361
331362
331363
331364
331365
331366
331367
331368
331369
331370
331371
331372
331373
331374
331375
331376
331377
331378
331379
331380
331381
331382
331383
331384
331385
331386
331387
331388
331389
331390
331391
331392
331393
331394
331395
331396
331397
331398
331399
331400
331401
331402
331403
331404
331405
331406
331407
331408
331409
331410
331411
331412
331413
331414
331415
331416
331417
331418
331419
331420
331421
331422
331423
331424
331425
331426
331427
331428
331429
331430
331431
331432
331433
331434
331435
331436
331437
331438
331439
331440
331441
331442
331443
331444
331445
331446
331447
331448
331449
331450
331451
331452
331453
331454
331455
331456
331457
331458
331459
331460
331461
331462
331463
331464
331465
331466
331467
331468
331469
331470
331471
331472
331473
331474
331475
331476
331477
331478
331479
331480
331481
331482
331483
331484
331485
331486
331487
331488
331489
331490
331491
331492
331493
331494
331495
331496
331497
331498
331499
331500
331501
331502
331503
331504
331505
331506
331507
331508
331509
331510
331511
331512
331513
331514
331515
331516
331517
331518
331519
331520
331521
331522
331523
331524
331525
331526
331527
331528
331529
331530
331531
331532
331533
331534
331535
331536
331537
331538
331539
331540
331541
331542
331543
331544
331545
331546
331547
331548
331549
331550
331551
331552
331553
331554
331555
331556
331557
331558
331559
331560
331561
331562
331563
331564
331565
331566
331567
331568
331569
331570
331571
331572
331573
331574
331575
331576
331577
331578
331579
331580
331581
331582
331583
331584
331585
331586
331587
331588
331589
331590
331591
331592
331593
331594
331595
331596
331597
331598
331599
331600
331601
331602
331603
331604
331605
331606
331607
331608
331609
331610
331611
331612
331613
331614
331615
331616
331617
331618
331619
331620
331621
331622
331623
331624
331625
331626
331627
331628
331629
331630
331631
331632
331633
331634
331635
331636
331637
331638
331639
331640
331641
331642
331643
331644
331645
331646
331647
331648
331649
331650
331651
331652
331653
331654
331655
331656
331657
331658
331659
331660
331661
331662
331663
331664
331665
331666
331667
331668
331669
331670
331671
331672
331673
331674
331675
331676
331677
331678
331679
331680
331681
331682
331683
331684
331685
331686
331687
331688
331689
331690
331691
331692
331693
331694
331695
331696
331697
331698
331699
331700
331701
331702
331703
331704
331705
331706
331707
331708
331709
331710
331711
331712
331713
331714
331715
331716
331717
331718
331719
331720
331721
331722
331723
331724
331725
331726
331727
331728
331729
331730
331731
331732
331733
331734
331735
331736
331737
331738
331739
331740
331741
331742
331743
331744
331745
331746
331747
331748
331749
331750
331751
331752
331753
331754
331755
331756
331757
331758
331759
331760
331761
331762
331763
331764
331765
331766
331767
331768
331769
331770
331771
331772
331773
331774
331775
331776
331777
331778
331779
331780
331781
331782
331783
331784
331785
331786
331787
331788
331789
331790
331791
331792
331793
331794
331795
331796
331797
331798
331799
331800
331801
331802
331803
331804
331805
331806
331807
331808
331809
331810
331811
331812
331813
331814
331815
331816
331817
331818
331819
331820
331821
331822
331823
331824
331825
331826
331827
331828
331829
331830
331831
331832
331833
331834
331835
331836
331837
331838
331839
331840
331841
331842
331843
331844
331845
331846
331847
331848
331849
331850
349851
349852
349853
349854
349855
349856
349857
349858
349859
349860
349861
349862
349863
349864
349865
349866
349867
349868
349869
349870
349871
349872
349873
349874
349875
349876
349877
349878
349879
349880
349881
349882
349883
349884
349885
349886
349887
349888
349889
349890
349891
349892
349893
349894
349895
349896
349897
349898
349899
349900
139553
139555
139557
139559
139561
139563
139565
139567
139569
139571
139573
139575
139577
139579
139581
139583
139585
139587
139589
139591
139593
139595
139597
139599
139601
139603
139605
139607
139609
139611
139613
139615
139617
139619
139621
139623
139625
139627
139629
139631
139633
139635
139637
139639
139641
139643
139645
139647
139649
139650
-119603
-119605
-119607
-119609
-119611
-119613
-119615
-119617
-119619
-119621
-119623
-119625
-119627
-119629
-119631
-119633
-119635
-119637
-119639
-119641
-119643
-119645
-119647
-119649
-119651
-119653
-119655
-119657
-119659
-119661
-119663
-119665
-119667
-119669
-119671
-119673
-119675
-119677
-119679
-119681
-119683
-119685
-119687
-119689
-119691
-119693
-119695
-119697
-119699
-119700
-129800
-129900
-130000
-130100
-130200
-130300
-130400
-130500
-130600
-130700
-130800
-130900
-131000
-131100
-131200
-131300
-131400
-131500
-131600
-131700
-131800
-131900
-132000
-132100
-132200
-132300
-132400
-132500
-132600
-132700
-132800
-132900
-133000
-133100
-133200
-133300
-133400
-133500
-133600
-133700
-133800
-133900
-134000
-134100
-134200
-134300
-134400
-134500
-134600
-134699
)


// ************************************************************************* //
