/*--------------------------------*- C++ -*----------------------------------*\
| =========                 |                                                 |
| \\      /  F ield         | OpenFOAM: The Open Source CFD Toolbox           |
|  \\    /   O peration     | Version:  v1906                                 |
|   \\  /    A nd           | Web:      www.OpenFOAM.com                      |
|    \\/     M anipulation  |                                                 |
\*---------------------------------------------------------------------------*/
FoamFile
{
    version     2.0;
    format      ascii;
    class       labelList;
    location    "constant/water0/polyMesh";
    object      faceRegionAddressing;
}
// * * * * * * * * * * * * * * * * * * * * * * * * * * * * * * * * * * * * * //


10050
(
1
2
3
4
5
6
7
8
9
10
11
12
13
14
15
16
17
18
19
20
21
22
23
24
25
26
27
28
29
30
31
32
33
34
35
36
37
38
39
40
41
42
43
44
45
46
47
48
49
50
51
52
53
54
55
56
57
58
59
60
61
62
63
64
65
66
67
68
69
70
71
72
73
74
75
76
77
78
79
80
81
82
83
84
85
86
87
88
89
90
91
92
93
94
95
96
97
98
99
101
102
103
104
105
106
107
108
109
110
111
112
113
114
115
116
117
118
119
120
121
122
123
124
125
126
127
128
129
130
131
132
133
134
135
136
137
138
139
140
141
142
143
144
145
146
147
148
149
150
151
152
153
154
155
156
157
158
159
160
161
162
163
164
165
166
167
168
169
170
171
172
173
174
175
176
177
178
179
180
181
182
183
184
185
186
187
188
189
190
191
192
193
194
195
196
197
198
199
201
202
203
204
205
206
207
208
209
210
211
212
213
214
215
216
217
218
219
220
221
222
223
224
225
226
227
228
229
230
231
232
233
234
235
236
237
238
239
240
241
242
243
244
245
246
247
248
249
250
251
252
253
254
255
256
257
258
259
260
261
262
263
264
265
266
267
268
269
270
271
272
273
274
275
276
277
278
279
280
281
282
283
284
285
286
287
288
289
290
291
292
293
294
295
296
297
298
299
301
302
303
304
305
306
307
308
309
310
311
312
313
314
315
316
317
318
319
320
321
322
323
324
325
326
327
328
329
330
331
332
333
334
335
336
337
338
339
340
341
342
343
344
345
346
347
348
349
350
351
352
353
354
355
356
357
358
359
360
361
362
363
364
365
366
367
368
369
370
371
372
373
374
375
376
377
378
379
380
381
382
383
384
385
386
387
388
389
390
391
392
393
394
395
396
397
398
399
401
402
403
404
405
406
407
408
409
410
411
412
413
414
415
416
417
418
419
420
421
422
423
424
425
426
427
428
429
430
431
432
433
434
435
436
437
438
439
440
441
442
443
444
445
446
447
448
449
450
451
452
453
454
455
456
457
458
459
460
461
462
463
464
465
466
467
468
469
470
471
472
473
474
475
476
477
478
479
480
481
482
483
484
485
486
487
488
489
490
491
492
493
494
495
496
497
498
499
501
502
503
504
505
506
507
508
509
510
511
512
513
514
515
516
517
518
519
520
521
522
523
524
525
526
527
528
529
530
531
532
533
534
535
536
537
538
539
540
541
542
543
544
545
546
547
548
549
550
551
552
553
554
555
556
557
558
559
560
561
562
563
564
565
566
567
568
569
570
571
572
573
574
575
576
577
578
579
580
581
582
583
584
585
586
587
588
589
590
591
592
593
594
595
596
597
598
599
601
602
603
604
605
606
607
608
609
610
611
612
613
614
615
616
617
618
619
620
621
622
623
624
625
626
627
628
629
630
631
632
633
634
635
636
637
638
639
640
641
642
643
644
645
646
647
648
649
650
651
652
653
654
655
656
657
658
659
660
661
662
663
664
665
666
667
668
669
670
671
672
673
674
675
676
677
678
679
680
681
682
683
684
685
686
687
688
689
690
691
692
693
694
695
696
697
698
699
701
702
703
704
705
706
707
708
709
710
711
712
713
714
715
716
717
718
719
720
721
722
723
724
725
726
727
728
729
730
731
732
733
734
735
736
737
738
739
740
741
742
743
744
745
746
747
748
749
750
751
752
753
754
755
756
757
758
759
760
761
762
763
764
765
766
767
768
769
770
771
772
773
774
775
776
777
778
779
780
781
782
783
784
785
786
787
788
789
790
791
792
793
794
795
796
797
798
799
801
802
803
804
805
806
807
808
809
810
811
812
813
814
815
816
817
818
819
820
821
822
823
824
825
826
827
828
829
830
831
832
833
834
835
836
837
838
839
840
841
842
843
844
845
846
847
848
849
850
851
852
853
854
855
856
857
858
859
860
861
862
863
864
865
866
867
868
869
870
871
872
873
874
875
876
877
878
879
880
881
882
883
884
885
886
887
888
889
890
891
892
893
894
895
896
897
898
899
901
902
903
904
905
906
907
908
909
910
911
912
913
914
915
916
917
918
919
920
921
922
923
924
925
926
927
928
929
930
931
932
933
934
935
936
937
938
939
940
941
942
943
944
945
946
947
948
949
950
951
952
953
954
955
956
957
958
959
960
961
962
963
964
965
966
967
968
969
970
971
972
973
974
975
976
977
978
979
980
981
982
983
984
985
986
987
988
989
990
991
992
993
994
995
996
997
998
999
1001
1002
1003
1004
1005
1006
1007
1008
1009
1010
1011
1012
1013
1014
1015
1016
1017
1018
1019
1020
1021
1022
1023
1024
1025
1026
1027
1028
1029
1030
1031
1032
1033
1034
1035
1036
1037
1038
1039
1040
1041
1042
1043
1044
1045
1046
1047
1048
1049
1050
1051
1052
1053
1054
1055
1056
1057
1058
1059
1060
1061
1062
1063
1064
1065
1066
1067
1068
1069
1070
1071
1072
1073
1074
1075
1076
1077
1078
1079
1080
1081
1082
1083
1084
1085
1086
1087
1088
1089
1090
1091
1092
1093
1094
1095
1096
1097
1098
1099
1101
1102
1103
1104
1105
1106
1107
1108
1109
1110
1111
1112
1113
1114
1115
1116
1117
1118
1119
1120
1121
1122
1123
1124
1125
1126
1127
1128
1129
1130
1131
1132
1133
1134
1135
1136
1137
1138
1139
1140
1141
1142
1143
1144
1145
1146
1147
1148
1149
1150
1151
1152
1153
1154
1155
1156
1157
1158
1159
1160
1161
1162
1163
1164
1165
1166
1167
1168
1169
1170
1171
1172
1173
1174
1175
1176
1177
1178
1179
1180
1181
1182
1183
1184
1185
1186
1187
1188
1189
1190
1191
1192
1193
1194
1195
1196
1197
1198
1199
1201
1202
1203
1204
1205
1206
1207
1208
1209
1210
1211
1212
1213
1214
1215
1216
1217
1218
1219
1220
1221
1222
1223
1224
1225
1226
1227
1228
1229
1230
1231
1232
1233
1234
1235
1236
1237
1238
1239
1240
1241
1242
1243
1244
1245
1246
1247
1248
1249
1250
1251
1252
1253
1254
1255
1256
1257
1258
1259
1260
1261
1262
1263
1264
1265
1266
1267
1268
1269
1270
1271
1272
1273
1274
1275
1276
1277
1278
1279
1280
1281
1282
1283
1284
1285
1286
1287
1288
1289
1290
1291
1292
1293
1294
1295
1296
1297
1298
1299
1301
1302
1303
1304
1305
1306
1307
1308
1309
1310
1311
1312
1313
1314
1315
1316
1317
1318
1319
1320
1321
1322
1323
1324
1325
1326
1327
1328
1329
1330
1331
1332
1333
1334
1335
1336
1337
1338
1339
1340
1341
1342
1343
1344
1345
1346
1347
1348
1349
1350
1351
1352
1353
1354
1355
1356
1357
1358
1359
1360
1361
1362
1363
1364
1365
1366
1367
1368
1369
1370
1371
1372
1373
1374
1375
1376
1377
1378
1379
1380
1381
1382
1383
1384
1385
1386
1387
1388
1389
1390
1391
1392
1393
1394
1395
1396
1397
1398
1399
1401
1402
1403
1404
1405
1406
1407
1408
1409
1410
1411
1412
1413
1414
1415
1416
1417
1418
1419
1420
1421
1422
1423
1424
1425
1426
1427
1428
1429
1430
1431
1432
1433
1434
1435
1436
1437
1438
1439
1440
1441
1442
1443
1444
1445
1446
1447
1448
1449
1450
1451
1452
1453
1454
1455
1456
1457
1458
1459
1460
1461
1462
1463
1464
1465
1466
1467
1468
1469
1470
1471
1472
1473
1474
1475
1476
1477
1478
1479
1480
1481
1482
1483
1484
1485
1486
1487
1488
1489
1490
1491
1492
1493
1494
1495
1496
1497
1498
1499
1501
1502
1503
1504
1505
1506
1507
1508
1509
1510
1511
1512
1513
1514
1515
1516
1517
1518
1519
1520
1521
1522
1523
1524
1525
1526
1527
1528
1529
1530
1531
1532
1533
1534
1535
1536
1537
1538
1539
1540
1541
1542
1543
1544
1545
1546
1547
1548
1549
1550
1551
1552
1553
1554
1555
1556
1557
1558
1559
1560
1561
1562
1563
1564
1565
1566
1567
1568
1569
1570
1571
1572
1573
1574
1575
1576
1577
1578
1579
1580
1581
1582
1583
1584
1585
1586
1587
1588
1589
1590
1591
1592
1593
1594
1595
1596
1597
1598
1599
1601
1602
1603
1604
1605
1606
1607
1608
1609
1610
1611
1612
1613
1614
1615
1616
1617
1618
1619
1620
1621
1622
1623
1624
1625
1626
1627
1628
1629
1630
1631
1632
1633
1634
1635
1636
1637
1638
1639
1640
1641
1642
1643
1644
1645
1646
1647
1648
1649
1650
1651
1652
1653
1654
1655
1656
1657
1658
1659
1660
1661
1662
1663
1664
1665
1666
1667
1668
1669
1670
1671
1672
1673
1674
1675
1676
1677
1678
1679
1680
1681
1682
1683
1684
1685
1686
1687
1688
1689
1690
1691
1692
1693
1694
1695
1696
1697
1698
1699
1701
1702
1703
1704
1705
1706
1707
1708
1709
1710
1711
1712
1713
1714
1715
1716
1717
1718
1719
1720
1721
1722
1723
1724
1725
1726
1727
1728
1729
1730
1731
1732
1733
1734
1735
1736
1737
1738
1739
1740
1741
1742
1743
1744
1745
1746
1747
1748
1749
1750
1751
1752
1753
1754
1755
1756
1757
1758
1759
1760
1761
1762
1763
1764
1765
1766
1767
1768
1769
1770
1771
1772
1773
1774
1775
1776
1777
1778
1779
1780
1781
1782
1783
1784
1785
1786
1787
1788
1789
1790
1791
1792
1793
1794
1795
1796
1797
1798
1799
1801
1802
1803
1804
1805
1806
1807
1808
1809
1810
1811
1812
1813
1814
1815
1816
1817
1818
1819
1820
1821
1822
1823
1824
1825
1826
1827
1828
1829
1830
1831
1832
1833
1834
1835
1836
1837
1838
1839
1840
1841
1842
1843
1844
1845
1846
1847
1848
1849
1850
1851
1852
1853
1854
1855
1856
1857
1858
1859
1860
1861
1862
1863
1864
1865
1866
1867
1868
1869
1870
1871
1872
1873
1874
1875
1876
1877
1878
1879
1880
1881
1882
1883
1884
1885
1886
1887
1888
1889
1890
1891
1892
1893
1894
1895
1896
1897
1898
1899
1901
1902
1903
1904
1905
1906
1907
1908
1909
1910
1911
1912
1913
1914
1915
1916
1917
1918
1919
1920
1921
1922
1923
1924
1925
1926
1927
1928
1929
1930
1931
1932
1933
1934
1935
1936
1937
1938
1939
1940
1941
1942
1943
1944
1945
1946
1947
1948
1949
1950
1951
1952
1953
1954
1955
1956
1957
1958
1959
1960
1961
1962
1963
1964
1965
1966
1967
1968
1969
1970
1971
1972
1973
1974
1975
1976
1977
1978
1979
1980
1981
1982
1983
1984
1985
1986
1987
1988
1989
1990
1991
1992
1993
1994
1995
1996
1997
1998
1999
2001
2002
2003
2004
2005
2006
2007
2008
2009
2010
2011
2012
2013
2014
2015
2016
2017
2018
2019
2020
2021
2022
2023
2024
2025
2026
2027
2028
2029
2030
2031
2032
2033
2034
2035
2036
2037
2038
2039
2040
2041
2042
2043
2044
2045
2046
2047
2048
2049
2050
2051
2052
2053
2054
2055
2056
2057
2058
2059
2060
2061
2062
2063
2064
2065
2066
2067
2068
2069
2070
2071
2072
2073
2074
2075
2076
2077
2078
2079
2080
2081
2082
2083
2084
2085
2086
2087
2088
2089
2090
2091
2092
2093
2094
2095
2096
2097
2098
2099
2101
2102
2103
2104
2105
2106
2107
2108
2109
2110
2111
2112
2113
2114
2115
2116
2117
2118
2119
2120
2121
2122
2123
2124
2125
2126
2127
2128
2129
2130
2131
2132
2133
2134
2135
2136
2137
2138
2139
2140
2141
2142
2143
2144
2145
2146
2147
2148
2149
2150
2151
2152
2153
2154
2155
2156
2157
2158
2159
2160
2161
2162
2163
2164
2165
2166
2167
2168
2169
2170
2171
2172
2173
2174
2175
2176
2177
2178
2179
2180
2181
2182
2183
2184
2185
2186
2187
2188
2189
2190
2191
2192
2193
2194
2195
2196
2197
2198
2199
2201
2202
2203
2204
2205
2206
2207
2208
2209
2210
2211
2212
2213
2214
2215
2216
2217
2218
2219
2220
2221
2222
2223
2224
2225
2226
2227
2228
2229
2230
2231
2232
2233
2234
2235
2236
2237
2238
2239
2240
2241
2242
2243
2244
2245
2246
2247
2248
2249
2250
2251
2252
2253
2254
2255
2256
2257
2258
2259
2260
2261
2262
2263
2264
2265
2266
2267
2268
2269
2270
2271
2272
2273
2274
2275
2276
2277
2278
2279
2280
2281
2282
2283
2284
2285
2286
2287
2288
2289
2290
2291
2292
2293
2294
2295
2296
2297
2298
2299
2301
2302
2303
2304
2305
2306
2307
2308
2309
2310
2311
2312
2313
2314
2315
2316
2317
2318
2319
2320
2321
2322
2323
2324
2325
2326
2327
2328
2329
2330
2331
2332
2333
2334
2335
2336
2337
2338
2339
2340
2341
2342
2343
2344
2345
2346
2347
2348
2349
2350
2351
2352
2353
2354
2355
2356
2357
2358
2359
2360
2361
2362
2363
2364
2365
2366
2367
2368
2369
2370
2371
2372
2373
2374
2375
2376
2377
2378
2379
2380
2381
2382
2383
2384
2385
2386
2387
2388
2389
2390
2391
2392
2393
2394
2395
2396
2397
2398
2399
2401
2402
2403
2404
2405
2406
2407
2408
2409
2410
2411
2412
2413
2414
2415
2416
2417
2418
2419
2420
2421
2422
2423
2424
2425
2426
2427
2428
2429
2430
2431
2432
2433
2434
2435
2436
2437
2438
2439
2440
2441
2442
2443
2444
2445
2446
2447
2448
2449
2450
2451
2452
2453
2454
2455
2456
2457
2458
2459
2460
2461
2462
2463
2464
2465
2466
2467
2468
2469
2470
2471
2472
2473
2474
2475
2476
2477
2478
2479
2480
2481
2482
2483
2484
2485
2486
2487
2488
2489
2490
2491
2492
2493
2494
2495
2496
2497
2498
2499
2501
2502
2503
2504
2505
2506
2507
2508
2509
2510
2511
2512
2513
2514
2515
2516
2517
2518
2519
2520
2521
2522
2523
2524
2525
2526
2527
2528
2529
2530
2531
2532
2533
2534
2535
2536
2537
2538
2539
2540
2541
2542
2543
2544
2545
2546
2547
2548
2549
2550
2551
2552
2553
2554
2555
2556
2557
2558
2559
2560
2561
2562
2563
2564
2565
2566
2567
2568
2569
2570
2571
2572
2573
2574
2575
2576
2577
2578
2579
2580
2581
2582
2583
2584
2585
2586
2587
2588
2589
2590
2591
2592
2593
2594
2595
2596
2597
2598
2599
2601
2602
2603
2604
2605
2606
2607
2608
2609
2610
2611
2612
2613
2614
2615
2616
2617
2618
2619
2620
2621
2622
2623
2624
2625
2626
2627
2628
2629
2630
2631
2632
2633
2634
2635
2636
2637
2638
2639
2640
2641
2642
2643
2644
2645
2646
2647
2648
2649
2650
2651
2652
2653
2654
2655
2656
2657
2658
2659
2660
2661
2662
2663
2664
2665
2666
2667
2668
2669
2670
2671
2672
2673
2674
2675
2676
2677
2678
2679
2680
2681
2682
2683
2684
2685
2686
2687
2688
2689
2690
2691
2692
2693
2694
2695
2696
2697
2698
2699
2701
2702
2703
2704
2705
2706
2707
2708
2709
2710
2711
2712
2713
2714
2715
2716
2717
2718
2719
2720
2721
2722
2723
2724
2725
2726
2727
2728
2729
2730
2731
2732
2733
2734
2735
2736
2737
2738
2739
2740
2741
2742
2743
2744
2745
2746
2747
2748
2749
2750
2751
2752
2753
2754
2755
2756
2757
2758
2759
2760
2761
2762
2763
2764
2765
2766
2767
2768
2769
2770
2771
2772
2773
2774
2775
2776
2777
2778
2779
2780
2781
2782
2783
2784
2785
2786
2787
2788
2789
2790
2791
2792
2793
2794
2795
2796
2797
2798
2799
2801
2802
2803
2804
2805
2806
2807
2808
2809
2810
2811
2812
2813
2814
2815
2816
2817
2818
2819
2820
2821
2822
2823
2824
2825
2826
2827
2828
2829
2830
2831
2832
2833
2834
2835
2836
2837
2838
2839
2840
2841
2842
2843
2844
2845
2846
2847
2848
2849
2850
2851
2852
2853
2854
2855
2856
2857
2858
2859
2860
2861
2862
2863
2864
2865
2866
2867
2868
2869
2870
2871
2872
2873
2874
2875
2876
2877
2878
2879
2880
2881
2882
2883
2884
2885
2886
2887
2888
2889
2890
2891
2892
2893
2894
2895
2896
2897
2898
2899
2901
2902
2903
2904
2905
2906
2907
2908
2909
2910
2911
2912
2913
2914
2915
2916
2917
2918
2919
2920
2921
2922
2923
2924
2925
2926
2927
2928
2929
2930
2931
2932
2933
2934
2935
2936
2937
2938
2939
2940
2941
2942
2943
2944
2945
2946
2947
2948
2949
2950
2951
2952
2953
2954
2955
2956
2957
2958
2959
2960
2961
2962
2963
2964
2965
2966
2967
2968
2969
2970
2971
2972
2973
2974
2975
2976
2977
2978
2979
2980
2981
2982
2983
2984
2985
2986
2987
2988
2989
2990
2991
2992
2993
2994
2995
2996
2997
2998
2999
3001
3002
3003
3004
3005
3006
3007
3008
3009
3010
3011
3012
3013
3014
3015
3016
3017
3018
3019
3020
3021
3022
3023
3024
3025
3026
3027
3028
3029
3030
3031
3032
3033
3034
3035
3036
3037
3038
3039
3040
3041
3042
3043
3044
3045
3046
3047
3048
3049
3050
3051
3052
3053
3054
3055
3056
3057
3058
3059
3060
3061
3062
3063
3064
3065
3066
3067
3068
3069
3070
3071
3072
3073
3074
3075
3076
3077
3078
3079
3080
3081
3082
3083
3084
3085
3086
3087
3088
3089
3090
3091
3092
3093
3094
3095
3096
3097
3098
3099
3101
3102
3103
3104
3105
3106
3107
3108
3109
3110
3111
3112
3113
3114
3115
3116
3117
3118
3119
3120
3121
3122
3123
3124
3125
3126
3127
3128
3129
3130
3131
3132
3133
3134
3135
3136
3137
3138
3139
3140
3141
3142
3143
3144
3145
3146
3147
3148
3149
3150
3151
3152
3153
3154
3155
3156
3157
3158
3159
3160
3161
3162
3163
3164
3165
3166
3167
3168
3169
3170
3171
3172
3173
3174
3175
3176
3177
3178
3179
3180
3181
3182
3183
3184
3185
3186
3187
3188
3189
3190
3191
3192
3193
3194
3195
3196
3197
3198
3199
3201
3202
3203
3204
3205
3206
3207
3208
3209
3210
3211
3212
3213
3214
3215
3216
3217
3218
3219
3220
3221
3222
3223
3224
3225
3226
3227
3228
3229
3230
3231
3232
3233
3234
3235
3236
3237
3238
3239
3240
3241
3242
3243
3244
3245
3246
3247
3248
3249
3250
3251
3252
3253
3254
3255
3256
3257
3258
3259
3260
3261
3262
3263
3264
3265
3266
3267
3268
3269
3270
3271
3272
3273
3274
3275
3276
3277
3278
3279
3280
3281
3282
3283
3284
3285
3286
3287
3288
3289
3290
3291
3292
3293
3294
3295
3296
3297
3298
3299
3301
3302
3303
3304
3305
3306
3307
3308
3309
3310
3311
3312
3313
3314
3315
3316
3317
3318
3319
3320
3321
3322
3323
3324
3325
3326
3327
3328
3329
3330
3331
3332
3333
3334
3335
3336
3337
3338
3339
3340
3341
3342
3343
3344
3345
3346
3347
3348
3349
3350
3351
3352
3353
3354
3355
3356
3357
3358
3359
3360
3361
3362
3363
3364
3365
3366
3367
3368
3369
3370
3371
3372
3373
3374
3375
3376
3377
3378
3379
3380
3381
3382
3383
3384
3385
3386
3387
3388
3389
3390
3391
3392
3393
3394
3395
3396
3397
3398
3399
3401
3402
3403
3404
3405
3406
3407
3408
3409
3410
3411
3412
3413
3414
3415
3416
3417
3418
3419
3420
3421
3422
3423
3424
3425
3426
3427
3428
3429
3430
3431
3432
3433
3434
3435
3436
3437
3438
3439
3440
3441
3442
3443
3444
3445
3446
3447
3448
3449
3450
3451
3452
3453
3454
3455
3456
3457
3458
3459
3460
3461
3462
3463
3464
3465
3466
3467
3468
3469
3470
3471
3472
3473
3474
3475
3476
3477
3478
3479
3480
3481
3482
3483
3484
3485
3486
3487
3488
3489
3490
3491
3492
3493
3494
3495
3496
3497
3498
3499
3501
3502
3503
3504
3505
3506
3507
3508
3509
3510
3511
3512
3513
3514
3515
3516
3517
3518
3519
3520
3521
3522
3523
3524
3525
3526
3527
3528
3529
3530
3531
3532
3533
3534
3535
3536
3537
3538
3539
3540
3541
3542
3543
3544
3545
3546
3547
3548
3549
3550
3551
3552
3553
3554
3555
3556
3557
3558
3559
3560
3561
3562
3563
3564
3565
3566
3567
3568
3569
3570
3571
3572
3573
3574
3575
3576
3577
3578
3579
3580
3581
3582
3583
3584
3585
3586
3587
3588
3589
3590
3591
3592
3593
3594
3595
3596
3597
3598
3599
3601
3602
3603
3604
3605
3606
3607
3608
3609
3610
3611
3612
3613
3614
3615
3616
3617
3618
3619
3620
3621
3622
3623
3624
3625
3626
3627
3628
3629
3630
3631
3632
3633
3634
3635
3636
3637
3638
3639
3640
3641
3642
3643
3644
3645
3646
3647
3648
3649
3650
3651
3652
3653
3654
3655
3656
3657
3658
3659
3660
3661
3662
3663
3664
3665
3666
3667
3668
3669
3670
3671
3672
3673
3674
3675
3676
3677
3678
3679
3680
3681
3682
3683
3684
3685
3686
3687
3688
3689
3690
3691
3692
3693
3694
3695
3696
3697
3698
3699
3701
3702
3703
3704
3705
3706
3707
3708
3709
3710
3711
3712
3713
3714
3715
3716
3717
3718
3719
3720
3721
3722
3723
3724
3725
3726
3727
3728
3729
3730
3731
3732
3733
3734
3735
3736
3737
3738
3739
3740
3741
3742
3743
3744
3745
3746
3747
3748
3749
3750
3751
3752
3753
3754
3755
3756
3757
3758
3759
3760
3761
3762
3763
3764
3765
3766
3767
3768
3769
3770
3771
3772
3773
3774
3775
3776
3777
3778
3779
3780
3781
3782
3783
3784
3785
3786
3787
3788
3789
3790
3791
3792
3793
3794
3795
3796
3797
3798
3799
3801
3802
3803
3804
3805
3806
3807
3808
3809
3810
3811
3812
3813
3814
3815
3816
3817
3818
3819
3820
3821
3822
3823
3824
3825
3826
3827
3828
3829
3830
3831
3832
3833
3834
3835
3836
3837
3838
3839
3840
3841
3842
3843
3844
3845
3846
3847
3848
3849
3850
3851
3852
3853
3854
3855
3856
3857
3858
3859
3860
3861
3862
3863
3864
3865
3866
3867
3868
3869
3870
3871
3872
3873
3874
3875
3876
3877
3878
3879
3880
3881
3882
3883
3884
3885
3886
3887
3888
3889
3890
3891
3892
3893
3894
3895
3896
3897
3898
3899
3901
3902
3903
3904
3905
3906
3907
3908
3909
3910
3911
3912
3913
3914
3915
3916
3917
3918
3919
3920
3921
3922
3923
3924
3925
3926
3927
3928
3929
3930
3931
3932
3933
3934
3935
3936
3937
3938
3939
3940
3941
3942
3943
3944
3945
3946
3947
3948
3949
3950
3951
3952
3953
3954
3955
3956
3957
3958
3959
3960
3961
3962
3963
3964
3965
3966
3967
3968
3969
3970
3971
3972
3973
3974
3975
3976
3977
3978
3979
3980
3981
3982
3983
3984
3985
3986
3987
3988
3989
3990
3991
3992
3993
3994
3995
3996
3997
3998
3999
4001
4002
4003
4004
4005
4006
4007
4008
4009
4010
4011
4012
4013
4014
4015
4016
4017
4018
4019
4020
4021
4022
4023
4024
4025
4026
4027
4028
4029
4030
4031
4032
4033
4034
4035
4036
4037
4038
4039
4040
4041
4042
4043
4044
4045
4046
4047
4048
4049
4050
4051
4052
4053
4054
4055
4056
4057
4058
4059
4060
4061
4062
4063
4064
4065
4066
4067
4068
4069
4070
4071
4072
4073
4074
4075
4076
4077
4078
4079
4080
4081
4082
4083
4084
4085
4086
4087
4088
4089
4090
4091
4092
4093
4094
4095
4096
4097
4098
4099
4101
4102
4103
4104
4105
4106
4107
4108
4109
4110
4111
4112
4113
4114
4115
4116
4117
4118
4119
4120
4121
4122
4123
4124
4125
4126
4127
4128
4129
4130
4131
4132
4133
4134
4135
4136
4137
4138
4139
4140
4141
4142
4143
4144
4145
4146
4147
4148
4149
4150
4151
4152
4153
4154
4155
4156
4157
4158
4159
4160
4161
4162
4163
4164
4165
4166
4167
4168
4169
4170
4171
4172
4173
4174
4175
4176
4177
4178
4179
4180
4181
4182
4183
4184
4185
4186
4187
4188
4189
4190
4191
4192
4193
4194
4195
4196
4197
4198
4199
4201
4202
4203
4204
4205
4206
4207
4208
4209
4210
4211
4212
4213
4214
4215
4216
4217
4218
4219
4220
4221
4222
4223
4224
4225
4226
4227
4228
4229
4230
4231
4232
4233
4234
4235
4236
4237
4238
4239
4240
4241
4242
4243
4244
4245
4246
4247
4248
4249
4250
4251
4252
4253
4254
4255
4256
4257
4258
4259
4260
4261
4262
4263
4264
4265
4266
4267
4268
4269
4270
4271
4272
4273
4274
4275
4276
4277
4278
4279
4280
4281
4282
4283
4284
4285
4286
4287
4288
4289
4290
4291
4292
4293
4294
4295
4296
4297
4298
4299
4301
4302
4303
4304
4305
4306
4307
4308
4309
4310
4311
4312
4313
4314
4315
4316
4317
4318
4319
4320
4321
4322
4323
4324
4325
4326
4327
4328
4329
4330
4331
4332
4333
4334
4335
4336
4337
4338
4339
4340
4341
4342
4343
4344
4345
4346
4347
4348
4349
4350
4351
4352
4353
4354
4355
4356
4357
4358
4359
4360
4361
4362
4363
4364
4365
4366
4367
4368
4369
4370
4371
4372
4373
4374
4375
4376
4377
4378
4379
4380
4381
4382
4383
4384
4385
4386
4387
4388
4389
4390
4391
4392
4393
4394
4395
4396
4397
4398
4399
4401
4402
4403
4404
4405
4406
4407
4408
4409
4410
4411
4412
4413
4414
4415
4416
4417
4418
4419
4420
4421
4422
4423
4424
4425
4426
4427
4428
4429
4430
4431
4432
4433
4434
4435
4436
4437
4438
4439
4440
4441
4442
4443
4444
4445
4446
4447
4448
4449
4450
4451
4452
4453
4454
4455
4456
4457
4458
4459
4460
4461
4462
4463
4464
4465
4466
4467
4468
4469
4470
4471
4472
4473
4474
4475
4476
4477
4478
4479
4480
4481
4482
4483
4484
4485
4486
4487
4488
4489
4490
4491
4492
4493
4494
4495
4496
4497
4498
4499
4501
4502
4503
4504
4505
4506
4507
4508
4509
4510
4511
4512
4513
4514
4515
4516
4517
4518
4519
4520
4521
4522
4523
4524
4525
4526
4527
4528
4529
4530
4531
4532
4533
4534
4535
4536
4537
4538
4539
4540
4541
4542
4543
4544
4545
4546
4547
4548
4549
4550
4551
4552
4553
4554
4555
4556
4557
4558
4559
4560
4561
4562
4563
4564
4565
4566
4567
4568
4569
4570
4571
4572
4573
4574
4575
4576
4577
4578
4579
4580
4581
4582
4583
4584
4585
4586
4587
4588
4589
4590
4591
4592
4593
4594
4595
4596
4597
4598
4599
4601
4602
4603
4604
4605
4606
4607
4608
4609
4610
4611
4612
4613
4614
4615
4616
4617
4618
4619
4620
4621
4622
4623
4624
4625
4626
4627
4628
4629
4630
4631
4632
4633
4634
4635
4636
4637
4638
4639
4640
4641
4642
4643
4644
4645
4646
4647
4648
4649
4650
4651
4652
4653
4654
4655
4656
4657
4658
4659
4660
4661
4662
4663
4664
4665
4666
4667
4668
4669
4670
4671
4672
4673
4674
4675
4676
4677
4678
4679
4680
4681
4682
4683
4684
4685
4686
4687
4688
4689
4690
4691
4692
4693
4694
4695
4696
4697
4698
4699
4701
4702
4703
4704
4705
4706
4707
4708
4709
4710
4711
4712
4713
4714
4715
4716
4717
4718
4719
4720
4721
4722
4723
4724
4725
4726
4727
4728
4729
4730
4731
4732
4733
4734
4735
4736
4737
4738
4739
4740
4741
4742
4743
4744
4745
4746
4747
4748
4749
4750
4751
4752
4753
4754
4755
4756
4757
4758
4759
4760
4761
4762
4763
4764
4765
4766
4767
4768
4769
4770
4771
4772
4773
4774
4775
4776
4777
4778
4779
4780
4781
4782
4783
4784
4785
4786
4787
4788
4789
4790
4791
4792
4793
4794
4795
4796
4797
4798
4799
4801
4802
4803
4804
4805
4806
4807
4808
4809
4810
4811
4812
4813
4814
4815
4816
4817
4818
4819
4820
4821
4822
4823
4824
4825
4826
4827
4828
4829
4830
4831
4832
4833
4834
4835
4836
4837
4838
4839
4840
4841
4842
4843
4844
4845
4846
4847
4848
4849
4850
4851
4852
4853
4854
4855
4856
4857
4858
4859
4860
4861
4862
4863
4864
4865
4866
4867
4868
4869
4870
4871
4872
4873
4874
4875
4876
4877
4878
4879
4880
4881
4882
4883
4884
4885
4886
4887
4888
4889
4890
4891
4892
4893
4894
4895
4896
4897
4898
4899
4901
4903
4905
4907
4909
4911
4913
4915
4917
4919
4921
4923
4925
4927
4929
4931
4933
4935
4937
4939
4941
4943
4945
4947
4949
4951
4953
4955
4957
4959
4961
4963
4965
4967
4969
4971
4973
4975
4977
4979
4981
4983
4985
4987
4989
4991
4993
4995
4997
174351
174352
174353
174354
174355
174356
174357
174358
174359
174360
174361
174362
174363
174364
174365
174366
174367
174368
174369
174370
174371
174372
174373
174374
174375
174376
174377
174378
174379
174380
174381
174382
174383
174384
174385
174386
174387
174388
174389
174390
174391
174392
174393
174394
174395
174396
174397
174398
174399
174400
174401
174402
174403
174404
174405
174406
174407
174408
174409
174410
174411
174412
174413
174414
174415
174416
174417
174418
174419
174420
174421
174422
174423
174424
174425
174426
174427
174428
174429
174430
174431
174432
174433
174434
174435
174436
174437
174438
174439
174440
174441
174442
174443
174444
174445
174446
174447
174448
174449
174450
174451
174452
174453
174454
174455
174456
174457
174458
174459
174460
174461
174462
174463
174464
174465
174466
174467
174468
174469
174470
174471
174472
174473
174474
174475
174476
174477
174478
174479
174480
174481
174482
174483
174484
174485
174486
174487
174488
174489
174490
174491
174492
174493
174494
174495
174496
174497
174498
174499
174500
174501
174502
174503
174504
174505
174506
174507
174508
174509
174510
174511
174512
174513
174514
174515
174516
174517
174518
174519
174520
174521
174522
174523
174524
174525
174526
174527
174528
174529
174530
174531
174532
174533
174534
174535
174536
174537
174538
174539
174540
174541
174542
174543
174544
174545
174546
174547
174548
174549
174550
174551
174552
174553
174554
174555
174556
174557
174558
174559
174560
174561
174562
174563
174564
174565
174566
174567
174568
174569
174570
174571
174572
174573
174574
174575
174576
174577
174578
174579
174580
174581
174582
174583
174584
174585
174586
174587
174588
174589
174590
174591
174592
174593
174594
174595
174596
174597
174598
174599
174600
174601
174602
174603
174604
174605
174606
174607
174608
174609
174610
174611
174612
174613
174614
174615
174616
174617
174618
174619
174620
174621
174622
174623
174624
174625
174626
174627
174628
174629
174630
174631
174632
174633
174634
174635
174636
174637
174638
174639
174640
174641
174642
174643
174644
174645
174646
174647
174648
174649
174650
174651
174652
174653
174654
174655
174656
174657
174658
174659
174660
174661
174662
174663
174664
174665
174666
174667
174668
174669
174670
174671
174672
174673
174674
174675
174676
174677
174678
174679
174680
174681
174682
174683
174684
174685
174686
174687
174688
174689
174690
174691
174692
174693
174694
174695
174696
174697
174698
174699
174700
174701
174702
174703
174704
174705
174706
174707
174708
174709
174710
174711
174712
174713
174714
174715
174716
174717
174718
174719
174720
174721
174722
174723
174724
174725
174726
174727
174728
174729
174730
174731
174732
174733
174734
174735
174736
174737
174738
174739
174740
174741
174742
174743
174744
174745
174746
174747
174748
174749
174750
174751
174752
174753
174754
174755
174756
174757
174758
174759
174760
174761
174762
174763
174764
174765
174766
174767
174768
174769
174770
174771
174772
174773
174774
174775
174776
174777
174778
174779
174780
174781
174782
174783
174784
174785
174786
174787
174788
174789
174790
174791
174792
174793
174794
174795
174796
174797
174798
174799
174800
174801
174802
174803
174804
174805
174806
174807
174808
174809
174810
174811
174812
174813
174814
174815
174816
174817
174818
174819
174820
174821
174822
174823
174824
174825
174826
174827
174828
174829
174830
174831
174832
174833
174834
174835
174836
174837
174838
174839
174840
174841
174842
174843
174844
174845
174846
174847
174848
174849
174850
174851
174852
174853
174854
174855
174856
174857
174858
174859
174860
174861
174862
174863
174864
174865
174866
174867
174868
174869
174870
174871
174872
174873
174874
174875
174876
174877
174878
174879
174880
174881
174882
174883
174884
174885
174886
174887
174888
174889
174890
174891
174892
174893
174894
174895
174896
174897
174898
174899
174900
174901
174902
174903
174904
174905
174906
174907
174908
174909
174910
174911
174912
174913
174914
174915
174916
174917
174918
174919
174920
174921
174922
174923
174924
174925
174926
174927
174928
174929
174930
174931
174932
174933
174934
174935
174936
174937
174938
174939
174940
174941
174942
174943
174944
174945
174946
174947
174948
174949
174950
174951
174952
174953
174954
174955
174956
174957
174958
174959
174960
174961
174962
174963
174964
174965
174966
174967
174968
174969
174970
174971
174972
174973
174974
174975
174976
174977
174978
174979
174980
174981
174982
174983
174984
174985
174986
174987
174988
174989
174990
174991
174992
174993
174994
174995
174996
174997
174998
174999
175000
175001
175002
175003
175004
175005
175006
175007
175008
175009
175010
175011
175012
175013
175014
175015
175016
175017
175018
175019
175020
175021
175022
175023
175024
175025
175026
175027
175028
175029
175030
175031
175032
175033
175034
175035
175036
175037
175038
175039
175040
175041
175042
175043
175044
175045
175046
175047
175048
175049
175050
175051
175052
175053
175054
175055
175056
175057
175058
175059
175060
175061
175062
175063
175064
175065
175066
175067
175068
175069
175070
175071
175072
175073
175074
175075
175076
175077
175078
175079
175080
175081
175082
175083
175084
175085
175086
175087
175088
175089
175090
175091
175092
175093
175094
175095
175096
175097
175098
175099
175100
175101
175102
175103
175104
175105
175106
175107
175108
175109
175110
175111
175112
175113
175114
175115
175116
175117
175118
175119
175120
175121
175122
175123
175124
175125
175126
175127
175128
175129
175130
175131
175132
175133
175134
175135
175136
175137
175138
175139
175140
175141
175142
175143
175144
175145
175146
175147
175148
175149
175150
175151
175152
175153
175154
175155
175156
175157
175158
175159
175160
175161
175162
175163
175164
175165
175166
175167
175168
175169
175170
175171
175172
175173
175174
175175
175176
175177
175178
175179
175180
175181
175182
175183
175184
175185
175186
175187
175188
175189
175190
175191
175192
175193
175194
175195
175196
175197
175198
175199
175200
175201
175202
175203
175204
175205
175206
175207
175208
175209
175210
175211
175212
175213
175214
175215
175216
175217
175218
175219
175220
175221
175222
175223
175224
175225
175226
175227
175228
175229
175230
175231
175232
175233
175234
175235
175236
175237
175238
175239
175240
175241
175242
175243
175244
175245
175246
175247
175248
175249
175250
175251
175252
175253
175254
175255
175256
175257
175258
175259
175260
175261
175262
175263
175264
175265
175266
175267
175268
175269
175270
175271
175272
175273
175274
175275
175276
175277
175278
175279
175280
175281
175282
175283
175284
175285
175286
175287
175288
175289
175290
175291
175292
175293
175294
175295
175296
175297
175298
175299
175300
175301
175302
175303
175304
175305
175306
175307
175308
175309
175310
175311
175312
175313
175314
175315
175316
175317
175318
175319
175320
175321
175322
175323
175324
175325
175326
175327
175328
175329
175330
175331
175332
175333
175334
175335
175336
175337
175338
175339
175340
175341
175342
175343
175344
175345
175346
175347
175348
175349
175350
175351
175352
175353
175354
175355
175356
175357
175358
175359
175360
175361
175362
175363
175364
175365
175366
175367
175368
175369
175370
175371
175372
175373
175374
175375
175376
175377
175378
175379
175380
175381
175382
175383
175384
175385
175386
175387
175388
175389
175390
175391
175392
175393
175394
175395
175396
175397
175398
175399
175400
175401
175402
175403
175404
175405
175406
175407
175408
175409
175410
175411
175412
175413
175414
175415
175416
175417
175418
175419
175420
175421
175422
175423
175424
175425
175426
175427
175428
175429
175430
175431
175432
175433
175434
175435
175436
175437
175438
175439
175440
175441
175442
175443
175444
175445
175446
175447
175448
175449
175450
175451
175452
175453
175454
175455
175456
175457
175458
175459
175460
175461
175462
175463
175464
175465
175466
175467
175468
175469
175470
175471
175472
175473
175474
175475
175476
175477
175478
175479
175480
175481
175482
175483
175484
175485
175486
175487
175488
175489
175490
175491
175492
175493
175494
175495
175496
175497
175498
175499
175500
175501
175502
175503
175504
175505
175506
175507
175508
175509
175510
175511
175512
175513
175514
175515
175516
175517
175518
175519
175520
175521
175522
175523
175524
175525
175526
175527
175528
175529
175530
175531
175532
175533
175534
175535
175536
175537
175538
175539
175540
175541
175542
175543
175544
175545
175546
175547
175548
175549
175550
175551
175552
175553
175554
175555
175556
175557
175558
175559
175560
175561
175562
175563
175564
175565
175566
175567
175568
175569
175570
175571
175572
175573
175574
175575
175576
175577
175578
175579
175580
175581
175582
175583
175584
175585
175586
175587
175588
175589
175590
175591
175592
175593
175594
175595
175596
175597
175598
175599
175600
175601
175602
175603
175604
175605
175606
175607
175608
175609
175610
175611
175612
175613
175614
175615
175616
175617
175618
175619
175620
175621
175622
175623
175624
175625
175626
175627
175628
175629
175630
175631
175632
175633
175634
175635
175636
175637
175638
175639
175640
175641
175642
175643
175644
175645
175646
175647
175648
175649
175650
175651
175652
175653
175654
175655
175656
175657
175658
175659
175660
175661
175662
175663
175664
175665
175666
175667
175668
175669
175670
175671
175672
175673
175674
175675
175676
175677
175678
175679
175680
175681
175682
175683
175684
175685
175686
175687
175688
175689
175690
175691
175692
175693
175694
175695
175696
175697
175698
175699
175700
175701
175702
175703
175704
175705
175706
175707
175708
175709
175710
175711
175712
175713
175714
175715
175716
175717
175718
175719
175720
175721
175722
175723
175724
175725
175726
175727
175728
175729
175730
175731
175732
175733
175734
175735
175736
175737
175738
175739
175740
175741
175742
175743
175744
175745
175746
175747
175748
175749
175750
175751
175752
175753
175754
175755
175756
175757
175758
175759
175760
175761
175762
175763
175764
175765
175766
175767
175768
175769
175770
175771
175772
175773
175774
175775
175776
175777
175778
175779
175780
175781
175782
175783
175784
175785
175786
175787
175788
175789
175790
175791
175792
175793
175794
175795
175796
175797
175798
175799
175800
175801
175802
175803
175804
175805
175806
175807
175808
175809
175810
175811
175812
175813
175814
175815
175816
175817
175818
175819
175820
175821
175822
175823
175824
175825
175826
175827
175828
175829
175830
175831
175832
175833
175834
175835
175836
175837
175838
175839
175840
175841
175842
175843
175844
175845
175846
175847
175848
175849
175850
175851
175852
175853
175854
175855
175856
175857
175858
175859
175860
175861
175862
175863
175864
175865
175866
175867
175868
175869
175870
175871
175872
175873
175874
175875
175876
175877
175878
175879
175880
175881
175882
175883
175884
175885
175886
175887
175888
175889
175890
175891
175892
175893
175894
175895
175896
175897
175898
175899
175900
175901
175902
175903
175904
175905
175906
175907
175908
175909
175910
175911
175912
175913
175914
175915
175916
175917
175918
175919
175920
175921
175922
175923
175924
175925
175926
175927
175928
175929
175930
175931
175932
175933
175934
175935
175936
175937
175938
175939
175940
175941
175942
175943
175944
175945
175946
175947
175948
175949
175950
175951
175952
175953
175954
175955
175956
175957
175958
175959
175960
175961
175962
175963
175964
175965
175966
175967
175968
175969
175970
175971
175972
175973
175974
175975
175976
175977
175978
175979
175980
175981
175982
175983
175984
175985
175986
175987
175988
175989
175990
175991
175992
175993
175994
175995
175996
175997
175998
175999
176000
176001
176002
176003
176004
176005
176006
176007
176008
176009
176010
176011
176012
176013
176014
176015
176016
176017
176018
176019
176020
176021
176022
176023
176024
176025
176026
176027
176028
176029
176030
176031
176032
176033
176034
176035
176036
176037
176038
176039
176040
176041
176042
176043
176044
176045
176046
176047
176048
176049
176050
176051
176052
176053
176054
176055
176056
176057
176058
176059
176060
176061
176062
176063
176064
176065
176066
176067
176068
176069
176070
176071
176072
176073
176074
176075
176076
176077
176078
176079
176080
176081
176082
176083
176084
176085
176086
176087
176088
176089
176090
176091
176092
176093
176094
176095
176096
176097
176098
176099
176100
176101
176102
176103
176104
176105
176106
176107
176108
176109
176110
176111
176112
176113
176114
176115
176116
176117
176118
176119
176120
176121
176122
176123
176124
176125
176126
176127
176128
176129
176130
176131
176132
176133
176134
176135
176136
176137
176138
176139
176140
176141
176142
176143
176144
176145
176146
176147
176148
176149
176150
176151
176152
176153
176154
176155
176156
176157
176158
176159
176160
176161
176162
176163
176164
176165
176166
176167
176168
176169
176170
176171
176172
176173
176174
176175
176176
176177
176178
176179
176180
176181
176182
176183
176184
176185
176186
176187
176188
176189
176190
176191
176192
176193
176194
176195
176196
176197
176198
176199
176200
176201
176202
176203
176204
176205
176206
176207
176208
176209
176210
176211
176212
176213
176214
176215
176216
176217
176218
176219
176220
176221
176222
176223
176224
176225
176226
176227
176228
176229
176230
176231
176232
176233
176234
176235
176236
176237
176238
176239
176240
176241
176242
176243
176244
176245
176246
176247
176248
176249
176250
176251
176252
176253
176254
176255
176256
176257
176258
176259
176260
176261
176262
176263
176264
176265
176266
176267
176268
176269
176270
176271
176272
176273
176274
176275
176276
176277
176278
176279
176280
176281
176282
176283
176284
176285
176286
176287
176288
176289
176290
176291
176292
176293
176294
176295
176296
176297
176298
176299
176300
176301
176302
176303
176304
176305
176306
176307
176308
176309
176310
176311
176312
176313
176314
176315
176316
176317
176318
176319
176320
176321
176322
176323
176324
176325
176326
176327
176328
176329
176330
176331
176332
176333
176334
176335
176336
176337
176338
176339
176340
176341
176342
176343
176344
176345
176346
176347
176348
176349
176350
176351
176352
176353
176354
176355
176356
176357
176358
176359
176360
176361
176362
176363
176364
176365
176366
176367
176368
176369
176370
176371
176372
176373
176374
176375
176376
176377
176378
176379
176380
176381
176382
176383
176384
176385
176386
176387
176388
176389
176390
176391
176392
176393
176394
176395
176396
176397
176398
176399
176400
176401
176402
176403
176404
176405
176406
176407
176408
176409
176410
176411
176412
176413
176414
176415
176416
176417
176418
176419
176420
176421
176422
176423
176424
176425
176426
176427
176428
176429
176430
176431
176432
176433
176434
176435
176436
176437
176438
176439
176440
176441
176442
176443
176444
176445
176446
176447
176448
176449
176450
176451
176452
176453
176454
176455
176456
176457
176458
176459
176460
176461
176462
176463
176464
176465
176466
176467
176468
176469
176470
176471
176472
176473
176474
176475
176476
176477
176478
176479
176480
176481
176482
176483
176484
176485
176486
176487
176488
176489
176490
176491
176492
176493
176494
176495
176496
176497
176498
176499
176500
176501
176502
176503
176504
176505
176506
176507
176508
176509
176510
176511
176512
176513
176514
176515
176516
176517
176518
176519
176520
176521
176522
176523
176524
176525
176526
176527
176528
176529
176530
176531
176532
176533
176534
176535
176536
176537
176538
176539
176540
176541
176542
176543
176544
176545
176546
176547
176548
176549
176550
176551
176552
176553
176554
176555
176556
176557
176558
176559
176560
176561
176562
176563
176564
176565
176566
176567
176568
176569
176570
176571
176572
176573
176574
176575
176576
176577
176578
176579
176580
176581
176582
176583
176584
176585
176586
176587
176588
176589
176590
176591
176592
176593
176594
176595
176596
176597
176598
176599
176600
176601
176602
176603
176604
176605
176606
176607
176608
176609
176610
176611
176612
176613
176614
176615
176616
176617
176618
176619
176620
176621
176622
176623
176624
176625
176626
176627
176628
176629
176630
176631
176632
176633
176634
176635
176636
176637
176638
176639
176640
176641
176642
176643
176644
176645
176646
176647
176648
176649
176650
176651
176652
176653
176654
176655
176656
176657
176658
176659
176660
176661
176662
176663
176664
176665
176666
176667
176668
176669
176670
176671
176672
176673
176674
176675
176676
176677
176678
176679
176680
176681
176682
176683
176684
176685
176686
176687
176688
176689
176690
176691
176692
176693
176694
176695
176696
176697
176698
176699
176700
176701
176702
176703
176704
176705
176706
176707
176708
176709
176710
176711
176712
176713
176714
176715
176716
176717
176718
176719
176720
176721
176722
176723
176724
176725
176726
176727
176728
176729
176730
176731
176732
176733
176734
176735
176736
176737
176738
176739
176740
176741
176742
176743
176744
176745
176746
176747
176748
176749
176750
176751
176752
176753
176754
176755
176756
176757
176758
176759
176760
176761
176762
176763
176764
176765
176766
176767
176768
176769
176770
176771
176772
176773
176774
176775
176776
176777
176778
176779
176780
176781
176782
176783
176784
176785
176786
176787
176788
176789
176790
176791
176792
176793
176794
176795
176796
176797
176798
176799
176800
176801
176802
176803
176804
176805
176806
176807
176808
176809
176810
176811
176812
176813
176814
176815
176816
176817
176818
176819
176820
176821
176822
176823
176824
176825
176826
176827
176828
176829
176830
176831
176832
176833
176834
176835
176836
176837
176838
176839
176840
176841
176842
176843
176844
176845
176846
176847
176848
176849
176850
261851
261852
261853
261854
261855
261856
261857
261858
261859
261860
261861
261862
261863
261864
261865
261866
261867
261868
261869
261870
261871
261872
261873
261874
261875
261876
261877
261878
261879
261880
261881
261882
261883
261884
261885
261886
261887
261888
261889
261890
261891
261892
261893
261894
261895
261896
261897
261898
261899
261900
261901
261902
261903
261904
261905
261906
261907
261908
261909
261910
261911
261912
261913
261914
261915
261916
261917
261918
261919
261920
261921
261922
261923
261924
261925
261926
261927
261928
261929
261930
261931
261932
261933
261934
261935
261936
261937
261938
261939
261940
261941
261942
261943
261944
261945
261946
261947
261948
261949
261950
261951
261952
261953
261954
261955
261956
261957
261958
261959
261960
261961
261962
261963
261964
261965
261966
261967
261968
261969
261970
261971
261972
261973
261974
261975
261976
261977
261978
261979
261980
261981
261982
261983
261984
261985
261986
261987
261988
261989
261990
261991
261992
261993
261994
261995
261996
261997
261998
261999
262000
262001
262002
262003
262004
262005
262006
262007
262008
262009
262010
262011
262012
262013
262014
262015
262016
262017
262018
262019
262020
262021
262022
262023
262024
262025
262026
262027
262028
262029
262030
262031
262032
262033
262034
262035
262036
262037
262038
262039
262040
262041
262042
262043
262044
262045
262046
262047
262048
262049
262050
262051
262052
262053
262054
262055
262056
262057
262058
262059
262060
262061
262062
262063
262064
262065
262066
262067
262068
262069
262070
262071
262072
262073
262074
262075
262076
262077
262078
262079
262080
262081
262082
262083
262084
262085
262086
262087
262088
262089
262090
262091
262092
262093
262094
262095
262096
262097
262098
262099
262100
262101
262102
262103
262104
262105
262106
262107
262108
262109
262110
262111
262112
262113
262114
262115
262116
262117
262118
262119
262120
262121
262122
262123
262124
262125
262126
262127
262128
262129
262130
262131
262132
262133
262134
262135
262136
262137
262138
262139
262140
262141
262142
262143
262144
262145
262146
262147
262148
262149
262150
262151
262152
262153
262154
262155
262156
262157
262158
262159
262160
262161
262162
262163
262164
262165
262166
262167
262168
262169
262170
262171
262172
262173
262174
262175
262176
262177
262178
262179
262180
262181
262182
262183
262184
262185
262186
262187
262188
262189
262190
262191
262192
262193
262194
262195
262196
262197
262198
262199
262200
262201
262202
262203
262204
262205
262206
262207
262208
262209
262210
262211
262212
262213
262214
262215
262216
262217
262218
262219
262220
262221
262222
262223
262224
262225
262226
262227
262228
262229
262230
262231
262232
262233
262234
262235
262236
262237
262238
262239
262240
262241
262242
262243
262244
262245
262246
262247
262248
262249
262250
262251
262252
262253
262254
262255
262256
262257
262258
262259
262260
262261
262262
262263
262264
262265
262266
262267
262268
262269
262270
262271
262272
262273
262274
262275
262276
262277
262278
262279
262280
262281
262282
262283
262284
262285
262286
262287
262288
262289
262290
262291
262292
262293
262294
262295
262296
262297
262298
262299
262300
262301
262302
262303
262304
262305
262306
262307
262308
262309
262310
262311
262312
262313
262314
262315
262316
262317
262318
262319
262320
262321
262322
262323
262324
262325
262326
262327
262328
262329
262330
262331
262332
262333
262334
262335
262336
262337
262338
262339
262340
262341
262342
262343
262344
262345
262346
262347
262348
262349
262350
262351
262352
262353
262354
262355
262356
262357
262358
262359
262360
262361
262362
262363
262364
262365
262366
262367
262368
262369
262370
262371
262372
262373
262374
262375
262376
262377
262378
262379
262380
262381
262382
262383
262384
262385
262386
262387
262388
262389
262390
262391
262392
262393
262394
262395
262396
262397
262398
262399
262400
262401
262402
262403
262404
262405
262406
262407
262408
262409
262410
262411
262412
262413
262414
262415
262416
262417
262418
262419
262420
262421
262422
262423
262424
262425
262426
262427
262428
262429
262430
262431
262432
262433
262434
262435
262436
262437
262438
262439
262440
262441
262442
262443
262444
262445
262446
262447
262448
262449
262450
262451
262452
262453
262454
262455
262456
262457
262458
262459
262460
262461
262462
262463
262464
262465
262466
262467
262468
262469
262470
262471
262472
262473
262474
262475
262476
262477
262478
262479
262480
262481
262482
262483
262484
262485
262486
262487
262488
262489
262490
262491
262492
262493
262494
262495
262496
262497
262498
262499
262500
262501
262502
262503
262504
262505
262506
262507
262508
262509
262510
262511
262512
262513
262514
262515
262516
262517
262518
262519
262520
262521
262522
262523
262524
262525
262526
262527
262528
262529
262530
262531
262532
262533
262534
262535
262536
262537
262538
262539
262540
262541
262542
262543
262544
262545
262546
262547
262548
262549
262550
262551
262552
262553
262554
262555
262556
262557
262558
262559
262560
262561
262562
262563
262564
262565
262566
262567
262568
262569
262570
262571
262572
262573
262574
262575
262576
262577
262578
262579
262580
262581
262582
262583
262584
262585
262586
262587
262588
262589
262590
262591
262592
262593
262594
262595
262596
262597
262598
262599
262600
262601
262602
262603
262604
262605
262606
262607
262608
262609
262610
262611
262612
262613
262614
262615
262616
262617
262618
262619
262620
262621
262622
262623
262624
262625
262626
262627
262628
262629
262630
262631
262632
262633
262634
262635
262636
262637
262638
262639
262640
262641
262642
262643
262644
262645
262646
262647
262648
262649
262650
262651
262652
262653
262654
262655
262656
262657
262658
262659
262660
262661
262662
262663
262664
262665
262666
262667
262668
262669
262670
262671
262672
262673
262674
262675
262676
262677
262678
262679
262680
262681
262682
262683
262684
262685
262686
262687
262688
262689
262690
262691
262692
262693
262694
262695
262696
262697
262698
262699
262700
262701
262702
262703
262704
262705
262706
262707
262708
262709
262710
262711
262712
262713
262714
262715
262716
262717
262718
262719
262720
262721
262722
262723
262724
262725
262726
262727
262728
262729
262730
262731
262732
262733
262734
262735
262736
262737
262738
262739
262740
262741
262742
262743
262744
262745
262746
262747
262748
262749
262750
262751
262752
262753
262754
262755
262756
262757
262758
262759
262760
262761
262762
262763
262764
262765
262766
262767
262768
262769
262770
262771
262772
262773
262774
262775
262776
262777
262778
262779
262780
262781
262782
262783
262784
262785
262786
262787
262788
262789
262790
262791
262792
262793
262794
262795
262796
262797
262798
262799
262800
262801
262802
262803
262804
262805
262806
262807
262808
262809
262810
262811
262812
262813
262814
262815
262816
262817
262818
262819
262820
262821
262822
262823
262824
262825
262826
262827
262828
262829
262830
262831
262832
262833
262834
262835
262836
262837
262838
262839
262840
262841
262842
262843
262844
262845
262846
262847
262848
262849
262850
262851
262852
262853
262854
262855
262856
262857
262858
262859
262860
262861
262862
262863
262864
262865
262866
262867
262868
262869
262870
262871
262872
262873
262874
262875
262876
262877
262878
262879
262880
262881
262882
262883
262884
262885
262886
262887
262888
262889
262890
262891
262892
262893
262894
262895
262896
262897
262898
262899
262900
262901
262902
262903
262904
262905
262906
262907
262908
262909
262910
262911
262912
262913
262914
262915
262916
262917
262918
262919
262920
262921
262922
262923
262924
262925
262926
262927
262928
262929
262930
262931
262932
262933
262934
262935
262936
262937
262938
262939
262940
262941
262942
262943
262944
262945
262946
262947
262948
262949
262950
262951
262952
262953
262954
262955
262956
262957
262958
262959
262960
262961
262962
262963
262964
262965
262966
262967
262968
262969
262970
262971
262972
262973
262974
262975
262976
262977
262978
262979
262980
262981
262982
262983
262984
262985
262986
262987
262988
262989
262990
262991
262992
262993
262994
262995
262996
262997
262998
262999
263000
263001
263002
263003
263004
263005
263006
263007
263008
263009
263010
263011
263012
263013
263014
263015
263016
263017
263018
263019
263020
263021
263022
263023
263024
263025
263026
263027
263028
263029
263030
263031
263032
263033
263034
263035
263036
263037
263038
263039
263040
263041
263042
263043
263044
263045
263046
263047
263048
263049
263050
263051
263052
263053
263054
263055
263056
263057
263058
263059
263060
263061
263062
263063
263064
263065
263066
263067
263068
263069
263070
263071
263072
263073
263074
263075
263076
263077
263078
263079
263080
263081
263082
263083
263084
263085
263086
263087
263088
263089
263090
263091
263092
263093
263094
263095
263096
263097
263098
263099
263100
263101
263102
263103
263104
263105
263106
263107
263108
263109
263110
263111
263112
263113
263114
263115
263116
263117
263118
263119
263120
263121
263122
263123
263124
263125
263126
263127
263128
263129
263130
263131
263132
263133
263134
263135
263136
263137
263138
263139
263140
263141
263142
263143
263144
263145
263146
263147
263148
263149
263150
263151
263152
263153
263154
263155
263156
263157
263158
263159
263160
263161
263162
263163
263164
263165
263166
263167
263168
263169
263170
263171
263172
263173
263174
263175
263176
263177
263178
263179
263180
263181
263182
263183
263184
263185
263186
263187
263188
263189
263190
263191
263192
263193
263194
263195
263196
263197
263198
263199
263200
263201
263202
263203
263204
263205
263206
263207
263208
263209
263210
263211
263212
263213
263214
263215
263216
263217
263218
263219
263220
263221
263222
263223
263224
263225
263226
263227
263228
263229
263230
263231
263232
263233
263234
263235
263236
263237
263238
263239
263240
263241
263242
263243
263244
263245
263246
263247
263248
263249
263250
263251
263252
263253
263254
263255
263256
263257
263258
263259
263260
263261
263262
263263
263264
263265
263266
263267
263268
263269
263270
263271
263272
263273
263274
263275
263276
263277
263278
263279
263280
263281
263282
263283
263284
263285
263286
263287
263288
263289
263290
263291
263292
263293
263294
263295
263296
263297
263298
263299
263300
263301
263302
263303
263304
263305
263306
263307
263308
263309
263310
263311
263312
263313
263314
263315
263316
263317
263318
263319
263320
263321
263322
263323
263324
263325
263326
263327
263328
263329
263330
263331
263332
263333
263334
263335
263336
263337
263338
263339
263340
263341
263342
263343
263344
263345
263346
263347
263348
263349
263350
263351
263352
263353
263354
263355
263356
263357
263358
263359
263360
263361
263362
263363
263364
263365
263366
263367
263368
263369
263370
263371
263372
263373
263374
263375
263376
263377
263378
263379
263380
263381
263382
263383
263384
263385
263386
263387
263388
263389
263390
263391
263392
263393
263394
263395
263396
263397
263398
263399
263400
263401
263402
263403
263404
263405
263406
263407
263408
263409
263410
263411
263412
263413
263414
263415
263416
263417
263418
263419
263420
263421
263422
263423
263424
263425
263426
263427
263428
263429
263430
263431
263432
263433
263434
263435
263436
263437
263438
263439
263440
263441
263442
263443
263444
263445
263446
263447
263448
263449
263450
263451
263452
263453
263454
263455
263456
263457
263458
263459
263460
263461
263462
263463
263464
263465
263466
263467
263468
263469
263470
263471
263472
263473
263474
263475
263476
263477
263478
263479
263480
263481
263482
263483
263484
263485
263486
263487
263488
263489
263490
263491
263492
263493
263494
263495
263496
263497
263498
263499
263500
263501
263502
263503
263504
263505
263506
263507
263508
263509
263510
263511
263512
263513
263514
263515
263516
263517
263518
263519
263520
263521
263522
263523
263524
263525
263526
263527
263528
263529
263530
263531
263532
263533
263534
263535
263536
263537
263538
263539
263540
263541
263542
263543
263544
263545
263546
263547
263548
263549
263550
263551
263552
263553
263554
263555
263556
263557
263558
263559
263560
263561
263562
263563
263564
263565
263566
263567
263568
263569
263570
263571
263572
263573
263574
263575
263576
263577
263578
263579
263580
263581
263582
263583
263584
263585
263586
263587
263588
263589
263590
263591
263592
263593
263594
263595
263596
263597
263598
263599
263600
263601
263602
263603
263604
263605
263606
263607
263608
263609
263610
263611
263612
263613
263614
263615
263616
263617
263618
263619
263620
263621
263622
263623
263624
263625
263626
263627
263628
263629
263630
263631
263632
263633
263634
263635
263636
263637
263638
263639
263640
263641
263642
263643
263644
263645
263646
263647
263648
263649
263650
263651
263652
263653
263654
263655
263656
263657
263658
263659
263660
263661
263662
263663
263664
263665
263666
263667
263668
263669
263670
263671
263672
263673
263674
263675
263676
263677
263678
263679
263680
263681
263682
263683
263684
263685
263686
263687
263688
263689
263690
263691
263692
263693
263694
263695
263696
263697
263698
263699
263700
263701
263702
263703
263704
263705
263706
263707
263708
263709
263710
263711
263712
263713
263714
263715
263716
263717
263718
263719
263720
263721
263722
263723
263724
263725
263726
263727
263728
263729
263730
263731
263732
263733
263734
263735
263736
263737
263738
263739
263740
263741
263742
263743
263744
263745
263746
263747
263748
263749
263750
263751
263752
263753
263754
263755
263756
263757
263758
263759
263760
263761
263762
263763
263764
263765
263766
263767
263768
263769
263770
263771
263772
263773
263774
263775
263776
263777
263778
263779
263780
263781
263782
263783
263784
263785
263786
263787
263788
263789
263790
263791
263792
263793
263794
263795
263796
263797
263798
263799
263800
263801
263802
263803
263804
263805
263806
263807
263808
263809
263810
263811
263812
263813
263814
263815
263816
263817
263818
263819
263820
263821
263822
263823
263824
263825
263826
263827
263828
263829
263830
263831
263832
263833
263834
263835
263836
263837
263838
263839
263840
263841
263842
263843
263844
263845
263846
263847
263848
263849
263850
263851
263852
263853
263854
263855
263856
263857
263858
263859
263860
263861
263862
263863
263864
263865
263866
263867
263868
263869
263870
263871
263872
263873
263874
263875
263876
263877
263878
263879
263880
263881
263882
263883
263884
263885
263886
263887
263888
263889
263890
263891
263892
263893
263894
263895
263896
263897
263898
263899
263900
263901
263902
263903
263904
263905
263906
263907
263908
263909
263910
263911
263912
263913
263914
263915
263916
263917
263918
263919
263920
263921
263922
263923
263924
263925
263926
263927
263928
263929
263930
263931
263932
263933
263934
263935
263936
263937
263938
263939
263940
263941
263942
263943
263944
263945
263946
263947
263948
263949
263950
263951
263952
263953
263954
263955
263956
263957
263958
263959
263960
263961
263962
263963
263964
263965
263966
263967
263968
263969
263970
263971
263972
263973
263974
263975
263976
263977
263978
263979
263980
263981
263982
263983
263984
263985
263986
263987
263988
263989
263990
263991
263992
263993
263994
263995
263996
263997
263998
263999
264000
264001
264002
264003
264004
264005
264006
264007
264008
264009
264010
264011
264012
264013
264014
264015
264016
264017
264018
264019
264020
264021
264022
264023
264024
264025
264026
264027
264028
264029
264030
264031
264032
264033
264034
264035
264036
264037
264038
264039
264040
264041
264042
264043
264044
264045
264046
264047
264048
264049
264050
264051
264052
264053
264054
264055
264056
264057
264058
264059
264060
264061
264062
264063
264064
264065
264066
264067
264068
264069
264070
264071
264072
264073
264074
264075
264076
264077
264078
264079
264080
264081
264082
264083
264084
264085
264086
264087
264088
264089
264090
264091
264092
264093
264094
264095
264096
264097
264098
264099
264100
264101
264102
264103
264104
264105
264106
264107
264108
264109
264110
264111
264112
264113
264114
264115
264116
264117
264118
264119
264120
264121
264122
264123
264124
264125
264126
264127
264128
264129
264130
264131
264132
264133
264134
264135
264136
264137
264138
264139
264140
264141
264142
264143
264144
264145
264146
264147
264148
264149
264150
264151
264152
264153
264154
264155
264156
264157
264158
264159
264160
264161
264162
264163
264164
264165
264166
264167
264168
264169
264170
264171
264172
264173
264174
264175
264176
264177
264178
264179
264180
264181
264182
264183
264184
264185
264186
264187
264188
264189
264190
264191
264192
264193
264194
264195
264196
264197
264198
264199
264200
264201
264202
264203
264204
264205
264206
264207
264208
264209
264210
264211
264212
264213
264214
264215
264216
264217
264218
264219
264220
264221
264222
264223
264224
264225
264226
264227
264228
264229
264230
264231
264232
264233
264234
264235
264236
264237
264238
264239
264240
264241
264242
264243
264244
264245
264246
264247
264248
264249
264250
264251
264252
264253
264254
264255
264256
264257
264258
264259
264260
264261
264262
264263
264264
264265
264266
264267
264268
264269
264270
264271
264272
264273
264274
264275
264276
264277
264278
264279
264280
264281
264282
264283
264284
264285
264286
264287
264288
264289
264290
264291
264292
264293
264294
264295
264296
264297
264298
264299
264300
264301
264302
264303
264304
264305
264306
264307
264308
264309
264310
264311
264312
264313
264314
264315
264316
264317
264318
264319
264320
264321
264322
264323
264324
264325
264326
264327
264328
264329
264330
264331
264332
264333
264334
264335
264336
264337
264338
264339
264340
264341
264342
264343
264344
264345
264346
264347
264348
264349
264350
349351
349352
349353
349354
349355
349356
349357
349358
349359
349360
349361
349362
349363
349364
349365
349366
349367
349368
349369
349370
349371
349372
349373
349374
349375
349376
349377
349378
349379
349380
349381
349382
349383
349384
349385
349386
349387
349388
349389
349390
349391
349392
349393
349394
349395
349396
349397
349398
349399
349400
100
200
300
400
500
600
700
800
900
1000
1100
1200
1300
1400
1500
1600
1700
1800
1900
2000
2100
2200
2300
2400
2500
2600
2700
2800
2900
3000
3100
3200
3300
3400
3500
3600
3700
3800
3900
4000
4100
4200
4300
4400
4500
4600
4700
4800
4900
4999
4902
4904
4906
4908
4910
4912
4914
4916
4918
4920
4922
4924
4926
4928
4930
4932
4934
4936
4938
4940
4942
4944
4946
4948
4950
4952
4954
4956
4958
4960
4962
4964
4966
4968
4970
4972
4974
4976
4978
4980
4982
4984
4986
4988
4990
4992
4994
4996
4998
5000
)


// ************************************************************************* //
