/*--------------------------------*- C++ -*----------------------------------*\
| =========                 |                                                 |
| \\      /  F ield         | OpenFOAM: The Open Source CFD Toolbox           |
|  \\    /   O peration     | Version:  v1906                                 |
|   \\  /    A nd           | Web:      www.OpenFOAM.com                      |
|    \\/     M anipulation  |                                                 |
\*---------------------------------------------------------------------------*/
FoamFile
{
    version     2.0;
    format      ascii;
    class       labelList;
    location    "constant/pps29/polyMesh";
    object      faceRegionAddressing;
}
// * * * * * * * * * * * * * * * * * * * * * * * * * * * * * * * * * * * * * //


10100
(
144601
144602
144603
144604
144605
144606
144607
144608
144609
144610
144611
144612
144613
144614
144615
144616
144617
144618
144619
144620
144621
144622
144623
144624
144625
144626
144627
144628
144629
144630
144631
144632
144633
144634
144635
144636
144637
144638
144639
144640
144641
144642
144643
144644
144645
144646
144647
144648
144649
144650
144651
144652
144653
144654
144655
144656
144657
144658
144659
144660
144661
144662
144663
144664
144665
144666
144667
144668
144669
144670
144671
144672
144673
144674
144675
144676
144677
144678
144679
144680
144681
144682
144683
144684
144685
144686
144687
144688
144689
144690
144691
144692
144693
144694
144695
144696
144697
144698
144699
144701
144702
144703
144704
144705
144706
144707
144708
144709
144710
144711
144712
144713
144714
144715
144716
144717
144718
144719
144720
144721
144722
144723
144724
144725
144726
144727
144728
144729
144730
144731
144732
144733
144734
144735
144736
144737
144738
144739
144740
144741
144742
144743
144744
144745
144746
144747
144748
144749
144750
144751
144752
144753
144754
144755
144756
144757
144758
144759
144760
144761
144762
144763
144764
144765
144766
144767
144768
144769
144770
144771
144772
144773
144774
144775
144776
144777
144778
144779
144780
144781
144782
144783
144784
144785
144786
144787
144788
144789
144790
144791
144792
144793
144794
144795
144796
144797
144798
144799
144801
144802
144803
144804
144805
144806
144807
144808
144809
144810
144811
144812
144813
144814
144815
144816
144817
144818
144819
144820
144821
144822
144823
144824
144825
144826
144827
144828
144829
144830
144831
144832
144833
144834
144835
144836
144837
144838
144839
144840
144841
144842
144843
144844
144845
144846
144847
144848
144849
144850
144851
144852
144853
144854
144855
144856
144857
144858
144859
144860
144861
144862
144863
144864
144865
144866
144867
144868
144869
144870
144871
144872
144873
144874
144875
144876
144877
144878
144879
144880
144881
144882
144883
144884
144885
144886
144887
144888
144889
144890
144891
144892
144893
144894
144895
144896
144897
144898
144899
144901
144902
144903
144904
144905
144906
144907
144908
144909
144910
144911
144912
144913
144914
144915
144916
144917
144918
144919
144920
144921
144922
144923
144924
144925
144926
144927
144928
144929
144930
144931
144932
144933
144934
144935
144936
144937
144938
144939
144940
144941
144942
144943
144944
144945
144946
144947
144948
144949
144950
144951
144952
144953
144954
144955
144956
144957
144958
144959
144960
144961
144962
144963
144964
144965
144966
144967
144968
144969
144970
144971
144972
144973
144974
144975
144976
144977
144978
144979
144980
144981
144982
144983
144984
144985
144986
144987
144988
144989
144990
144991
144992
144993
144994
144995
144996
144997
144998
144999
145001
145002
145003
145004
145005
145006
145007
145008
145009
145010
145011
145012
145013
145014
145015
145016
145017
145018
145019
145020
145021
145022
145023
145024
145025
145026
145027
145028
145029
145030
145031
145032
145033
145034
145035
145036
145037
145038
145039
145040
145041
145042
145043
145044
145045
145046
145047
145048
145049
145050
145051
145052
145053
145054
145055
145056
145057
145058
145059
145060
145061
145062
145063
145064
145065
145066
145067
145068
145069
145070
145071
145072
145073
145074
145075
145076
145077
145078
145079
145080
145081
145082
145083
145084
145085
145086
145087
145088
145089
145090
145091
145092
145093
145094
145095
145096
145097
145098
145099
145101
145102
145103
145104
145105
145106
145107
145108
145109
145110
145111
145112
145113
145114
145115
145116
145117
145118
145119
145120
145121
145122
145123
145124
145125
145126
145127
145128
145129
145130
145131
145132
145133
145134
145135
145136
145137
145138
145139
145140
145141
145142
145143
145144
145145
145146
145147
145148
145149
145150
145151
145152
145153
145154
145155
145156
145157
145158
145159
145160
145161
145162
145163
145164
145165
145166
145167
145168
145169
145170
145171
145172
145173
145174
145175
145176
145177
145178
145179
145180
145181
145182
145183
145184
145185
145186
145187
145188
145189
145190
145191
145192
145193
145194
145195
145196
145197
145198
145199
145201
145202
145203
145204
145205
145206
145207
145208
145209
145210
145211
145212
145213
145214
145215
145216
145217
145218
145219
145220
145221
145222
145223
145224
145225
145226
145227
145228
145229
145230
145231
145232
145233
145234
145235
145236
145237
145238
145239
145240
145241
145242
145243
145244
145245
145246
145247
145248
145249
145250
145251
145252
145253
145254
145255
145256
145257
145258
145259
145260
145261
145262
145263
145264
145265
145266
145267
145268
145269
145270
145271
145272
145273
145274
145275
145276
145277
145278
145279
145280
145281
145282
145283
145284
145285
145286
145287
145288
145289
145290
145291
145292
145293
145294
145295
145296
145297
145298
145299
145301
145302
145303
145304
145305
145306
145307
145308
145309
145310
145311
145312
145313
145314
145315
145316
145317
145318
145319
145320
145321
145322
145323
145324
145325
145326
145327
145328
145329
145330
145331
145332
145333
145334
145335
145336
145337
145338
145339
145340
145341
145342
145343
145344
145345
145346
145347
145348
145349
145350
145351
145352
145353
145354
145355
145356
145357
145358
145359
145360
145361
145362
145363
145364
145365
145366
145367
145368
145369
145370
145371
145372
145373
145374
145375
145376
145377
145378
145379
145380
145381
145382
145383
145384
145385
145386
145387
145388
145389
145390
145391
145392
145393
145394
145395
145396
145397
145398
145399
145401
145402
145403
145404
145405
145406
145407
145408
145409
145410
145411
145412
145413
145414
145415
145416
145417
145418
145419
145420
145421
145422
145423
145424
145425
145426
145427
145428
145429
145430
145431
145432
145433
145434
145435
145436
145437
145438
145439
145440
145441
145442
145443
145444
145445
145446
145447
145448
145449
145450
145451
145452
145453
145454
145455
145456
145457
145458
145459
145460
145461
145462
145463
145464
145465
145466
145467
145468
145469
145470
145471
145472
145473
145474
145475
145476
145477
145478
145479
145480
145481
145482
145483
145484
145485
145486
145487
145488
145489
145490
145491
145492
145493
145494
145495
145496
145497
145498
145499
145501
145502
145503
145504
145505
145506
145507
145508
145509
145510
145511
145512
145513
145514
145515
145516
145517
145518
145519
145520
145521
145522
145523
145524
145525
145526
145527
145528
145529
145530
145531
145532
145533
145534
145535
145536
145537
145538
145539
145540
145541
145542
145543
145544
145545
145546
145547
145548
145549
145550
145551
145552
145553
145554
145555
145556
145557
145558
145559
145560
145561
145562
145563
145564
145565
145566
145567
145568
145569
145570
145571
145572
145573
145574
145575
145576
145577
145578
145579
145580
145581
145582
145583
145584
145585
145586
145587
145588
145589
145590
145591
145592
145593
145594
145595
145596
145597
145598
145599
145601
145602
145603
145604
145605
145606
145607
145608
145609
145610
145611
145612
145613
145614
145615
145616
145617
145618
145619
145620
145621
145622
145623
145624
145625
145626
145627
145628
145629
145630
145631
145632
145633
145634
145635
145636
145637
145638
145639
145640
145641
145642
145643
145644
145645
145646
145647
145648
145649
145650
145651
145652
145653
145654
145655
145656
145657
145658
145659
145660
145661
145662
145663
145664
145665
145666
145667
145668
145669
145670
145671
145672
145673
145674
145675
145676
145677
145678
145679
145680
145681
145682
145683
145684
145685
145686
145687
145688
145689
145690
145691
145692
145693
145694
145695
145696
145697
145698
145699
145701
145702
145703
145704
145705
145706
145707
145708
145709
145710
145711
145712
145713
145714
145715
145716
145717
145718
145719
145720
145721
145722
145723
145724
145725
145726
145727
145728
145729
145730
145731
145732
145733
145734
145735
145736
145737
145738
145739
145740
145741
145742
145743
145744
145745
145746
145747
145748
145749
145750
145751
145752
145753
145754
145755
145756
145757
145758
145759
145760
145761
145762
145763
145764
145765
145766
145767
145768
145769
145770
145771
145772
145773
145774
145775
145776
145777
145778
145779
145780
145781
145782
145783
145784
145785
145786
145787
145788
145789
145790
145791
145792
145793
145794
145795
145796
145797
145798
145799
145801
145802
145803
145804
145805
145806
145807
145808
145809
145810
145811
145812
145813
145814
145815
145816
145817
145818
145819
145820
145821
145822
145823
145824
145825
145826
145827
145828
145829
145830
145831
145832
145833
145834
145835
145836
145837
145838
145839
145840
145841
145842
145843
145844
145845
145846
145847
145848
145849
145850
145851
145852
145853
145854
145855
145856
145857
145858
145859
145860
145861
145862
145863
145864
145865
145866
145867
145868
145869
145870
145871
145872
145873
145874
145875
145876
145877
145878
145879
145880
145881
145882
145883
145884
145885
145886
145887
145888
145889
145890
145891
145892
145893
145894
145895
145896
145897
145898
145899
145901
145902
145903
145904
145905
145906
145907
145908
145909
145910
145911
145912
145913
145914
145915
145916
145917
145918
145919
145920
145921
145922
145923
145924
145925
145926
145927
145928
145929
145930
145931
145932
145933
145934
145935
145936
145937
145938
145939
145940
145941
145942
145943
145944
145945
145946
145947
145948
145949
145950
145951
145952
145953
145954
145955
145956
145957
145958
145959
145960
145961
145962
145963
145964
145965
145966
145967
145968
145969
145970
145971
145972
145973
145974
145975
145976
145977
145978
145979
145980
145981
145982
145983
145984
145985
145986
145987
145988
145989
145990
145991
145992
145993
145994
145995
145996
145997
145998
145999
146001
146002
146003
146004
146005
146006
146007
146008
146009
146010
146011
146012
146013
146014
146015
146016
146017
146018
146019
146020
146021
146022
146023
146024
146025
146026
146027
146028
146029
146030
146031
146032
146033
146034
146035
146036
146037
146038
146039
146040
146041
146042
146043
146044
146045
146046
146047
146048
146049
146050
146051
146052
146053
146054
146055
146056
146057
146058
146059
146060
146061
146062
146063
146064
146065
146066
146067
146068
146069
146070
146071
146072
146073
146074
146075
146076
146077
146078
146079
146080
146081
146082
146083
146084
146085
146086
146087
146088
146089
146090
146091
146092
146093
146094
146095
146096
146097
146098
146099
146101
146102
146103
146104
146105
146106
146107
146108
146109
146110
146111
146112
146113
146114
146115
146116
146117
146118
146119
146120
146121
146122
146123
146124
146125
146126
146127
146128
146129
146130
146131
146132
146133
146134
146135
146136
146137
146138
146139
146140
146141
146142
146143
146144
146145
146146
146147
146148
146149
146150
146151
146152
146153
146154
146155
146156
146157
146158
146159
146160
146161
146162
146163
146164
146165
146166
146167
146168
146169
146170
146171
146172
146173
146174
146175
146176
146177
146178
146179
146180
146181
146182
146183
146184
146185
146186
146187
146188
146189
146190
146191
146192
146193
146194
146195
146196
146197
146198
146199
146201
146202
146203
146204
146205
146206
146207
146208
146209
146210
146211
146212
146213
146214
146215
146216
146217
146218
146219
146220
146221
146222
146223
146224
146225
146226
146227
146228
146229
146230
146231
146232
146233
146234
146235
146236
146237
146238
146239
146240
146241
146242
146243
146244
146245
146246
146247
146248
146249
146250
146251
146252
146253
146254
146255
146256
146257
146258
146259
146260
146261
146262
146263
146264
146265
146266
146267
146268
146269
146270
146271
146272
146273
146274
146275
146276
146277
146278
146279
146280
146281
146282
146283
146284
146285
146286
146287
146288
146289
146290
146291
146292
146293
146294
146295
146296
146297
146298
146299
146301
146302
146303
146304
146305
146306
146307
146308
146309
146310
146311
146312
146313
146314
146315
146316
146317
146318
146319
146320
146321
146322
146323
146324
146325
146326
146327
146328
146329
146330
146331
146332
146333
146334
146335
146336
146337
146338
146339
146340
146341
146342
146343
146344
146345
146346
146347
146348
146349
146350
146351
146352
146353
146354
146355
146356
146357
146358
146359
146360
146361
146362
146363
146364
146365
146366
146367
146368
146369
146370
146371
146372
146373
146374
146375
146376
146377
146378
146379
146380
146381
146382
146383
146384
146385
146386
146387
146388
146389
146390
146391
146392
146393
146394
146395
146396
146397
146398
146399
146401
146402
146403
146404
146405
146406
146407
146408
146409
146410
146411
146412
146413
146414
146415
146416
146417
146418
146419
146420
146421
146422
146423
146424
146425
146426
146427
146428
146429
146430
146431
146432
146433
146434
146435
146436
146437
146438
146439
146440
146441
146442
146443
146444
146445
146446
146447
146448
146449
146450
146451
146452
146453
146454
146455
146456
146457
146458
146459
146460
146461
146462
146463
146464
146465
146466
146467
146468
146469
146470
146471
146472
146473
146474
146475
146476
146477
146478
146479
146480
146481
146482
146483
146484
146485
146486
146487
146488
146489
146490
146491
146492
146493
146494
146495
146496
146497
146498
146499
146501
146502
146503
146504
146505
146506
146507
146508
146509
146510
146511
146512
146513
146514
146515
146516
146517
146518
146519
146520
146521
146522
146523
146524
146525
146526
146527
146528
146529
146530
146531
146532
146533
146534
146535
146536
146537
146538
146539
146540
146541
146542
146543
146544
146545
146546
146547
146548
146549
146550
146551
146552
146553
146554
146555
146556
146557
146558
146559
146560
146561
146562
146563
146564
146565
146566
146567
146568
146569
146570
146571
146572
146573
146574
146575
146576
146577
146578
146579
146580
146581
146582
146583
146584
146585
146586
146587
146588
146589
146590
146591
146592
146593
146594
146595
146596
146597
146598
146599
146601
146602
146603
146604
146605
146606
146607
146608
146609
146610
146611
146612
146613
146614
146615
146616
146617
146618
146619
146620
146621
146622
146623
146624
146625
146626
146627
146628
146629
146630
146631
146632
146633
146634
146635
146636
146637
146638
146639
146640
146641
146642
146643
146644
146645
146646
146647
146648
146649
146650
146651
146652
146653
146654
146655
146656
146657
146658
146659
146660
146661
146662
146663
146664
146665
146666
146667
146668
146669
146670
146671
146672
146673
146674
146675
146676
146677
146678
146679
146680
146681
146682
146683
146684
146685
146686
146687
146688
146689
146690
146691
146692
146693
146694
146695
146696
146697
146698
146699
146701
146702
146703
146704
146705
146706
146707
146708
146709
146710
146711
146712
146713
146714
146715
146716
146717
146718
146719
146720
146721
146722
146723
146724
146725
146726
146727
146728
146729
146730
146731
146732
146733
146734
146735
146736
146737
146738
146739
146740
146741
146742
146743
146744
146745
146746
146747
146748
146749
146750
146751
146752
146753
146754
146755
146756
146757
146758
146759
146760
146761
146762
146763
146764
146765
146766
146767
146768
146769
146770
146771
146772
146773
146774
146775
146776
146777
146778
146779
146780
146781
146782
146783
146784
146785
146786
146787
146788
146789
146790
146791
146792
146793
146794
146795
146796
146797
146798
146799
146801
146802
146803
146804
146805
146806
146807
146808
146809
146810
146811
146812
146813
146814
146815
146816
146817
146818
146819
146820
146821
146822
146823
146824
146825
146826
146827
146828
146829
146830
146831
146832
146833
146834
146835
146836
146837
146838
146839
146840
146841
146842
146843
146844
146845
146846
146847
146848
146849
146850
146851
146852
146853
146854
146855
146856
146857
146858
146859
146860
146861
146862
146863
146864
146865
146866
146867
146868
146869
146870
146871
146872
146873
146874
146875
146876
146877
146878
146879
146880
146881
146882
146883
146884
146885
146886
146887
146888
146889
146890
146891
146892
146893
146894
146895
146896
146897
146898
146899
146901
146902
146903
146904
146905
146906
146907
146908
146909
146910
146911
146912
146913
146914
146915
146916
146917
146918
146919
146920
146921
146922
146923
146924
146925
146926
146927
146928
146929
146930
146931
146932
146933
146934
146935
146936
146937
146938
146939
146940
146941
146942
146943
146944
146945
146946
146947
146948
146949
146950
146951
146952
146953
146954
146955
146956
146957
146958
146959
146960
146961
146962
146963
146964
146965
146966
146967
146968
146969
146970
146971
146972
146973
146974
146975
146976
146977
146978
146979
146980
146981
146982
146983
146984
146985
146986
146987
146988
146989
146990
146991
146992
146993
146994
146995
146996
146997
146998
146999
147001
147002
147003
147004
147005
147006
147007
147008
147009
147010
147011
147012
147013
147014
147015
147016
147017
147018
147019
147020
147021
147022
147023
147024
147025
147026
147027
147028
147029
147030
147031
147032
147033
147034
147035
147036
147037
147038
147039
147040
147041
147042
147043
147044
147045
147046
147047
147048
147049
147050
147051
147052
147053
147054
147055
147056
147057
147058
147059
147060
147061
147062
147063
147064
147065
147066
147067
147068
147069
147070
147071
147072
147073
147074
147075
147076
147077
147078
147079
147080
147081
147082
147083
147084
147085
147086
147087
147088
147089
147090
147091
147092
147093
147094
147095
147096
147097
147098
147099
147101
147102
147103
147104
147105
147106
147107
147108
147109
147110
147111
147112
147113
147114
147115
147116
147117
147118
147119
147120
147121
147122
147123
147124
147125
147126
147127
147128
147129
147130
147131
147132
147133
147134
147135
147136
147137
147138
147139
147140
147141
147142
147143
147144
147145
147146
147147
147148
147149
147150
147151
147152
147153
147154
147155
147156
147157
147158
147159
147160
147161
147162
147163
147164
147165
147166
147167
147168
147169
147170
147171
147172
147173
147174
147175
147176
147177
147178
147179
147180
147181
147182
147183
147184
147185
147186
147187
147188
147189
147190
147191
147192
147193
147194
147195
147196
147197
147198
147199
147201
147202
147203
147204
147205
147206
147207
147208
147209
147210
147211
147212
147213
147214
147215
147216
147217
147218
147219
147220
147221
147222
147223
147224
147225
147226
147227
147228
147229
147230
147231
147232
147233
147234
147235
147236
147237
147238
147239
147240
147241
147242
147243
147244
147245
147246
147247
147248
147249
147250
147251
147252
147253
147254
147255
147256
147257
147258
147259
147260
147261
147262
147263
147264
147265
147266
147267
147268
147269
147270
147271
147272
147273
147274
147275
147276
147277
147278
147279
147280
147281
147282
147283
147284
147285
147286
147287
147288
147289
147290
147291
147292
147293
147294
147295
147296
147297
147298
147299
147301
147302
147303
147304
147305
147306
147307
147308
147309
147310
147311
147312
147313
147314
147315
147316
147317
147318
147319
147320
147321
147322
147323
147324
147325
147326
147327
147328
147329
147330
147331
147332
147333
147334
147335
147336
147337
147338
147339
147340
147341
147342
147343
147344
147345
147346
147347
147348
147349
147350
147351
147352
147353
147354
147355
147356
147357
147358
147359
147360
147361
147362
147363
147364
147365
147366
147367
147368
147369
147370
147371
147372
147373
147374
147375
147376
147377
147378
147379
147380
147381
147382
147383
147384
147385
147386
147387
147388
147389
147390
147391
147392
147393
147394
147395
147396
147397
147398
147399
147401
147402
147403
147404
147405
147406
147407
147408
147409
147410
147411
147412
147413
147414
147415
147416
147417
147418
147419
147420
147421
147422
147423
147424
147425
147426
147427
147428
147429
147430
147431
147432
147433
147434
147435
147436
147437
147438
147439
147440
147441
147442
147443
147444
147445
147446
147447
147448
147449
147450
147451
147452
147453
147454
147455
147456
147457
147458
147459
147460
147461
147462
147463
147464
147465
147466
147467
147468
147469
147470
147471
147472
147473
147474
147475
147476
147477
147478
147479
147480
147481
147482
147483
147484
147485
147486
147487
147488
147489
147490
147491
147492
147493
147494
147495
147496
147497
147498
147499
147501
147502
147503
147504
147505
147506
147507
147508
147509
147510
147511
147512
147513
147514
147515
147516
147517
147518
147519
147520
147521
147522
147523
147524
147525
147526
147527
147528
147529
147530
147531
147532
147533
147534
147535
147536
147537
147538
147539
147540
147541
147542
147543
147544
147545
147546
147547
147548
147549
147550
147551
147552
147553
147554
147555
147556
147557
147558
147559
147560
147561
147562
147563
147564
147565
147566
147567
147568
147569
147570
147571
147572
147573
147574
147575
147576
147577
147578
147579
147580
147581
147582
147583
147584
147585
147586
147587
147588
147589
147590
147591
147592
147593
147594
147595
147596
147597
147598
147599
147601
147602
147603
147604
147605
147606
147607
147608
147609
147610
147611
147612
147613
147614
147615
147616
147617
147618
147619
147620
147621
147622
147623
147624
147625
147626
147627
147628
147629
147630
147631
147632
147633
147634
147635
147636
147637
147638
147639
147640
147641
147642
147643
147644
147645
147646
147647
147648
147649
147650
147651
147652
147653
147654
147655
147656
147657
147658
147659
147660
147661
147662
147663
147664
147665
147666
147667
147668
147669
147670
147671
147672
147673
147674
147675
147676
147677
147678
147679
147680
147681
147682
147683
147684
147685
147686
147687
147688
147689
147690
147691
147692
147693
147694
147695
147696
147697
147698
147699
147701
147702
147703
147704
147705
147706
147707
147708
147709
147710
147711
147712
147713
147714
147715
147716
147717
147718
147719
147720
147721
147722
147723
147724
147725
147726
147727
147728
147729
147730
147731
147732
147733
147734
147735
147736
147737
147738
147739
147740
147741
147742
147743
147744
147745
147746
147747
147748
147749
147750
147751
147752
147753
147754
147755
147756
147757
147758
147759
147760
147761
147762
147763
147764
147765
147766
147767
147768
147769
147770
147771
147772
147773
147774
147775
147776
147777
147778
147779
147780
147781
147782
147783
147784
147785
147786
147787
147788
147789
147790
147791
147792
147793
147794
147795
147796
147797
147798
147799
147801
147802
147803
147804
147805
147806
147807
147808
147809
147810
147811
147812
147813
147814
147815
147816
147817
147818
147819
147820
147821
147822
147823
147824
147825
147826
147827
147828
147829
147830
147831
147832
147833
147834
147835
147836
147837
147838
147839
147840
147841
147842
147843
147844
147845
147846
147847
147848
147849
147850
147851
147852
147853
147854
147855
147856
147857
147858
147859
147860
147861
147862
147863
147864
147865
147866
147867
147868
147869
147870
147871
147872
147873
147874
147875
147876
147877
147878
147879
147880
147881
147882
147883
147884
147885
147886
147887
147888
147889
147890
147891
147892
147893
147894
147895
147896
147897
147898
147899
147901
147902
147903
147904
147905
147906
147907
147908
147909
147910
147911
147912
147913
147914
147915
147916
147917
147918
147919
147920
147921
147922
147923
147924
147925
147926
147927
147928
147929
147930
147931
147932
147933
147934
147935
147936
147937
147938
147939
147940
147941
147942
147943
147944
147945
147946
147947
147948
147949
147950
147951
147952
147953
147954
147955
147956
147957
147958
147959
147960
147961
147962
147963
147964
147965
147966
147967
147968
147969
147970
147971
147972
147973
147974
147975
147976
147977
147978
147979
147980
147981
147982
147983
147984
147985
147986
147987
147988
147989
147990
147991
147992
147993
147994
147995
147996
147997
147998
147999
148001
148002
148003
148004
148005
148006
148007
148008
148009
148010
148011
148012
148013
148014
148015
148016
148017
148018
148019
148020
148021
148022
148023
148024
148025
148026
148027
148028
148029
148030
148031
148032
148033
148034
148035
148036
148037
148038
148039
148040
148041
148042
148043
148044
148045
148046
148047
148048
148049
148050
148051
148052
148053
148054
148055
148056
148057
148058
148059
148060
148061
148062
148063
148064
148065
148066
148067
148068
148069
148070
148071
148072
148073
148074
148075
148076
148077
148078
148079
148080
148081
148082
148083
148084
148085
148086
148087
148088
148089
148090
148091
148092
148093
148094
148095
148096
148097
148098
148099
148101
148102
148103
148104
148105
148106
148107
148108
148109
148110
148111
148112
148113
148114
148115
148116
148117
148118
148119
148120
148121
148122
148123
148124
148125
148126
148127
148128
148129
148130
148131
148132
148133
148134
148135
148136
148137
148138
148139
148140
148141
148142
148143
148144
148145
148146
148147
148148
148149
148150
148151
148152
148153
148154
148155
148156
148157
148158
148159
148160
148161
148162
148163
148164
148165
148166
148167
148168
148169
148170
148171
148172
148173
148174
148175
148176
148177
148178
148179
148180
148181
148182
148183
148184
148185
148186
148187
148188
148189
148190
148191
148192
148193
148194
148195
148196
148197
148198
148199
148201
148202
148203
148204
148205
148206
148207
148208
148209
148210
148211
148212
148213
148214
148215
148216
148217
148218
148219
148220
148221
148222
148223
148224
148225
148226
148227
148228
148229
148230
148231
148232
148233
148234
148235
148236
148237
148238
148239
148240
148241
148242
148243
148244
148245
148246
148247
148248
148249
148250
148251
148252
148253
148254
148255
148256
148257
148258
148259
148260
148261
148262
148263
148264
148265
148266
148267
148268
148269
148270
148271
148272
148273
148274
148275
148276
148277
148278
148279
148280
148281
148282
148283
148284
148285
148286
148287
148288
148289
148290
148291
148292
148293
148294
148295
148296
148297
148298
148299
148301
148302
148303
148304
148305
148306
148307
148308
148309
148310
148311
148312
148313
148314
148315
148316
148317
148318
148319
148320
148321
148322
148323
148324
148325
148326
148327
148328
148329
148330
148331
148332
148333
148334
148335
148336
148337
148338
148339
148340
148341
148342
148343
148344
148345
148346
148347
148348
148349
148350
148351
148352
148353
148354
148355
148356
148357
148358
148359
148360
148361
148362
148363
148364
148365
148366
148367
148368
148369
148370
148371
148372
148373
148374
148375
148376
148377
148378
148379
148380
148381
148382
148383
148384
148385
148386
148387
148388
148389
148390
148391
148392
148393
148394
148395
148396
148397
148398
148399
148401
148402
148403
148404
148405
148406
148407
148408
148409
148410
148411
148412
148413
148414
148415
148416
148417
148418
148419
148420
148421
148422
148423
148424
148425
148426
148427
148428
148429
148430
148431
148432
148433
148434
148435
148436
148437
148438
148439
148440
148441
148442
148443
148444
148445
148446
148447
148448
148449
148450
148451
148452
148453
148454
148455
148456
148457
148458
148459
148460
148461
148462
148463
148464
148465
148466
148467
148468
148469
148470
148471
148472
148473
148474
148475
148476
148477
148478
148479
148480
148481
148482
148483
148484
148485
148486
148487
148488
148489
148490
148491
148492
148493
148494
148495
148496
148497
148498
148499
148501
148502
148503
148504
148505
148506
148507
148508
148509
148510
148511
148512
148513
148514
148515
148516
148517
148518
148519
148520
148521
148522
148523
148524
148525
148526
148527
148528
148529
148530
148531
148532
148533
148534
148535
148536
148537
148538
148539
148540
148541
148542
148543
148544
148545
148546
148547
148548
148549
148550
148551
148552
148553
148554
148555
148556
148557
148558
148559
148560
148561
148562
148563
148564
148565
148566
148567
148568
148569
148570
148571
148572
148573
148574
148575
148576
148577
148578
148579
148580
148581
148582
148583
148584
148585
148586
148587
148588
148589
148590
148591
148592
148593
148594
148595
148596
148597
148598
148599
148601
148602
148603
148604
148605
148606
148607
148608
148609
148610
148611
148612
148613
148614
148615
148616
148617
148618
148619
148620
148621
148622
148623
148624
148625
148626
148627
148628
148629
148630
148631
148632
148633
148634
148635
148636
148637
148638
148639
148640
148641
148642
148643
148644
148645
148646
148647
148648
148649
148650
148651
148652
148653
148654
148655
148656
148657
148658
148659
148660
148661
148662
148663
148664
148665
148666
148667
148668
148669
148670
148671
148672
148673
148674
148675
148676
148677
148678
148679
148680
148681
148682
148683
148684
148685
148686
148687
148688
148689
148690
148691
148692
148693
148694
148695
148696
148697
148698
148699
148701
148702
148703
148704
148705
148706
148707
148708
148709
148710
148711
148712
148713
148714
148715
148716
148717
148718
148719
148720
148721
148722
148723
148724
148725
148726
148727
148728
148729
148730
148731
148732
148733
148734
148735
148736
148737
148738
148739
148740
148741
148742
148743
148744
148745
148746
148747
148748
148749
148750
148751
148752
148753
148754
148755
148756
148757
148758
148759
148760
148761
148762
148763
148764
148765
148766
148767
148768
148769
148770
148771
148772
148773
148774
148775
148776
148777
148778
148779
148780
148781
148782
148783
148784
148785
148786
148787
148788
148789
148790
148791
148792
148793
148794
148795
148796
148797
148798
148799
148801
148802
148803
148804
148805
148806
148807
148808
148809
148810
148811
148812
148813
148814
148815
148816
148817
148818
148819
148820
148821
148822
148823
148824
148825
148826
148827
148828
148829
148830
148831
148832
148833
148834
148835
148836
148837
148838
148839
148840
148841
148842
148843
148844
148845
148846
148847
148848
148849
148850
148851
148852
148853
148854
148855
148856
148857
148858
148859
148860
148861
148862
148863
148864
148865
148866
148867
148868
148869
148870
148871
148872
148873
148874
148875
148876
148877
148878
148879
148880
148881
148882
148883
148884
148885
148886
148887
148888
148889
148890
148891
148892
148893
148894
148895
148896
148897
148898
148899
148901
148902
148903
148904
148905
148906
148907
148908
148909
148910
148911
148912
148913
148914
148915
148916
148917
148918
148919
148920
148921
148922
148923
148924
148925
148926
148927
148928
148929
148930
148931
148932
148933
148934
148935
148936
148937
148938
148939
148940
148941
148942
148943
148944
148945
148946
148947
148948
148949
148950
148951
148952
148953
148954
148955
148956
148957
148958
148959
148960
148961
148962
148963
148964
148965
148966
148967
148968
148969
148970
148971
148972
148973
148974
148975
148976
148977
148978
148979
148980
148981
148982
148983
148984
148985
148986
148987
148988
148989
148990
148991
148992
148993
148994
148995
148996
148997
148998
148999
149001
149002
149003
149004
149005
149006
149007
149008
149009
149010
149011
149012
149013
149014
149015
149016
149017
149018
149019
149020
149021
149022
149023
149024
149025
149026
149027
149028
149029
149030
149031
149032
149033
149034
149035
149036
149037
149038
149039
149040
149041
149042
149043
149044
149045
149046
149047
149048
149049
149050
149051
149052
149053
149054
149055
149056
149057
149058
149059
149060
149061
149062
149063
149064
149065
149066
149067
149068
149069
149070
149071
149072
149073
149074
149075
149076
149077
149078
149079
149080
149081
149082
149083
149084
149085
149086
149087
149088
149089
149090
149091
149092
149093
149094
149095
149096
149097
149098
149099
149101
149102
149103
149104
149105
149106
149107
149108
149109
149110
149111
149112
149113
149114
149115
149116
149117
149118
149119
149120
149121
149122
149123
149124
149125
149126
149127
149128
149129
149130
149131
149132
149133
149134
149135
149136
149137
149138
149139
149140
149141
149142
149143
149144
149145
149146
149147
149148
149149
149150
149151
149152
149153
149154
149155
149156
149157
149158
149159
149160
149161
149162
149163
149164
149165
149166
149167
149168
149169
149170
149171
149172
149173
149174
149175
149176
149177
149178
149179
149180
149181
149182
149183
149184
149185
149186
149187
149188
149189
149190
149191
149192
149193
149194
149195
149196
149197
149198
149199
149201
149202
149203
149204
149205
149206
149207
149208
149209
149210
149211
149212
149213
149214
149215
149216
149217
149218
149219
149220
149221
149222
149223
149224
149225
149226
149227
149228
149229
149230
149231
149232
149233
149234
149235
149236
149237
149238
149239
149240
149241
149242
149243
149244
149245
149246
149247
149248
149249
149250
149251
149252
149253
149254
149255
149256
149257
149258
149259
149260
149261
149262
149263
149264
149265
149266
149267
149268
149269
149270
149271
149272
149273
149274
149275
149276
149277
149278
149279
149280
149281
149282
149283
149284
149285
149286
149287
149288
149289
149290
149291
149292
149293
149294
149295
149296
149297
149298
149299
149301
149302
149303
149304
149305
149306
149307
149308
149309
149310
149311
149312
149313
149314
149315
149316
149317
149318
149319
149320
149321
149322
149323
149324
149325
149326
149327
149328
149329
149330
149331
149332
149333
149334
149335
149336
149337
149338
149339
149340
149341
149342
149343
149344
149345
149346
149347
149348
149349
149350
149351
149352
149353
149354
149355
149356
149357
149358
149359
149360
149361
149362
149363
149364
149365
149366
149367
149368
149369
149370
149371
149372
149373
149374
149375
149376
149377
149378
149379
149380
149381
149382
149383
149384
149385
149386
149387
149388
149389
149390
149391
149392
149393
149394
149395
149396
149397
149398
149399
149401
149402
149403
149404
149405
149406
149407
149408
149409
149410
149411
149412
149413
149414
149415
149416
149417
149418
149419
149420
149421
149422
149423
149424
149425
149426
149427
149428
149429
149430
149431
149432
149433
149434
149435
149436
149437
149438
149439
149440
149441
149442
149443
149444
149445
149446
149447
149448
149449
149450
149451
149452
149453
149454
149455
149456
149457
149458
149459
149460
149461
149462
149463
149464
149465
149466
149467
149468
149469
149470
149471
149472
149473
149474
149475
149476
149477
149478
149479
149480
149481
149482
149483
149484
149485
149486
149487
149488
149489
149490
149491
149492
149493
149494
149495
149496
149497
149498
149499
149501
149503
149505
149507
149509
149511
149513
149515
149517
149519
149521
149523
149525
149527
149529
149531
149533
149535
149537
149539
149541
149543
149545
149547
149549
149551
149553
149555
149557
149559
149561
149563
149565
149567
149569
149571
149573
149575
149577
149579
149581
149583
149585
149587
149589
149591
149593
149595
149597
246851
246852
246853
246854
246855
246856
246857
246858
246859
246860
246861
246862
246863
246864
246865
246866
246867
246868
246869
246870
246871
246872
246873
246874
246875
246876
246877
246878
246879
246880
246881
246882
246883
246884
246885
246886
246887
246888
246889
246890
246891
246892
246893
246894
246895
246896
246897
246898
246899
246900
246901
246902
246903
246904
246905
246906
246907
246908
246909
246910
246911
246912
246913
246914
246915
246916
246917
246918
246919
246920
246921
246922
246923
246924
246925
246926
246927
246928
246929
246930
246931
246932
246933
246934
246935
246936
246937
246938
246939
246940
246941
246942
246943
246944
246945
246946
246947
246948
246949
246950
246951
246952
246953
246954
246955
246956
246957
246958
246959
246960
246961
246962
246963
246964
246965
246966
246967
246968
246969
246970
246971
246972
246973
246974
246975
246976
246977
246978
246979
246980
246981
246982
246983
246984
246985
246986
246987
246988
246989
246990
246991
246992
246993
246994
246995
246996
246997
246998
246999
247000
247001
247002
247003
247004
247005
247006
247007
247008
247009
247010
247011
247012
247013
247014
247015
247016
247017
247018
247019
247020
247021
247022
247023
247024
247025
247026
247027
247028
247029
247030
247031
247032
247033
247034
247035
247036
247037
247038
247039
247040
247041
247042
247043
247044
247045
247046
247047
247048
247049
247050
247051
247052
247053
247054
247055
247056
247057
247058
247059
247060
247061
247062
247063
247064
247065
247066
247067
247068
247069
247070
247071
247072
247073
247074
247075
247076
247077
247078
247079
247080
247081
247082
247083
247084
247085
247086
247087
247088
247089
247090
247091
247092
247093
247094
247095
247096
247097
247098
247099
247100
247101
247102
247103
247104
247105
247106
247107
247108
247109
247110
247111
247112
247113
247114
247115
247116
247117
247118
247119
247120
247121
247122
247123
247124
247125
247126
247127
247128
247129
247130
247131
247132
247133
247134
247135
247136
247137
247138
247139
247140
247141
247142
247143
247144
247145
247146
247147
247148
247149
247150
247151
247152
247153
247154
247155
247156
247157
247158
247159
247160
247161
247162
247163
247164
247165
247166
247167
247168
247169
247170
247171
247172
247173
247174
247175
247176
247177
247178
247179
247180
247181
247182
247183
247184
247185
247186
247187
247188
247189
247190
247191
247192
247193
247194
247195
247196
247197
247198
247199
247200
247201
247202
247203
247204
247205
247206
247207
247208
247209
247210
247211
247212
247213
247214
247215
247216
247217
247218
247219
247220
247221
247222
247223
247224
247225
247226
247227
247228
247229
247230
247231
247232
247233
247234
247235
247236
247237
247238
247239
247240
247241
247242
247243
247244
247245
247246
247247
247248
247249
247250
247251
247252
247253
247254
247255
247256
247257
247258
247259
247260
247261
247262
247263
247264
247265
247266
247267
247268
247269
247270
247271
247272
247273
247274
247275
247276
247277
247278
247279
247280
247281
247282
247283
247284
247285
247286
247287
247288
247289
247290
247291
247292
247293
247294
247295
247296
247297
247298
247299
247300
247301
247302
247303
247304
247305
247306
247307
247308
247309
247310
247311
247312
247313
247314
247315
247316
247317
247318
247319
247320
247321
247322
247323
247324
247325
247326
247327
247328
247329
247330
247331
247332
247333
247334
247335
247336
247337
247338
247339
247340
247341
247342
247343
247344
247345
247346
247347
247348
247349
247350
247351
247352
247353
247354
247355
247356
247357
247358
247359
247360
247361
247362
247363
247364
247365
247366
247367
247368
247369
247370
247371
247372
247373
247374
247375
247376
247377
247378
247379
247380
247381
247382
247383
247384
247385
247386
247387
247388
247389
247390
247391
247392
247393
247394
247395
247396
247397
247398
247399
247400
247401
247402
247403
247404
247405
247406
247407
247408
247409
247410
247411
247412
247413
247414
247415
247416
247417
247418
247419
247420
247421
247422
247423
247424
247425
247426
247427
247428
247429
247430
247431
247432
247433
247434
247435
247436
247437
247438
247439
247440
247441
247442
247443
247444
247445
247446
247447
247448
247449
247450
247451
247452
247453
247454
247455
247456
247457
247458
247459
247460
247461
247462
247463
247464
247465
247466
247467
247468
247469
247470
247471
247472
247473
247474
247475
247476
247477
247478
247479
247480
247481
247482
247483
247484
247485
247486
247487
247488
247489
247490
247491
247492
247493
247494
247495
247496
247497
247498
247499
247500
247501
247502
247503
247504
247505
247506
247507
247508
247509
247510
247511
247512
247513
247514
247515
247516
247517
247518
247519
247520
247521
247522
247523
247524
247525
247526
247527
247528
247529
247530
247531
247532
247533
247534
247535
247536
247537
247538
247539
247540
247541
247542
247543
247544
247545
247546
247547
247548
247549
247550
247551
247552
247553
247554
247555
247556
247557
247558
247559
247560
247561
247562
247563
247564
247565
247566
247567
247568
247569
247570
247571
247572
247573
247574
247575
247576
247577
247578
247579
247580
247581
247582
247583
247584
247585
247586
247587
247588
247589
247590
247591
247592
247593
247594
247595
247596
247597
247598
247599
247600
247601
247602
247603
247604
247605
247606
247607
247608
247609
247610
247611
247612
247613
247614
247615
247616
247617
247618
247619
247620
247621
247622
247623
247624
247625
247626
247627
247628
247629
247630
247631
247632
247633
247634
247635
247636
247637
247638
247639
247640
247641
247642
247643
247644
247645
247646
247647
247648
247649
247650
247651
247652
247653
247654
247655
247656
247657
247658
247659
247660
247661
247662
247663
247664
247665
247666
247667
247668
247669
247670
247671
247672
247673
247674
247675
247676
247677
247678
247679
247680
247681
247682
247683
247684
247685
247686
247687
247688
247689
247690
247691
247692
247693
247694
247695
247696
247697
247698
247699
247700
247701
247702
247703
247704
247705
247706
247707
247708
247709
247710
247711
247712
247713
247714
247715
247716
247717
247718
247719
247720
247721
247722
247723
247724
247725
247726
247727
247728
247729
247730
247731
247732
247733
247734
247735
247736
247737
247738
247739
247740
247741
247742
247743
247744
247745
247746
247747
247748
247749
247750
247751
247752
247753
247754
247755
247756
247757
247758
247759
247760
247761
247762
247763
247764
247765
247766
247767
247768
247769
247770
247771
247772
247773
247774
247775
247776
247777
247778
247779
247780
247781
247782
247783
247784
247785
247786
247787
247788
247789
247790
247791
247792
247793
247794
247795
247796
247797
247798
247799
247800
247801
247802
247803
247804
247805
247806
247807
247808
247809
247810
247811
247812
247813
247814
247815
247816
247817
247818
247819
247820
247821
247822
247823
247824
247825
247826
247827
247828
247829
247830
247831
247832
247833
247834
247835
247836
247837
247838
247839
247840
247841
247842
247843
247844
247845
247846
247847
247848
247849
247850
247851
247852
247853
247854
247855
247856
247857
247858
247859
247860
247861
247862
247863
247864
247865
247866
247867
247868
247869
247870
247871
247872
247873
247874
247875
247876
247877
247878
247879
247880
247881
247882
247883
247884
247885
247886
247887
247888
247889
247890
247891
247892
247893
247894
247895
247896
247897
247898
247899
247900
247901
247902
247903
247904
247905
247906
247907
247908
247909
247910
247911
247912
247913
247914
247915
247916
247917
247918
247919
247920
247921
247922
247923
247924
247925
247926
247927
247928
247929
247930
247931
247932
247933
247934
247935
247936
247937
247938
247939
247940
247941
247942
247943
247944
247945
247946
247947
247948
247949
247950
247951
247952
247953
247954
247955
247956
247957
247958
247959
247960
247961
247962
247963
247964
247965
247966
247967
247968
247969
247970
247971
247972
247973
247974
247975
247976
247977
247978
247979
247980
247981
247982
247983
247984
247985
247986
247987
247988
247989
247990
247991
247992
247993
247994
247995
247996
247997
247998
247999
248000
248001
248002
248003
248004
248005
248006
248007
248008
248009
248010
248011
248012
248013
248014
248015
248016
248017
248018
248019
248020
248021
248022
248023
248024
248025
248026
248027
248028
248029
248030
248031
248032
248033
248034
248035
248036
248037
248038
248039
248040
248041
248042
248043
248044
248045
248046
248047
248048
248049
248050
248051
248052
248053
248054
248055
248056
248057
248058
248059
248060
248061
248062
248063
248064
248065
248066
248067
248068
248069
248070
248071
248072
248073
248074
248075
248076
248077
248078
248079
248080
248081
248082
248083
248084
248085
248086
248087
248088
248089
248090
248091
248092
248093
248094
248095
248096
248097
248098
248099
248100
248101
248102
248103
248104
248105
248106
248107
248108
248109
248110
248111
248112
248113
248114
248115
248116
248117
248118
248119
248120
248121
248122
248123
248124
248125
248126
248127
248128
248129
248130
248131
248132
248133
248134
248135
248136
248137
248138
248139
248140
248141
248142
248143
248144
248145
248146
248147
248148
248149
248150
248151
248152
248153
248154
248155
248156
248157
248158
248159
248160
248161
248162
248163
248164
248165
248166
248167
248168
248169
248170
248171
248172
248173
248174
248175
248176
248177
248178
248179
248180
248181
248182
248183
248184
248185
248186
248187
248188
248189
248190
248191
248192
248193
248194
248195
248196
248197
248198
248199
248200
248201
248202
248203
248204
248205
248206
248207
248208
248209
248210
248211
248212
248213
248214
248215
248216
248217
248218
248219
248220
248221
248222
248223
248224
248225
248226
248227
248228
248229
248230
248231
248232
248233
248234
248235
248236
248237
248238
248239
248240
248241
248242
248243
248244
248245
248246
248247
248248
248249
248250
248251
248252
248253
248254
248255
248256
248257
248258
248259
248260
248261
248262
248263
248264
248265
248266
248267
248268
248269
248270
248271
248272
248273
248274
248275
248276
248277
248278
248279
248280
248281
248282
248283
248284
248285
248286
248287
248288
248289
248290
248291
248292
248293
248294
248295
248296
248297
248298
248299
248300
248301
248302
248303
248304
248305
248306
248307
248308
248309
248310
248311
248312
248313
248314
248315
248316
248317
248318
248319
248320
248321
248322
248323
248324
248325
248326
248327
248328
248329
248330
248331
248332
248333
248334
248335
248336
248337
248338
248339
248340
248341
248342
248343
248344
248345
248346
248347
248348
248349
248350
248351
248352
248353
248354
248355
248356
248357
248358
248359
248360
248361
248362
248363
248364
248365
248366
248367
248368
248369
248370
248371
248372
248373
248374
248375
248376
248377
248378
248379
248380
248381
248382
248383
248384
248385
248386
248387
248388
248389
248390
248391
248392
248393
248394
248395
248396
248397
248398
248399
248400
248401
248402
248403
248404
248405
248406
248407
248408
248409
248410
248411
248412
248413
248414
248415
248416
248417
248418
248419
248420
248421
248422
248423
248424
248425
248426
248427
248428
248429
248430
248431
248432
248433
248434
248435
248436
248437
248438
248439
248440
248441
248442
248443
248444
248445
248446
248447
248448
248449
248450
248451
248452
248453
248454
248455
248456
248457
248458
248459
248460
248461
248462
248463
248464
248465
248466
248467
248468
248469
248470
248471
248472
248473
248474
248475
248476
248477
248478
248479
248480
248481
248482
248483
248484
248485
248486
248487
248488
248489
248490
248491
248492
248493
248494
248495
248496
248497
248498
248499
248500
248501
248502
248503
248504
248505
248506
248507
248508
248509
248510
248511
248512
248513
248514
248515
248516
248517
248518
248519
248520
248521
248522
248523
248524
248525
248526
248527
248528
248529
248530
248531
248532
248533
248534
248535
248536
248537
248538
248539
248540
248541
248542
248543
248544
248545
248546
248547
248548
248549
248550
248551
248552
248553
248554
248555
248556
248557
248558
248559
248560
248561
248562
248563
248564
248565
248566
248567
248568
248569
248570
248571
248572
248573
248574
248575
248576
248577
248578
248579
248580
248581
248582
248583
248584
248585
248586
248587
248588
248589
248590
248591
248592
248593
248594
248595
248596
248597
248598
248599
248600
248601
248602
248603
248604
248605
248606
248607
248608
248609
248610
248611
248612
248613
248614
248615
248616
248617
248618
248619
248620
248621
248622
248623
248624
248625
248626
248627
248628
248629
248630
248631
248632
248633
248634
248635
248636
248637
248638
248639
248640
248641
248642
248643
248644
248645
248646
248647
248648
248649
248650
248651
248652
248653
248654
248655
248656
248657
248658
248659
248660
248661
248662
248663
248664
248665
248666
248667
248668
248669
248670
248671
248672
248673
248674
248675
248676
248677
248678
248679
248680
248681
248682
248683
248684
248685
248686
248687
248688
248689
248690
248691
248692
248693
248694
248695
248696
248697
248698
248699
248700
248701
248702
248703
248704
248705
248706
248707
248708
248709
248710
248711
248712
248713
248714
248715
248716
248717
248718
248719
248720
248721
248722
248723
248724
248725
248726
248727
248728
248729
248730
248731
248732
248733
248734
248735
248736
248737
248738
248739
248740
248741
248742
248743
248744
248745
248746
248747
248748
248749
248750
248751
248752
248753
248754
248755
248756
248757
248758
248759
248760
248761
248762
248763
248764
248765
248766
248767
248768
248769
248770
248771
248772
248773
248774
248775
248776
248777
248778
248779
248780
248781
248782
248783
248784
248785
248786
248787
248788
248789
248790
248791
248792
248793
248794
248795
248796
248797
248798
248799
248800
248801
248802
248803
248804
248805
248806
248807
248808
248809
248810
248811
248812
248813
248814
248815
248816
248817
248818
248819
248820
248821
248822
248823
248824
248825
248826
248827
248828
248829
248830
248831
248832
248833
248834
248835
248836
248837
248838
248839
248840
248841
248842
248843
248844
248845
248846
248847
248848
248849
248850
248851
248852
248853
248854
248855
248856
248857
248858
248859
248860
248861
248862
248863
248864
248865
248866
248867
248868
248869
248870
248871
248872
248873
248874
248875
248876
248877
248878
248879
248880
248881
248882
248883
248884
248885
248886
248887
248888
248889
248890
248891
248892
248893
248894
248895
248896
248897
248898
248899
248900
248901
248902
248903
248904
248905
248906
248907
248908
248909
248910
248911
248912
248913
248914
248915
248916
248917
248918
248919
248920
248921
248922
248923
248924
248925
248926
248927
248928
248929
248930
248931
248932
248933
248934
248935
248936
248937
248938
248939
248940
248941
248942
248943
248944
248945
248946
248947
248948
248949
248950
248951
248952
248953
248954
248955
248956
248957
248958
248959
248960
248961
248962
248963
248964
248965
248966
248967
248968
248969
248970
248971
248972
248973
248974
248975
248976
248977
248978
248979
248980
248981
248982
248983
248984
248985
248986
248987
248988
248989
248990
248991
248992
248993
248994
248995
248996
248997
248998
248999
249000
249001
249002
249003
249004
249005
249006
249007
249008
249009
249010
249011
249012
249013
249014
249015
249016
249017
249018
249019
249020
249021
249022
249023
249024
249025
249026
249027
249028
249029
249030
249031
249032
249033
249034
249035
249036
249037
249038
249039
249040
249041
249042
249043
249044
249045
249046
249047
249048
249049
249050
249051
249052
249053
249054
249055
249056
249057
249058
249059
249060
249061
249062
249063
249064
249065
249066
249067
249068
249069
249070
249071
249072
249073
249074
249075
249076
249077
249078
249079
249080
249081
249082
249083
249084
249085
249086
249087
249088
249089
249090
249091
249092
249093
249094
249095
249096
249097
249098
249099
249100
249101
249102
249103
249104
249105
249106
249107
249108
249109
249110
249111
249112
249113
249114
249115
249116
249117
249118
249119
249120
249121
249122
249123
249124
249125
249126
249127
249128
249129
249130
249131
249132
249133
249134
249135
249136
249137
249138
249139
249140
249141
249142
249143
249144
249145
249146
249147
249148
249149
249150
249151
249152
249153
249154
249155
249156
249157
249158
249159
249160
249161
249162
249163
249164
249165
249166
249167
249168
249169
249170
249171
249172
249173
249174
249175
249176
249177
249178
249179
249180
249181
249182
249183
249184
249185
249186
249187
249188
249189
249190
249191
249192
249193
249194
249195
249196
249197
249198
249199
249200
249201
249202
249203
249204
249205
249206
249207
249208
249209
249210
249211
249212
249213
249214
249215
249216
249217
249218
249219
249220
249221
249222
249223
249224
249225
249226
249227
249228
249229
249230
249231
249232
249233
249234
249235
249236
249237
249238
249239
249240
249241
249242
249243
249244
249245
249246
249247
249248
249249
249250
249251
249252
249253
249254
249255
249256
249257
249258
249259
249260
249261
249262
249263
249264
249265
249266
249267
249268
249269
249270
249271
249272
249273
249274
249275
249276
249277
249278
249279
249280
249281
249282
249283
249284
249285
249286
249287
249288
249289
249290
249291
249292
249293
249294
249295
249296
249297
249298
249299
249300
249301
249302
249303
249304
249305
249306
249307
249308
249309
249310
249311
249312
249313
249314
249315
249316
249317
249318
249319
249320
249321
249322
249323
249324
249325
249326
249327
249328
249329
249330
249331
249332
249333
249334
249335
249336
249337
249338
249339
249340
249341
249342
249343
249344
249345
249346
249347
249348
249349
249350
334351
334352
334353
334354
334355
334356
334357
334358
334359
334360
334361
334362
334363
334364
334365
334366
334367
334368
334369
334370
334371
334372
334373
334374
334375
334376
334377
334378
334379
334380
334381
334382
334383
334384
334385
334386
334387
334388
334389
334390
334391
334392
334393
334394
334395
334396
334397
334398
334399
334400
334401
334402
334403
334404
334405
334406
334407
334408
334409
334410
334411
334412
334413
334414
334415
334416
334417
334418
334419
334420
334421
334422
334423
334424
334425
334426
334427
334428
334429
334430
334431
334432
334433
334434
334435
334436
334437
334438
334439
334440
334441
334442
334443
334444
334445
334446
334447
334448
334449
334450
334451
334452
334453
334454
334455
334456
334457
334458
334459
334460
334461
334462
334463
334464
334465
334466
334467
334468
334469
334470
334471
334472
334473
334474
334475
334476
334477
334478
334479
334480
334481
334482
334483
334484
334485
334486
334487
334488
334489
334490
334491
334492
334493
334494
334495
334496
334497
334498
334499
334500
334501
334502
334503
334504
334505
334506
334507
334508
334509
334510
334511
334512
334513
334514
334515
334516
334517
334518
334519
334520
334521
334522
334523
334524
334525
334526
334527
334528
334529
334530
334531
334532
334533
334534
334535
334536
334537
334538
334539
334540
334541
334542
334543
334544
334545
334546
334547
334548
334549
334550
334551
334552
334553
334554
334555
334556
334557
334558
334559
334560
334561
334562
334563
334564
334565
334566
334567
334568
334569
334570
334571
334572
334573
334574
334575
334576
334577
334578
334579
334580
334581
334582
334583
334584
334585
334586
334587
334588
334589
334590
334591
334592
334593
334594
334595
334596
334597
334598
334599
334600
334601
334602
334603
334604
334605
334606
334607
334608
334609
334610
334611
334612
334613
334614
334615
334616
334617
334618
334619
334620
334621
334622
334623
334624
334625
334626
334627
334628
334629
334630
334631
334632
334633
334634
334635
334636
334637
334638
334639
334640
334641
334642
334643
334644
334645
334646
334647
334648
334649
334650
334651
334652
334653
334654
334655
334656
334657
334658
334659
334660
334661
334662
334663
334664
334665
334666
334667
334668
334669
334670
334671
334672
334673
334674
334675
334676
334677
334678
334679
334680
334681
334682
334683
334684
334685
334686
334687
334688
334689
334690
334691
334692
334693
334694
334695
334696
334697
334698
334699
334700
334701
334702
334703
334704
334705
334706
334707
334708
334709
334710
334711
334712
334713
334714
334715
334716
334717
334718
334719
334720
334721
334722
334723
334724
334725
334726
334727
334728
334729
334730
334731
334732
334733
334734
334735
334736
334737
334738
334739
334740
334741
334742
334743
334744
334745
334746
334747
334748
334749
334750
334751
334752
334753
334754
334755
334756
334757
334758
334759
334760
334761
334762
334763
334764
334765
334766
334767
334768
334769
334770
334771
334772
334773
334774
334775
334776
334777
334778
334779
334780
334781
334782
334783
334784
334785
334786
334787
334788
334789
334790
334791
334792
334793
334794
334795
334796
334797
334798
334799
334800
334801
334802
334803
334804
334805
334806
334807
334808
334809
334810
334811
334812
334813
334814
334815
334816
334817
334818
334819
334820
334821
334822
334823
334824
334825
334826
334827
334828
334829
334830
334831
334832
334833
334834
334835
334836
334837
334838
334839
334840
334841
334842
334843
334844
334845
334846
334847
334848
334849
334850
334851
334852
334853
334854
334855
334856
334857
334858
334859
334860
334861
334862
334863
334864
334865
334866
334867
334868
334869
334870
334871
334872
334873
334874
334875
334876
334877
334878
334879
334880
334881
334882
334883
334884
334885
334886
334887
334888
334889
334890
334891
334892
334893
334894
334895
334896
334897
334898
334899
334900
334901
334902
334903
334904
334905
334906
334907
334908
334909
334910
334911
334912
334913
334914
334915
334916
334917
334918
334919
334920
334921
334922
334923
334924
334925
334926
334927
334928
334929
334930
334931
334932
334933
334934
334935
334936
334937
334938
334939
334940
334941
334942
334943
334944
334945
334946
334947
334948
334949
334950
334951
334952
334953
334954
334955
334956
334957
334958
334959
334960
334961
334962
334963
334964
334965
334966
334967
334968
334969
334970
334971
334972
334973
334974
334975
334976
334977
334978
334979
334980
334981
334982
334983
334984
334985
334986
334987
334988
334989
334990
334991
334992
334993
334994
334995
334996
334997
334998
334999
335000
335001
335002
335003
335004
335005
335006
335007
335008
335009
335010
335011
335012
335013
335014
335015
335016
335017
335018
335019
335020
335021
335022
335023
335024
335025
335026
335027
335028
335029
335030
335031
335032
335033
335034
335035
335036
335037
335038
335039
335040
335041
335042
335043
335044
335045
335046
335047
335048
335049
335050
335051
335052
335053
335054
335055
335056
335057
335058
335059
335060
335061
335062
335063
335064
335065
335066
335067
335068
335069
335070
335071
335072
335073
335074
335075
335076
335077
335078
335079
335080
335081
335082
335083
335084
335085
335086
335087
335088
335089
335090
335091
335092
335093
335094
335095
335096
335097
335098
335099
335100
335101
335102
335103
335104
335105
335106
335107
335108
335109
335110
335111
335112
335113
335114
335115
335116
335117
335118
335119
335120
335121
335122
335123
335124
335125
335126
335127
335128
335129
335130
335131
335132
335133
335134
335135
335136
335137
335138
335139
335140
335141
335142
335143
335144
335145
335146
335147
335148
335149
335150
335151
335152
335153
335154
335155
335156
335157
335158
335159
335160
335161
335162
335163
335164
335165
335166
335167
335168
335169
335170
335171
335172
335173
335174
335175
335176
335177
335178
335179
335180
335181
335182
335183
335184
335185
335186
335187
335188
335189
335190
335191
335192
335193
335194
335195
335196
335197
335198
335199
335200
335201
335202
335203
335204
335205
335206
335207
335208
335209
335210
335211
335212
335213
335214
335215
335216
335217
335218
335219
335220
335221
335222
335223
335224
335225
335226
335227
335228
335229
335230
335231
335232
335233
335234
335235
335236
335237
335238
335239
335240
335241
335242
335243
335244
335245
335246
335247
335248
335249
335250
335251
335252
335253
335254
335255
335256
335257
335258
335259
335260
335261
335262
335263
335264
335265
335266
335267
335268
335269
335270
335271
335272
335273
335274
335275
335276
335277
335278
335279
335280
335281
335282
335283
335284
335285
335286
335287
335288
335289
335290
335291
335292
335293
335294
335295
335296
335297
335298
335299
335300
335301
335302
335303
335304
335305
335306
335307
335308
335309
335310
335311
335312
335313
335314
335315
335316
335317
335318
335319
335320
335321
335322
335323
335324
335325
335326
335327
335328
335329
335330
335331
335332
335333
335334
335335
335336
335337
335338
335339
335340
335341
335342
335343
335344
335345
335346
335347
335348
335349
335350
335351
335352
335353
335354
335355
335356
335357
335358
335359
335360
335361
335362
335363
335364
335365
335366
335367
335368
335369
335370
335371
335372
335373
335374
335375
335376
335377
335378
335379
335380
335381
335382
335383
335384
335385
335386
335387
335388
335389
335390
335391
335392
335393
335394
335395
335396
335397
335398
335399
335400
335401
335402
335403
335404
335405
335406
335407
335408
335409
335410
335411
335412
335413
335414
335415
335416
335417
335418
335419
335420
335421
335422
335423
335424
335425
335426
335427
335428
335429
335430
335431
335432
335433
335434
335435
335436
335437
335438
335439
335440
335441
335442
335443
335444
335445
335446
335447
335448
335449
335450
335451
335452
335453
335454
335455
335456
335457
335458
335459
335460
335461
335462
335463
335464
335465
335466
335467
335468
335469
335470
335471
335472
335473
335474
335475
335476
335477
335478
335479
335480
335481
335482
335483
335484
335485
335486
335487
335488
335489
335490
335491
335492
335493
335494
335495
335496
335497
335498
335499
335500
335501
335502
335503
335504
335505
335506
335507
335508
335509
335510
335511
335512
335513
335514
335515
335516
335517
335518
335519
335520
335521
335522
335523
335524
335525
335526
335527
335528
335529
335530
335531
335532
335533
335534
335535
335536
335537
335538
335539
335540
335541
335542
335543
335544
335545
335546
335547
335548
335549
335550
335551
335552
335553
335554
335555
335556
335557
335558
335559
335560
335561
335562
335563
335564
335565
335566
335567
335568
335569
335570
335571
335572
335573
335574
335575
335576
335577
335578
335579
335580
335581
335582
335583
335584
335585
335586
335587
335588
335589
335590
335591
335592
335593
335594
335595
335596
335597
335598
335599
335600
335601
335602
335603
335604
335605
335606
335607
335608
335609
335610
335611
335612
335613
335614
335615
335616
335617
335618
335619
335620
335621
335622
335623
335624
335625
335626
335627
335628
335629
335630
335631
335632
335633
335634
335635
335636
335637
335638
335639
335640
335641
335642
335643
335644
335645
335646
335647
335648
335649
335650
335651
335652
335653
335654
335655
335656
335657
335658
335659
335660
335661
335662
335663
335664
335665
335666
335667
335668
335669
335670
335671
335672
335673
335674
335675
335676
335677
335678
335679
335680
335681
335682
335683
335684
335685
335686
335687
335688
335689
335690
335691
335692
335693
335694
335695
335696
335697
335698
335699
335700
335701
335702
335703
335704
335705
335706
335707
335708
335709
335710
335711
335712
335713
335714
335715
335716
335717
335718
335719
335720
335721
335722
335723
335724
335725
335726
335727
335728
335729
335730
335731
335732
335733
335734
335735
335736
335737
335738
335739
335740
335741
335742
335743
335744
335745
335746
335747
335748
335749
335750
335751
335752
335753
335754
335755
335756
335757
335758
335759
335760
335761
335762
335763
335764
335765
335766
335767
335768
335769
335770
335771
335772
335773
335774
335775
335776
335777
335778
335779
335780
335781
335782
335783
335784
335785
335786
335787
335788
335789
335790
335791
335792
335793
335794
335795
335796
335797
335798
335799
335800
335801
335802
335803
335804
335805
335806
335807
335808
335809
335810
335811
335812
335813
335814
335815
335816
335817
335818
335819
335820
335821
335822
335823
335824
335825
335826
335827
335828
335829
335830
335831
335832
335833
335834
335835
335836
335837
335838
335839
335840
335841
335842
335843
335844
335845
335846
335847
335848
335849
335850
335851
335852
335853
335854
335855
335856
335857
335858
335859
335860
335861
335862
335863
335864
335865
335866
335867
335868
335869
335870
335871
335872
335873
335874
335875
335876
335877
335878
335879
335880
335881
335882
335883
335884
335885
335886
335887
335888
335889
335890
335891
335892
335893
335894
335895
335896
335897
335898
335899
335900
335901
335902
335903
335904
335905
335906
335907
335908
335909
335910
335911
335912
335913
335914
335915
335916
335917
335918
335919
335920
335921
335922
335923
335924
335925
335926
335927
335928
335929
335930
335931
335932
335933
335934
335935
335936
335937
335938
335939
335940
335941
335942
335943
335944
335945
335946
335947
335948
335949
335950
335951
335952
335953
335954
335955
335956
335957
335958
335959
335960
335961
335962
335963
335964
335965
335966
335967
335968
335969
335970
335971
335972
335973
335974
335975
335976
335977
335978
335979
335980
335981
335982
335983
335984
335985
335986
335987
335988
335989
335990
335991
335992
335993
335994
335995
335996
335997
335998
335999
336000
336001
336002
336003
336004
336005
336006
336007
336008
336009
336010
336011
336012
336013
336014
336015
336016
336017
336018
336019
336020
336021
336022
336023
336024
336025
336026
336027
336028
336029
336030
336031
336032
336033
336034
336035
336036
336037
336038
336039
336040
336041
336042
336043
336044
336045
336046
336047
336048
336049
336050
336051
336052
336053
336054
336055
336056
336057
336058
336059
336060
336061
336062
336063
336064
336065
336066
336067
336068
336069
336070
336071
336072
336073
336074
336075
336076
336077
336078
336079
336080
336081
336082
336083
336084
336085
336086
336087
336088
336089
336090
336091
336092
336093
336094
336095
336096
336097
336098
336099
336100
336101
336102
336103
336104
336105
336106
336107
336108
336109
336110
336111
336112
336113
336114
336115
336116
336117
336118
336119
336120
336121
336122
336123
336124
336125
336126
336127
336128
336129
336130
336131
336132
336133
336134
336135
336136
336137
336138
336139
336140
336141
336142
336143
336144
336145
336146
336147
336148
336149
336150
336151
336152
336153
336154
336155
336156
336157
336158
336159
336160
336161
336162
336163
336164
336165
336166
336167
336168
336169
336170
336171
336172
336173
336174
336175
336176
336177
336178
336179
336180
336181
336182
336183
336184
336185
336186
336187
336188
336189
336190
336191
336192
336193
336194
336195
336196
336197
336198
336199
336200
336201
336202
336203
336204
336205
336206
336207
336208
336209
336210
336211
336212
336213
336214
336215
336216
336217
336218
336219
336220
336221
336222
336223
336224
336225
336226
336227
336228
336229
336230
336231
336232
336233
336234
336235
336236
336237
336238
336239
336240
336241
336242
336243
336244
336245
336246
336247
336248
336249
336250
336251
336252
336253
336254
336255
336256
336257
336258
336259
336260
336261
336262
336263
336264
336265
336266
336267
336268
336269
336270
336271
336272
336273
336274
336275
336276
336277
336278
336279
336280
336281
336282
336283
336284
336285
336286
336287
336288
336289
336290
336291
336292
336293
336294
336295
336296
336297
336298
336299
336300
336301
336302
336303
336304
336305
336306
336307
336308
336309
336310
336311
336312
336313
336314
336315
336316
336317
336318
336319
336320
336321
336322
336323
336324
336325
336326
336327
336328
336329
336330
336331
336332
336333
336334
336335
336336
336337
336338
336339
336340
336341
336342
336343
336344
336345
336346
336347
336348
336349
336350
336351
336352
336353
336354
336355
336356
336357
336358
336359
336360
336361
336362
336363
336364
336365
336366
336367
336368
336369
336370
336371
336372
336373
336374
336375
336376
336377
336378
336379
336380
336381
336382
336383
336384
336385
336386
336387
336388
336389
336390
336391
336392
336393
336394
336395
336396
336397
336398
336399
336400
336401
336402
336403
336404
336405
336406
336407
336408
336409
336410
336411
336412
336413
336414
336415
336416
336417
336418
336419
336420
336421
336422
336423
336424
336425
336426
336427
336428
336429
336430
336431
336432
336433
336434
336435
336436
336437
336438
336439
336440
336441
336442
336443
336444
336445
336446
336447
336448
336449
336450
336451
336452
336453
336454
336455
336456
336457
336458
336459
336460
336461
336462
336463
336464
336465
336466
336467
336468
336469
336470
336471
336472
336473
336474
336475
336476
336477
336478
336479
336480
336481
336482
336483
336484
336485
336486
336487
336488
336489
336490
336491
336492
336493
336494
336495
336496
336497
336498
336499
336500
336501
336502
336503
336504
336505
336506
336507
336508
336509
336510
336511
336512
336513
336514
336515
336516
336517
336518
336519
336520
336521
336522
336523
336524
336525
336526
336527
336528
336529
336530
336531
336532
336533
336534
336535
336536
336537
336538
336539
336540
336541
336542
336543
336544
336545
336546
336547
336548
336549
336550
336551
336552
336553
336554
336555
336556
336557
336558
336559
336560
336561
336562
336563
336564
336565
336566
336567
336568
336569
336570
336571
336572
336573
336574
336575
336576
336577
336578
336579
336580
336581
336582
336583
336584
336585
336586
336587
336588
336589
336590
336591
336592
336593
336594
336595
336596
336597
336598
336599
336600
336601
336602
336603
336604
336605
336606
336607
336608
336609
336610
336611
336612
336613
336614
336615
336616
336617
336618
336619
336620
336621
336622
336623
336624
336625
336626
336627
336628
336629
336630
336631
336632
336633
336634
336635
336636
336637
336638
336639
336640
336641
336642
336643
336644
336645
336646
336647
336648
336649
336650
336651
336652
336653
336654
336655
336656
336657
336658
336659
336660
336661
336662
336663
336664
336665
336666
336667
336668
336669
336670
336671
336672
336673
336674
336675
336676
336677
336678
336679
336680
336681
336682
336683
336684
336685
336686
336687
336688
336689
336690
336691
336692
336693
336694
336695
336696
336697
336698
336699
336700
336701
336702
336703
336704
336705
336706
336707
336708
336709
336710
336711
336712
336713
336714
336715
336716
336717
336718
336719
336720
336721
336722
336723
336724
336725
336726
336727
336728
336729
336730
336731
336732
336733
336734
336735
336736
336737
336738
336739
336740
336741
336742
336743
336744
336745
336746
336747
336748
336749
336750
336751
336752
336753
336754
336755
336756
336757
336758
336759
336760
336761
336762
336763
336764
336765
336766
336767
336768
336769
336770
336771
336772
336773
336774
336775
336776
336777
336778
336779
336780
336781
336782
336783
336784
336785
336786
336787
336788
336789
336790
336791
336792
336793
336794
336795
336796
336797
336798
336799
336800
336801
336802
336803
336804
336805
336806
336807
336808
336809
336810
336811
336812
336813
336814
336815
336816
336817
336818
336819
336820
336821
336822
336823
336824
336825
336826
336827
336828
336829
336830
336831
336832
336833
336834
336835
336836
336837
336838
336839
336840
336841
336842
336843
336844
336845
336846
336847
336848
336849
336850
144700
144800
144900
145000
145100
145200
145300
145400
145500
145600
145700
145800
145900
146000
146100
146200
146300
146400
146500
146600
146700
146800
146900
147000
147100
147200
147300
147400
147500
147600
147700
147800
147900
148000
148100
148200
148300
148400
148500
148600
148700
148800
148900
149000
149100
149200
149300
149400
149500
149599
-129602
-129604
-129606
-129608
-129610
-129612
-129614
-129616
-129618
-129620
-129622
-129624
-129626
-129628
-129630
-129632
-129634
-129636
-129638
-129640
-129642
-129644
-129646
-129648
-129650
-129652
-129654
-129656
-129658
-129660
-129662
-129664
-129666
-129668
-129670
-129672
-129674
-129676
-129678
-129680
-129682
-129684
-129686
-129688
-129690
-129692
-129694
-129696
-129698
-129700
149502
149504
149506
149508
149510
149512
149514
149516
149518
149520
149522
149524
149526
149528
149530
149532
149534
149536
149538
149540
149542
149544
149546
149548
149550
149552
149554
149556
149558
149560
149562
149564
149566
149568
149570
149572
149574
149576
149578
149580
149582
149584
149586
149588
149590
149592
149594
149596
149598
149600
-139750
-139850
-139950
-140050
-140150
-140250
-140350
-140450
-140550
-140650
-140750
-140850
-140950
-141050
-141150
-141250
-141350
-141450
-141550
-141650
-141750
-141850
-141950
-142050
-142150
-142250
-142350
-142450
-142550
-142650
-142750
-142850
-142950
-143050
-143150
-143250
-143350
-143450
-143550
-143650
-143750
-143850
-143950
-144050
-144150
-144250
-144350
-144450
-144550
-144600
)


// ************************************************************************* //
