/*--------------------------------*- C++ -*----------------------------------*\
| =========                 |                                                 |
| \\      /  F ield         | OpenFOAM: The Open Source CFD Toolbox           |
|  \\    /   O peration     | Version:  v1906                                 |
|   \\  /    A nd           | Web:      www.OpenFOAM.com                      |
|    \\/     M anipulation  |                                                 |
\*---------------------------------------------------------------------------*/
FoamFile
{
    version     2.0;
    format      ascii;
    class       labelList;
    location    "constant/water3/polyMesh";
    object      faceRegionAddressing;
}
// * * * * * * * * * * * * * * * * * * * * * * * * * * * * * * * * * * * * * //


10050
(
15001
15002
15003
15004
15005
15006
15007
15008
15009
15010
15011
15012
15013
15014
15015
15016
15017
15018
15019
15020
15021
15022
15023
15024
15025
15026
15027
15028
15029
15030
15031
15032
15033
15034
15035
15036
15037
15038
15039
15040
15041
15042
15043
15044
15045
15046
15047
15048
15049
15050
15051
15052
15053
15054
15055
15056
15057
15058
15059
15060
15061
15062
15063
15064
15065
15066
15067
15068
15069
15070
15071
15072
15073
15074
15075
15076
15077
15078
15079
15080
15081
15082
15083
15084
15085
15086
15087
15088
15089
15090
15091
15092
15093
15094
15095
15096
15097
15098
15099
15100
15101
15102
15103
15104
15105
15106
15107
15108
15109
15110
15111
15112
15113
15114
15115
15116
15117
15118
15119
15120
15121
15122
15123
15124
15125
15126
15127
15128
15129
15130
15131
15132
15133
15134
15135
15136
15137
15138
15139
15140
15141
15142
15143
15144
15145
15146
15147
15148
15149
15150
15151
15152
15153
15154
15155
15156
15157
15158
15159
15160
15161
15162
15163
15164
15165
15166
15167
15168
15169
15170
15171
15172
15173
15174
15175
15176
15177
15178
15179
15180
15181
15182
15183
15184
15185
15186
15187
15188
15189
15190
15191
15192
15193
15194
15195
15196
15197
15198
15199
15200
15201
15202
15203
15204
15205
15206
15207
15208
15209
15210
15211
15212
15213
15214
15215
15216
15217
15218
15219
15220
15221
15222
15223
15224
15225
15226
15227
15228
15229
15230
15231
15232
15233
15234
15235
15236
15237
15238
15239
15240
15241
15242
15243
15244
15245
15246
15247
15248
15249
15250
15251
15252
15253
15254
15255
15256
15257
15258
15259
15260
15261
15262
15263
15264
15265
15266
15267
15268
15269
15270
15271
15272
15273
15274
15275
15276
15277
15278
15279
15280
15281
15282
15283
15284
15285
15286
15287
15288
15289
15290
15291
15292
15293
15294
15295
15296
15297
15298
15299
15300
15301
15302
15303
15304
15305
15306
15307
15308
15309
15310
15311
15312
15313
15314
15315
15316
15317
15318
15319
15320
15321
15322
15323
15324
15325
15326
15327
15328
15329
15330
15331
15332
15333
15334
15335
15336
15337
15338
15339
15340
15341
15342
15343
15344
15345
15346
15347
15348
15349
15350
15351
15352
15353
15354
15355
15356
15357
15358
15359
15360
15361
15362
15363
15364
15365
15366
15367
15368
15369
15370
15371
15372
15373
15374
15375
15376
15377
15378
15379
15380
15381
15382
15383
15384
15385
15386
15387
15388
15389
15390
15391
15392
15393
15394
15395
15396
15397
15398
15399
15400
15401
15402
15403
15404
15405
15406
15407
15408
15409
15410
15411
15412
15413
15414
15415
15416
15417
15418
15419
15420
15421
15422
15423
15424
15425
15426
15427
15428
15429
15430
15431
15432
15433
15434
15435
15436
15437
15438
15439
15440
15441
15442
15443
15444
15445
15446
15447
15448
15449
15450
15451
15452
15453
15454
15455
15456
15457
15458
15459
15460
15461
15462
15463
15464
15465
15466
15467
15468
15469
15470
15471
15472
15473
15474
15475
15476
15477
15478
15479
15480
15481
15482
15483
15484
15485
15486
15487
15488
15489
15490
15491
15492
15493
15494
15495
15496
15497
15498
15499
15500
15501
15502
15503
15504
15505
15506
15507
15508
15509
15510
15511
15512
15513
15514
15515
15516
15517
15518
15519
15520
15521
15522
15523
15524
15525
15526
15527
15528
15529
15530
15531
15532
15533
15534
15535
15536
15537
15538
15539
15540
15541
15542
15543
15544
15545
15546
15547
15548
15549
15550
15551
15552
15553
15554
15555
15556
15557
15558
15559
15560
15561
15562
15563
15564
15565
15566
15567
15568
15569
15570
15571
15572
15573
15574
15575
15576
15577
15578
15579
15580
15581
15582
15583
15584
15585
15586
15587
15588
15589
15590
15591
15592
15593
15594
15595
15596
15597
15598
15599
15600
15601
15602
15603
15604
15605
15606
15607
15608
15609
15610
15611
15612
15613
15614
15615
15616
15617
15618
15619
15620
15621
15622
15623
15624
15625
15626
15627
15628
15629
15630
15631
15632
15633
15634
15635
15636
15637
15638
15639
15640
15641
15642
15643
15644
15645
15646
15647
15648
15649
15650
15651
15652
15653
15654
15655
15656
15657
15658
15659
15660
15661
15662
15663
15664
15665
15666
15667
15668
15669
15670
15671
15672
15673
15674
15675
15676
15677
15678
15679
15680
15681
15682
15683
15684
15685
15686
15687
15688
15689
15690
15691
15692
15693
15694
15695
15696
15697
15698
15699
15700
15701
15702
15703
15704
15705
15706
15707
15708
15709
15710
15711
15712
15713
15714
15715
15716
15717
15718
15719
15720
15721
15722
15723
15724
15725
15726
15727
15728
15729
15730
15731
15732
15733
15734
15735
15736
15737
15738
15739
15740
15741
15742
15743
15744
15745
15746
15747
15748
15749
15750
15751
15752
15753
15754
15755
15756
15757
15758
15759
15760
15761
15762
15763
15764
15765
15766
15767
15768
15769
15770
15771
15772
15773
15774
15775
15776
15777
15778
15779
15780
15781
15782
15783
15784
15785
15786
15787
15788
15789
15790
15791
15792
15793
15794
15795
15796
15797
15798
15799
15800
15801
15802
15803
15804
15805
15806
15807
15808
15809
15810
15811
15812
15813
15814
15815
15816
15817
15818
15819
15820
15821
15822
15823
15824
15825
15826
15827
15828
15829
15830
15831
15832
15833
15834
15835
15836
15837
15838
15839
15840
15841
15842
15843
15844
15845
15846
15847
15848
15849
15850
15851
15852
15853
15854
15855
15856
15857
15858
15859
15860
15861
15862
15863
15864
15865
15866
15867
15868
15869
15870
15871
15872
15873
15874
15875
15876
15877
15878
15879
15880
15881
15882
15883
15884
15885
15886
15887
15888
15889
15890
15891
15892
15893
15894
15895
15896
15897
15898
15899
15900
15901
15902
15903
15904
15905
15906
15907
15908
15909
15910
15911
15912
15913
15914
15915
15916
15917
15918
15919
15920
15921
15922
15923
15924
15925
15926
15927
15928
15929
15930
15931
15932
15933
15934
15935
15936
15937
15938
15939
15940
15941
15942
15943
15944
15945
15946
15947
15948
15949
15950
15951
15952
15953
15954
15955
15956
15957
15958
15959
15960
15961
15962
15963
15964
15965
15966
15967
15968
15969
15970
15971
15972
15973
15974
15975
15976
15977
15978
15979
15980
15981
15982
15983
15984
15985
15986
15987
15988
15989
15990
15991
15992
15993
15994
15995
15996
15997
15998
15999
16000
16001
16002
16003
16004
16005
16006
16007
16008
16009
16010
16011
16012
16013
16014
16015
16016
16017
16018
16019
16020
16021
16022
16023
16024
16025
16026
16027
16028
16029
16030
16031
16032
16033
16034
16035
16036
16037
16038
16039
16040
16041
16042
16043
16044
16045
16046
16047
16048
16049
16050
16051
16052
16053
16054
16055
16056
16057
16058
16059
16060
16061
16062
16063
16064
16065
16066
16067
16068
16069
16070
16071
16072
16073
16074
16075
16076
16077
16078
16079
16080
16081
16082
16083
16084
16085
16086
16087
16088
16089
16090
16091
16092
16093
16094
16095
16096
16097
16098
16099
16100
16101
16102
16103
16104
16105
16106
16107
16108
16109
16110
16111
16112
16113
16114
16115
16116
16117
16118
16119
16120
16121
16122
16123
16124
16125
16126
16127
16128
16129
16130
16131
16132
16133
16134
16135
16136
16137
16138
16139
16140
16141
16142
16143
16144
16145
16146
16147
16148
16149
16150
16151
16152
16153
16154
16155
16156
16157
16158
16159
16160
16161
16162
16163
16164
16165
16166
16167
16168
16169
16170
16171
16172
16173
16174
16175
16176
16177
16178
16179
16180
16181
16182
16183
16184
16185
16186
16187
16188
16189
16190
16191
16192
16193
16194
16195
16196
16197
16198
16199
16200
16201
16202
16203
16204
16205
16206
16207
16208
16209
16210
16211
16212
16213
16214
16215
16216
16217
16218
16219
16220
16221
16222
16223
16224
16225
16226
16227
16228
16229
16230
16231
16232
16233
16234
16235
16236
16237
16238
16239
16240
16241
16242
16243
16244
16245
16246
16247
16248
16249
16250
16251
16252
16253
16254
16255
16256
16257
16258
16259
16260
16261
16262
16263
16264
16265
16266
16267
16268
16269
16270
16271
16272
16273
16274
16275
16276
16277
16278
16279
16280
16281
16282
16283
16284
16285
16286
16287
16288
16289
16290
16291
16292
16293
16294
16295
16296
16297
16298
16299
16300
16301
16302
16303
16304
16305
16306
16307
16308
16309
16310
16311
16312
16313
16314
16315
16316
16317
16318
16319
16320
16321
16322
16323
16324
16325
16326
16327
16328
16329
16330
16331
16332
16333
16334
16335
16336
16337
16338
16339
16340
16341
16342
16343
16344
16345
16346
16347
16348
16349
16350
16351
16352
16353
16354
16355
16356
16357
16358
16359
16360
16361
16362
16363
16364
16365
16366
16367
16368
16369
16370
16371
16372
16373
16374
16375
16376
16377
16378
16379
16380
16381
16382
16383
16384
16385
16386
16387
16388
16389
16390
16391
16392
16393
16394
16395
16396
16397
16398
16399
16400
16401
16402
16403
16404
16405
16406
16407
16408
16409
16410
16411
16412
16413
16414
16415
16416
16417
16418
16419
16420
16421
16422
16423
16424
16425
16426
16427
16428
16429
16430
16431
16432
16433
16434
16435
16436
16437
16438
16439
16440
16441
16442
16443
16444
16445
16446
16447
16448
16449
16450
16451
16452
16453
16454
16455
16456
16457
16458
16459
16460
16461
16462
16463
16464
16465
16466
16467
16468
16469
16470
16471
16472
16473
16474
16475
16476
16477
16478
16479
16480
16481
16482
16483
16484
16485
16486
16487
16488
16489
16490
16491
16492
16493
16494
16495
16496
16497
16498
16499
16500
16501
16502
16503
16504
16505
16506
16507
16508
16509
16510
16511
16512
16513
16514
16515
16516
16517
16518
16519
16520
16521
16522
16523
16524
16525
16526
16527
16528
16529
16530
16531
16532
16533
16534
16535
16536
16537
16538
16539
16540
16541
16542
16543
16544
16545
16546
16547
16548
16549
16550
16551
16552
16553
16554
16555
16556
16557
16558
16559
16560
16561
16562
16563
16564
16565
16566
16567
16568
16569
16570
16571
16572
16573
16574
16575
16576
16577
16578
16579
16580
16581
16582
16583
16584
16585
16586
16587
16588
16589
16590
16591
16592
16593
16594
16595
16596
16597
16598
16599
16600
16601
16602
16603
16604
16605
16606
16607
16608
16609
16610
16611
16612
16613
16614
16615
16616
16617
16618
16619
16620
16621
16622
16623
16624
16625
16626
16627
16628
16629
16630
16631
16632
16633
16634
16635
16636
16637
16638
16639
16640
16641
16642
16643
16644
16645
16646
16647
16648
16649
16650
16651
16652
16653
16654
16655
16656
16657
16658
16659
16660
16661
16662
16663
16664
16665
16666
16667
16668
16669
16670
16671
16672
16673
16674
16675
16676
16677
16678
16679
16680
16681
16682
16683
16684
16685
16686
16687
16688
16689
16690
16691
16692
16693
16694
16695
16696
16697
16698
16699
16700
16701
16702
16703
16704
16705
16706
16707
16708
16709
16710
16711
16712
16713
16714
16715
16716
16717
16718
16719
16720
16721
16722
16723
16724
16725
16726
16727
16728
16729
16730
16731
16732
16733
16734
16735
16736
16737
16738
16739
16740
16741
16742
16743
16744
16745
16746
16747
16748
16749
16750
16751
16752
16753
16754
16755
16756
16757
16758
16759
16760
16761
16762
16763
16764
16765
16766
16767
16768
16769
16770
16771
16772
16773
16774
16775
16776
16777
16778
16779
16780
16781
16782
16783
16784
16785
16786
16787
16788
16789
16790
16791
16792
16793
16794
16795
16796
16797
16798
16799
16800
16801
16802
16803
16804
16805
16806
16807
16808
16809
16810
16811
16812
16813
16814
16815
16816
16817
16818
16819
16820
16821
16822
16823
16824
16825
16826
16827
16828
16829
16830
16831
16832
16833
16834
16835
16836
16837
16838
16839
16840
16841
16842
16843
16844
16845
16846
16847
16848
16849
16850
16851
16852
16853
16854
16855
16856
16857
16858
16859
16860
16861
16862
16863
16864
16865
16866
16867
16868
16869
16870
16871
16872
16873
16874
16875
16876
16877
16878
16879
16880
16881
16882
16883
16884
16885
16886
16887
16888
16889
16890
16891
16892
16893
16894
16895
16896
16897
16898
16899
16900
16901
16902
16903
16904
16905
16906
16907
16908
16909
16910
16911
16912
16913
16914
16915
16916
16917
16918
16919
16920
16921
16922
16923
16924
16925
16926
16927
16928
16929
16930
16931
16932
16933
16934
16935
16936
16937
16938
16939
16940
16941
16942
16943
16944
16945
16946
16947
16948
16949
16950
16951
16952
16953
16954
16955
16956
16957
16958
16959
16960
16961
16962
16963
16964
16965
16966
16967
16968
16969
16970
16971
16972
16973
16974
16975
16976
16977
16978
16979
16980
16981
16982
16983
16984
16985
16986
16987
16988
16989
16990
16991
16992
16993
16994
16995
16996
16997
16998
16999
17000
17001
17002
17003
17004
17005
17006
17007
17008
17009
17010
17011
17012
17013
17014
17015
17016
17017
17018
17019
17020
17021
17022
17023
17024
17025
17026
17027
17028
17029
17030
17031
17032
17033
17034
17035
17036
17037
17038
17039
17040
17041
17042
17043
17044
17045
17046
17047
17048
17049
17050
17051
17052
17053
17054
17055
17056
17057
17058
17059
17060
17061
17062
17063
17064
17065
17066
17067
17068
17069
17070
17071
17072
17073
17074
17075
17076
17077
17078
17079
17080
17081
17082
17083
17084
17085
17086
17087
17088
17089
17090
17091
17092
17093
17094
17095
17096
17097
17098
17099
17100
17101
17102
17103
17104
17105
17106
17107
17108
17109
17110
17111
17112
17113
17114
17115
17116
17117
17118
17119
17120
17121
17122
17123
17124
17125
17126
17127
17128
17129
17130
17131
17132
17133
17134
17135
17136
17137
17138
17139
17140
17141
17142
17143
17144
17145
17146
17147
17148
17149
17150
17151
17152
17153
17154
17155
17156
17157
17158
17159
17160
17161
17162
17163
17164
17165
17166
17167
17168
17169
17170
17171
17172
17173
17174
17175
17176
17177
17178
17179
17180
17181
17182
17183
17184
17185
17186
17187
17188
17189
17190
17191
17192
17193
17194
17195
17196
17197
17198
17199
17200
17201
17202
17203
17204
17205
17206
17207
17208
17209
17210
17211
17212
17213
17214
17215
17216
17217
17218
17219
17220
17221
17222
17223
17224
17225
17226
17227
17228
17229
17230
17231
17232
17233
17234
17235
17236
17237
17238
17239
17240
17241
17242
17243
17244
17245
17246
17247
17248
17249
17250
17251
17252
17253
17254
17255
17256
17257
17258
17259
17260
17261
17262
17263
17264
17265
17266
17267
17268
17269
17270
17271
17272
17273
17274
17275
17276
17277
17278
17279
17280
17281
17282
17283
17284
17285
17286
17287
17288
17289
17290
17291
17292
17293
17294
17295
17296
17297
17298
17299
17300
17301
17302
17303
17304
17305
17306
17307
17308
17309
17310
17311
17312
17313
17314
17315
17316
17317
17318
17319
17320
17321
17322
17323
17324
17325
17326
17327
17328
17329
17330
17331
17332
17333
17334
17335
17336
17337
17338
17339
17340
17341
17342
17343
17344
17345
17346
17347
17348
17349
17350
17351
17352
17353
17354
17355
17356
17357
17358
17359
17360
17361
17362
17363
17364
17365
17366
17367
17368
17369
17370
17371
17372
17373
17374
17375
17376
17377
17378
17379
17380
17381
17382
17383
17384
17385
17386
17387
17388
17389
17390
17391
17392
17393
17394
17395
17396
17397
17398
17399
17400
17401
17402
17403
17404
17405
17406
17407
17408
17409
17410
17411
17412
17413
17414
17415
17416
17417
17418
17419
17420
17421
17422
17423
17424
17425
17426
17427
17428
17429
17430
17431
17432
17433
17434
17435
17436
17437
17438
17439
17440
17441
17442
17443
17444
17445
17446
17447
17448
17449
17450
17451
17452
17453
17454
17455
17456
17457
17458
17459
17460
17461
17462
17463
17464
17465
17466
17467
17468
17469
17470
17471
17472
17473
17474
17475
17476
17477
17478
17479
17480
17481
17482
17483
17484
17485
17486
17487
17488
17489
17490
17491
17492
17493
17494
17495
17496
17497
17498
17499
17500
17501
17502
17503
17504
17505
17506
17507
17508
17509
17510
17511
17512
17513
17514
17515
17516
17517
17518
17519
17520
17521
17522
17523
17524
17525
17526
17527
17528
17529
17530
17531
17532
17533
17534
17535
17536
17537
17538
17539
17540
17541
17542
17543
17544
17545
17546
17547
17548
17549
17550
17551
17552
17553
17554
17555
17556
17557
17558
17559
17560
17561
17562
17563
17564
17565
17566
17567
17568
17569
17570
17571
17572
17573
17574
17575
17576
17577
17578
17579
17580
17581
17582
17583
17584
17585
17586
17587
17588
17589
17590
17591
17592
17593
17594
17595
17596
17597
17598
17599
17600
17601
17602
17603
17604
17605
17606
17607
17608
17609
17610
17611
17612
17613
17614
17615
17616
17617
17618
17619
17620
17621
17622
17623
17624
17625
17626
17627
17628
17629
17630
17631
17632
17633
17634
17635
17636
17637
17638
17639
17640
17641
17642
17643
17644
17645
17646
17647
17648
17649
17650
17651
17652
17653
17654
17655
17656
17657
17658
17659
17660
17661
17662
17663
17664
17665
17666
17667
17668
17669
17670
17671
17672
17673
17674
17675
17676
17677
17678
17679
17680
17681
17682
17683
17684
17685
17686
17687
17688
17689
17690
17691
17692
17693
17694
17695
17696
17697
17698
17699
17700
17701
17702
17703
17704
17705
17706
17707
17708
17709
17710
17711
17712
17713
17714
17715
17716
17717
17718
17719
17720
17721
17722
17723
17724
17725
17726
17727
17728
17729
17730
17731
17732
17733
17734
17735
17736
17737
17738
17739
17740
17741
17742
17743
17744
17745
17746
17747
17748
17749
17750
17751
17752
17753
17754
17755
17756
17757
17758
17759
17760
17761
17762
17763
17764
17765
17766
17767
17768
17769
17770
17771
17772
17773
17774
17775
17776
17777
17778
17779
17780
17781
17782
17783
17784
17785
17786
17787
17788
17789
17790
17791
17792
17793
17794
17795
17796
17797
17798
17799
17800
17801
17802
17803
17804
17805
17806
17807
17808
17809
17810
17811
17812
17813
17814
17815
17816
17817
17818
17819
17820
17821
17822
17823
17824
17825
17826
17827
17828
17829
17830
17831
17832
17833
17834
17835
17836
17837
17838
17839
17840
17841
17842
17843
17844
17845
17846
17847
17848
17849
17850
17851
17852
17853
17854
17855
17856
17857
17858
17859
17860
17861
17862
17863
17864
17865
17866
17867
17868
17869
17870
17871
17872
17873
17874
17875
17876
17877
17878
17879
17880
17881
17882
17883
17884
17885
17886
17887
17888
17889
17890
17891
17892
17893
17894
17895
17896
17897
17898
17899
17900
17901
17902
17903
17904
17905
17906
17907
17908
17909
17910
17911
17912
17913
17914
17915
17916
17917
17918
17919
17920
17921
17922
17923
17924
17925
17926
17927
17928
17929
17930
17931
17932
17933
17934
17935
17936
17937
17938
17939
17940
17941
17942
17943
17944
17945
17946
17947
17948
17949
17950
17951
17952
17953
17954
17955
17956
17957
17958
17959
17960
17961
17962
17963
17964
17965
17966
17967
17968
17969
17970
17971
17972
17973
17974
17975
17976
17977
17978
17979
17980
17981
17982
17983
17984
17985
17986
17987
17988
17989
17990
17991
17992
17993
17994
17995
17996
17997
17998
17999
18000
18001
18002
18003
18004
18005
18006
18007
18008
18009
18010
18011
18012
18013
18014
18015
18016
18017
18018
18019
18020
18021
18022
18023
18024
18025
18026
18027
18028
18029
18030
18031
18032
18033
18034
18035
18036
18037
18038
18039
18040
18041
18042
18043
18044
18045
18046
18047
18048
18049
18050
18051
18052
18053
18054
18055
18056
18057
18058
18059
18060
18061
18062
18063
18064
18065
18066
18067
18068
18069
18070
18071
18072
18073
18074
18075
18076
18077
18078
18079
18080
18081
18082
18083
18084
18085
18086
18087
18088
18089
18090
18091
18092
18093
18094
18095
18096
18097
18098
18099
18100
18101
18102
18103
18104
18105
18106
18107
18108
18109
18110
18111
18112
18113
18114
18115
18116
18117
18118
18119
18120
18121
18122
18123
18124
18125
18126
18127
18128
18129
18130
18131
18132
18133
18134
18135
18136
18137
18138
18139
18140
18141
18142
18143
18144
18145
18146
18147
18148
18149
18150
18151
18152
18153
18154
18155
18156
18157
18158
18159
18160
18161
18162
18163
18164
18165
18166
18167
18168
18169
18170
18171
18172
18173
18174
18175
18176
18177
18178
18179
18180
18181
18182
18183
18184
18185
18186
18187
18188
18189
18190
18191
18192
18193
18194
18195
18196
18197
18198
18199
18200
18201
18202
18203
18204
18205
18206
18207
18208
18209
18210
18211
18212
18213
18214
18215
18216
18217
18218
18219
18220
18221
18222
18223
18224
18225
18226
18227
18228
18229
18230
18231
18232
18233
18234
18235
18236
18237
18238
18239
18240
18241
18242
18243
18244
18245
18246
18247
18248
18249
18250
18251
18252
18253
18254
18255
18256
18257
18258
18259
18260
18261
18262
18263
18264
18265
18266
18267
18268
18269
18270
18271
18272
18273
18274
18275
18276
18277
18278
18279
18280
18281
18282
18283
18284
18285
18286
18287
18288
18289
18290
18291
18292
18293
18294
18295
18296
18297
18298
18299
18300
18301
18302
18303
18304
18305
18306
18307
18308
18309
18310
18311
18312
18313
18314
18315
18316
18317
18318
18319
18320
18321
18322
18323
18324
18325
18326
18327
18328
18329
18330
18331
18332
18333
18334
18335
18336
18337
18338
18339
18340
18341
18342
18343
18344
18345
18346
18347
18348
18349
18350
18351
18352
18353
18354
18355
18356
18357
18358
18359
18360
18361
18362
18363
18364
18365
18366
18367
18368
18369
18370
18371
18372
18373
18374
18375
18376
18377
18378
18379
18380
18381
18382
18383
18384
18385
18386
18387
18388
18389
18390
18391
18392
18393
18394
18395
18396
18397
18398
18399
18400
18401
18402
18403
18404
18405
18406
18407
18408
18409
18410
18411
18412
18413
18414
18415
18416
18417
18418
18419
18420
18421
18422
18423
18424
18425
18426
18427
18428
18429
18430
18431
18432
18433
18434
18435
18436
18437
18438
18439
18440
18441
18442
18443
18444
18445
18446
18447
18448
18449
18450
18451
18452
18453
18454
18455
18456
18457
18458
18459
18460
18461
18462
18463
18464
18465
18466
18467
18468
18469
18470
18471
18472
18473
18474
18475
18476
18477
18478
18479
18480
18481
18482
18483
18484
18485
18486
18487
18488
18489
18490
18491
18492
18493
18494
18495
18496
18497
18498
18499
18500
18501
18502
18503
18504
18505
18506
18507
18508
18509
18510
18511
18512
18513
18514
18515
18516
18517
18518
18519
18520
18521
18522
18523
18524
18525
18526
18527
18528
18529
18530
18531
18532
18533
18534
18535
18536
18537
18538
18539
18540
18541
18542
18543
18544
18545
18546
18547
18548
18549
18550
18551
18552
18553
18554
18555
18556
18557
18558
18559
18560
18561
18562
18563
18564
18565
18566
18567
18568
18569
18570
18571
18572
18573
18574
18575
18576
18577
18578
18579
18580
18581
18582
18583
18584
18585
18586
18587
18588
18589
18590
18591
18592
18593
18594
18595
18596
18597
18598
18599
18600
18601
18602
18603
18604
18605
18606
18607
18608
18609
18610
18611
18612
18613
18614
18615
18616
18617
18618
18619
18620
18621
18622
18623
18624
18625
18626
18627
18628
18629
18630
18631
18632
18633
18634
18635
18636
18637
18638
18639
18640
18641
18642
18643
18644
18645
18646
18647
18648
18649
18650
18651
18652
18653
18654
18655
18656
18657
18658
18659
18660
18661
18662
18663
18664
18665
18666
18667
18668
18669
18670
18671
18672
18673
18674
18675
18676
18677
18678
18679
18680
18681
18682
18683
18684
18685
18686
18687
18688
18689
18690
18691
18692
18693
18694
18695
18696
18697
18698
18699
18700
18701
18702
18703
18704
18705
18706
18707
18708
18709
18710
18711
18712
18713
18714
18715
18716
18717
18718
18719
18720
18721
18722
18723
18724
18725
18726
18727
18728
18729
18730
18731
18732
18733
18734
18735
18736
18737
18738
18739
18740
18741
18742
18743
18744
18745
18746
18747
18748
18749
18750
18751
18752
18753
18754
18755
18756
18757
18758
18759
18760
18761
18762
18763
18764
18765
18766
18767
18768
18769
18770
18771
18772
18773
18774
18775
18776
18777
18778
18779
18780
18781
18782
18783
18784
18785
18786
18787
18788
18789
18790
18791
18792
18793
18794
18795
18796
18797
18798
18799
18800
18801
18802
18803
18804
18805
18806
18807
18808
18809
18810
18811
18812
18813
18814
18815
18816
18817
18818
18819
18820
18821
18822
18823
18824
18825
18826
18827
18828
18829
18830
18831
18832
18833
18834
18835
18836
18837
18838
18839
18840
18841
18842
18843
18844
18845
18846
18847
18848
18849
18850
18851
18852
18853
18854
18855
18856
18857
18858
18859
18860
18861
18862
18863
18864
18865
18866
18867
18868
18869
18870
18871
18872
18873
18874
18875
18876
18877
18878
18879
18880
18881
18882
18883
18884
18885
18886
18887
18888
18889
18890
18891
18892
18893
18894
18895
18896
18897
18898
18899
18900
18901
18902
18903
18904
18905
18906
18907
18908
18909
18910
18911
18912
18913
18914
18915
18916
18917
18918
18919
18920
18921
18922
18923
18924
18925
18926
18927
18928
18929
18930
18931
18932
18933
18934
18935
18936
18937
18938
18939
18940
18941
18942
18943
18944
18945
18946
18947
18948
18949
18950
18951
18952
18953
18954
18955
18956
18957
18958
18959
18960
18961
18962
18963
18964
18965
18966
18967
18968
18969
18970
18971
18972
18973
18974
18975
18976
18977
18978
18979
18980
18981
18982
18983
18984
18985
18986
18987
18988
18989
18990
18991
18992
18993
18994
18995
18996
18997
18998
18999
19000
19001
19002
19003
19004
19005
19006
19007
19008
19009
19010
19011
19012
19013
19014
19015
19016
19017
19018
19019
19020
19021
19022
19023
19024
19025
19026
19027
19028
19029
19030
19031
19032
19033
19034
19035
19036
19037
19038
19039
19040
19041
19042
19043
19044
19045
19046
19047
19048
19049
19050
19051
19052
19053
19054
19055
19056
19057
19058
19059
19060
19061
19062
19063
19064
19065
19066
19067
19068
19069
19070
19071
19072
19073
19074
19075
19076
19077
19078
19079
19080
19081
19082
19083
19084
19085
19086
19087
19088
19089
19090
19091
19092
19093
19094
19095
19096
19097
19098
19099
19100
19101
19102
19103
19104
19105
19106
19107
19108
19109
19110
19111
19112
19113
19114
19115
19116
19117
19118
19119
19120
19121
19122
19123
19124
19125
19126
19127
19128
19129
19130
19131
19132
19133
19134
19135
19136
19137
19138
19139
19140
19141
19142
19143
19144
19145
19146
19147
19148
19149
19150
19151
19152
19153
19154
19155
19156
19157
19158
19159
19160
19161
19162
19163
19164
19165
19166
19167
19168
19169
19170
19171
19172
19173
19174
19175
19176
19177
19178
19179
19180
19181
19182
19183
19184
19185
19186
19187
19188
19189
19190
19191
19192
19193
19194
19195
19196
19197
19198
19199
19200
19201
19202
19203
19204
19205
19206
19207
19208
19209
19210
19211
19212
19213
19214
19215
19216
19217
19218
19219
19220
19221
19222
19223
19224
19225
19226
19227
19228
19229
19230
19231
19232
19233
19234
19235
19236
19237
19238
19239
19240
19241
19242
19243
19244
19245
19246
19247
19248
19249
19250
19251
19252
19253
19254
19255
19256
19257
19258
19259
19260
19261
19262
19263
19264
19265
19266
19267
19268
19269
19270
19271
19272
19273
19274
19275
19276
19277
19278
19279
19280
19281
19282
19283
19284
19285
19286
19287
19288
19289
19290
19291
19292
19293
19294
19295
19296
19297
19298
19299
19300
19301
19302
19303
19304
19305
19306
19307
19308
19309
19310
19311
19312
19313
19314
19315
19316
19317
19318
19319
19320
19321
19322
19323
19324
19325
19326
19327
19328
19329
19330
19331
19332
19333
19334
19335
19336
19337
19338
19339
19340
19341
19342
19343
19344
19345
19346
19347
19348
19349
19350
19351
19352
19353
19354
19355
19356
19357
19358
19359
19360
19361
19362
19363
19364
19365
19366
19367
19368
19369
19370
19371
19372
19373
19374
19375
19376
19377
19378
19379
19380
19381
19382
19383
19384
19385
19386
19387
19388
19389
19390
19391
19392
19393
19394
19395
19396
19397
19398
19399
19400
19401
19402
19403
19404
19405
19406
19407
19408
19409
19410
19411
19412
19413
19414
19415
19416
19417
19418
19419
19420
19421
19422
19423
19424
19425
19426
19427
19428
19429
19430
19431
19432
19433
19434
19435
19436
19437
19438
19439
19440
19441
19442
19443
19444
19445
19446
19447
19448
19449
19450
19451
19452
19453
19454
19455
19456
19457
19458
19459
19460
19461
19462
19463
19464
19465
19466
19467
19468
19469
19470
19471
19472
19473
19474
19475
19476
19477
19478
19479
19480
19481
19482
19483
19484
19485
19486
19487
19488
19489
19490
19491
19492
19493
19494
19495
19496
19497
19498
19499
19500
19501
19502
19503
19504
19505
19506
19507
19508
19509
19510
19511
19512
19513
19514
19515
19516
19517
19518
19519
19520
19521
19522
19523
19524
19525
19526
19527
19528
19529
19530
19531
19532
19533
19534
19535
19536
19537
19538
19539
19540
19541
19542
19543
19544
19545
19546
19547
19548
19549
19550
19551
19552
19553
19554
19555
19556
19557
19558
19559
19560
19561
19562
19563
19564
19565
19566
19567
19568
19569
19570
19571
19572
19573
19574
19575
19576
19577
19578
19579
19580
19581
19582
19583
19584
19585
19586
19587
19588
19589
19590
19591
19592
19593
19594
19595
19596
19597
19598
19599
19600
19601
19602
19603
19604
19605
19606
19607
19608
19609
19610
19611
19612
19613
19614
19615
19616
19617
19618
19619
19620
19621
19622
19623
19624
19625
19626
19627
19628
19629
19630
19631
19632
19633
19634
19635
19636
19637
19638
19639
19640
19641
19642
19643
19644
19645
19646
19647
19648
19649
19650
19651
19652
19653
19654
19655
19656
19657
19658
19659
19660
19661
19662
19663
19664
19665
19666
19667
19668
19669
19670
19671
19672
19673
19674
19675
19676
19677
19678
19679
19680
19681
19682
19683
19684
19685
19686
19687
19688
19689
19690
19691
19692
19693
19694
19695
19696
19697
19698
19699
19700
19701
19702
19703
19704
19705
19706
19707
19708
19709
19710
19711
19712
19713
19714
19715
19716
19717
19718
19719
19720
19721
19722
19723
19724
19725
19726
19727
19728
19729
19730
19731
19732
19733
19734
19735
19736
19737
19738
19739
19740
19741
19742
19743
19744
19745
19746
19747
19748
19749
19750
19751
19752
19753
19754
19755
19756
19757
19758
19759
19760
19761
19762
19763
19764
19765
19766
19767
19768
19769
19770
19771
19772
19773
19774
19775
19776
19777
19778
19779
19780
19781
19782
19783
19784
19785
19786
19787
19788
19789
19790
19791
19792
19793
19794
19795
19796
19797
19798
19799
19800
19801
19802
19803
19804
19805
19806
19807
19808
19809
19810
19811
19812
19813
19814
19815
19816
19817
19818
19819
19820
19821
19822
19823
19824
19825
19826
19827
19828
19829
19830
19831
19832
19833
19834
19835
19836
19837
19838
19839
19840
19841
19842
19843
19844
19845
19846
19847
19848
19849
19850
19851
19852
19854
19856
19858
19860
19862
19864
19866
19868
19870
19872
19874
19876
19878
19880
19882
19884
19886
19888
19890
19892
19894
19896
19898
19900
19902
19904
19906
19908
19910
19912
19914
19916
19918
19920
19922
19924
19926
19928
19930
19932
19934
19936
19938
19940
19942
19944
19946
19948
181851
181852
181853
181854
181855
181856
181857
181858
181859
181860
181861
181862
181863
181864
181865
181866
181867
181868
181869
181870
181871
181872
181873
181874
181875
181876
181877
181878
181879
181880
181881
181882
181883
181884
181885
181886
181887
181888
181889
181890
181891
181892
181893
181894
181895
181896
181897
181898
181899
181900
181901
181902
181903
181904
181905
181906
181907
181908
181909
181910
181911
181912
181913
181914
181915
181916
181917
181918
181919
181920
181921
181922
181923
181924
181925
181926
181927
181928
181929
181930
181931
181932
181933
181934
181935
181936
181937
181938
181939
181940
181941
181942
181943
181944
181945
181946
181947
181948
181949
181950
181951
181952
181953
181954
181955
181956
181957
181958
181959
181960
181961
181962
181963
181964
181965
181966
181967
181968
181969
181970
181971
181972
181973
181974
181975
181976
181977
181978
181979
181980
181981
181982
181983
181984
181985
181986
181987
181988
181989
181990
181991
181992
181993
181994
181995
181996
181997
181998
181999
182000
182001
182002
182003
182004
182005
182006
182007
182008
182009
182010
182011
182012
182013
182014
182015
182016
182017
182018
182019
182020
182021
182022
182023
182024
182025
182026
182027
182028
182029
182030
182031
182032
182033
182034
182035
182036
182037
182038
182039
182040
182041
182042
182043
182044
182045
182046
182047
182048
182049
182050
182051
182052
182053
182054
182055
182056
182057
182058
182059
182060
182061
182062
182063
182064
182065
182066
182067
182068
182069
182070
182071
182072
182073
182074
182075
182076
182077
182078
182079
182080
182081
182082
182083
182084
182085
182086
182087
182088
182089
182090
182091
182092
182093
182094
182095
182096
182097
182098
182099
182100
182101
182102
182103
182104
182105
182106
182107
182108
182109
182110
182111
182112
182113
182114
182115
182116
182117
182118
182119
182120
182121
182122
182123
182124
182125
182126
182127
182128
182129
182130
182131
182132
182133
182134
182135
182136
182137
182138
182139
182140
182141
182142
182143
182144
182145
182146
182147
182148
182149
182150
182151
182152
182153
182154
182155
182156
182157
182158
182159
182160
182161
182162
182163
182164
182165
182166
182167
182168
182169
182170
182171
182172
182173
182174
182175
182176
182177
182178
182179
182180
182181
182182
182183
182184
182185
182186
182187
182188
182189
182190
182191
182192
182193
182194
182195
182196
182197
182198
182199
182200
182201
182202
182203
182204
182205
182206
182207
182208
182209
182210
182211
182212
182213
182214
182215
182216
182217
182218
182219
182220
182221
182222
182223
182224
182225
182226
182227
182228
182229
182230
182231
182232
182233
182234
182235
182236
182237
182238
182239
182240
182241
182242
182243
182244
182245
182246
182247
182248
182249
182250
182251
182252
182253
182254
182255
182256
182257
182258
182259
182260
182261
182262
182263
182264
182265
182266
182267
182268
182269
182270
182271
182272
182273
182274
182275
182276
182277
182278
182279
182280
182281
182282
182283
182284
182285
182286
182287
182288
182289
182290
182291
182292
182293
182294
182295
182296
182297
182298
182299
182300
182301
182302
182303
182304
182305
182306
182307
182308
182309
182310
182311
182312
182313
182314
182315
182316
182317
182318
182319
182320
182321
182322
182323
182324
182325
182326
182327
182328
182329
182330
182331
182332
182333
182334
182335
182336
182337
182338
182339
182340
182341
182342
182343
182344
182345
182346
182347
182348
182349
182350
182351
182352
182353
182354
182355
182356
182357
182358
182359
182360
182361
182362
182363
182364
182365
182366
182367
182368
182369
182370
182371
182372
182373
182374
182375
182376
182377
182378
182379
182380
182381
182382
182383
182384
182385
182386
182387
182388
182389
182390
182391
182392
182393
182394
182395
182396
182397
182398
182399
182400
182401
182402
182403
182404
182405
182406
182407
182408
182409
182410
182411
182412
182413
182414
182415
182416
182417
182418
182419
182420
182421
182422
182423
182424
182425
182426
182427
182428
182429
182430
182431
182432
182433
182434
182435
182436
182437
182438
182439
182440
182441
182442
182443
182444
182445
182446
182447
182448
182449
182450
182451
182452
182453
182454
182455
182456
182457
182458
182459
182460
182461
182462
182463
182464
182465
182466
182467
182468
182469
182470
182471
182472
182473
182474
182475
182476
182477
182478
182479
182480
182481
182482
182483
182484
182485
182486
182487
182488
182489
182490
182491
182492
182493
182494
182495
182496
182497
182498
182499
182500
182501
182502
182503
182504
182505
182506
182507
182508
182509
182510
182511
182512
182513
182514
182515
182516
182517
182518
182519
182520
182521
182522
182523
182524
182525
182526
182527
182528
182529
182530
182531
182532
182533
182534
182535
182536
182537
182538
182539
182540
182541
182542
182543
182544
182545
182546
182547
182548
182549
182550
182551
182552
182553
182554
182555
182556
182557
182558
182559
182560
182561
182562
182563
182564
182565
182566
182567
182568
182569
182570
182571
182572
182573
182574
182575
182576
182577
182578
182579
182580
182581
182582
182583
182584
182585
182586
182587
182588
182589
182590
182591
182592
182593
182594
182595
182596
182597
182598
182599
182600
182601
182602
182603
182604
182605
182606
182607
182608
182609
182610
182611
182612
182613
182614
182615
182616
182617
182618
182619
182620
182621
182622
182623
182624
182625
182626
182627
182628
182629
182630
182631
182632
182633
182634
182635
182636
182637
182638
182639
182640
182641
182642
182643
182644
182645
182646
182647
182648
182649
182650
182651
182652
182653
182654
182655
182656
182657
182658
182659
182660
182661
182662
182663
182664
182665
182666
182667
182668
182669
182670
182671
182672
182673
182674
182675
182676
182677
182678
182679
182680
182681
182682
182683
182684
182685
182686
182687
182688
182689
182690
182691
182692
182693
182694
182695
182696
182697
182698
182699
182700
182701
182702
182703
182704
182705
182706
182707
182708
182709
182710
182711
182712
182713
182714
182715
182716
182717
182718
182719
182720
182721
182722
182723
182724
182725
182726
182727
182728
182729
182730
182731
182732
182733
182734
182735
182736
182737
182738
182739
182740
182741
182742
182743
182744
182745
182746
182747
182748
182749
182750
182751
182752
182753
182754
182755
182756
182757
182758
182759
182760
182761
182762
182763
182764
182765
182766
182767
182768
182769
182770
182771
182772
182773
182774
182775
182776
182777
182778
182779
182780
182781
182782
182783
182784
182785
182786
182787
182788
182789
182790
182791
182792
182793
182794
182795
182796
182797
182798
182799
182800
182801
182802
182803
182804
182805
182806
182807
182808
182809
182810
182811
182812
182813
182814
182815
182816
182817
182818
182819
182820
182821
182822
182823
182824
182825
182826
182827
182828
182829
182830
182831
182832
182833
182834
182835
182836
182837
182838
182839
182840
182841
182842
182843
182844
182845
182846
182847
182848
182849
182850
182851
182852
182853
182854
182855
182856
182857
182858
182859
182860
182861
182862
182863
182864
182865
182866
182867
182868
182869
182870
182871
182872
182873
182874
182875
182876
182877
182878
182879
182880
182881
182882
182883
182884
182885
182886
182887
182888
182889
182890
182891
182892
182893
182894
182895
182896
182897
182898
182899
182900
182901
182902
182903
182904
182905
182906
182907
182908
182909
182910
182911
182912
182913
182914
182915
182916
182917
182918
182919
182920
182921
182922
182923
182924
182925
182926
182927
182928
182929
182930
182931
182932
182933
182934
182935
182936
182937
182938
182939
182940
182941
182942
182943
182944
182945
182946
182947
182948
182949
182950
182951
182952
182953
182954
182955
182956
182957
182958
182959
182960
182961
182962
182963
182964
182965
182966
182967
182968
182969
182970
182971
182972
182973
182974
182975
182976
182977
182978
182979
182980
182981
182982
182983
182984
182985
182986
182987
182988
182989
182990
182991
182992
182993
182994
182995
182996
182997
182998
182999
183000
183001
183002
183003
183004
183005
183006
183007
183008
183009
183010
183011
183012
183013
183014
183015
183016
183017
183018
183019
183020
183021
183022
183023
183024
183025
183026
183027
183028
183029
183030
183031
183032
183033
183034
183035
183036
183037
183038
183039
183040
183041
183042
183043
183044
183045
183046
183047
183048
183049
183050
183051
183052
183053
183054
183055
183056
183057
183058
183059
183060
183061
183062
183063
183064
183065
183066
183067
183068
183069
183070
183071
183072
183073
183074
183075
183076
183077
183078
183079
183080
183081
183082
183083
183084
183085
183086
183087
183088
183089
183090
183091
183092
183093
183094
183095
183096
183097
183098
183099
183100
183101
183102
183103
183104
183105
183106
183107
183108
183109
183110
183111
183112
183113
183114
183115
183116
183117
183118
183119
183120
183121
183122
183123
183124
183125
183126
183127
183128
183129
183130
183131
183132
183133
183134
183135
183136
183137
183138
183139
183140
183141
183142
183143
183144
183145
183146
183147
183148
183149
183150
183151
183152
183153
183154
183155
183156
183157
183158
183159
183160
183161
183162
183163
183164
183165
183166
183167
183168
183169
183170
183171
183172
183173
183174
183175
183176
183177
183178
183179
183180
183181
183182
183183
183184
183185
183186
183187
183188
183189
183190
183191
183192
183193
183194
183195
183196
183197
183198
183199
183200
183201
183202
183203
183204
183205
183206
183207
183208
183209
183210
183211
183212
183213
183214
183215
183216
183217
183218
183219
183220
183221
183222
183223
183224
183225
183226
183227
183228
183229
183230
183231
183232
183233
183234
183235
183236
183237
183238
183239
183240
183241
183242
183243
183244
183245
183246
183247
183248
183249
183250
183251
183252
183253
183254
183255
183256
183257
183258
183259
183260
183261
183262
183263
183264
183265
183266
183267
183268
183269
183270
183271
183272
183273
183274
183275
183276
183277
183278
183279
183280
183281
183282
183283
183284
183285
183286
183287
183288
183289
183290
183291
183292
183293
183294
183295
183296
183297
183298
183299
183300
183301
183302
183303
183304
183305
183306
183307
183308
183309
183310
183311
183312
183313
183314
183315
183316
183317
183318
183319
183320
183321
183322
183323
183324
183325
183326
183327
183328
183329
183330
183331
183332
183333
183334
183335
183336
183337
183338
183339
183340
183341
183342
183343
183344
183345
183346
183347
183348
183349
183350
183351
183352
183353
183354
183355
183356
183357
183358
183359
183360
183361
183362
183363
183364
183365
183366
183367
183368
183369
183370
183371
183372
183373
183374
183375
183376
183377
183378
183379
183380
183381
183382
183383
183384
183385
183386
183387
183388
183389
183390
183391
183392
183393
183394
183395
183396
183397
183398
183399
183400
183401
183402
183403
183404
183405
183406
183407
183408
183409
183410
183411
183412
183413
183414
183415
183416
183417
183418
183419
183420
183421
183422
183423
183424
183425
183426
183427
183428
183429
183430
183431
183432
183433
183434
183435
183436
183437
183438
183439
183440
183441
183442
183443
183444
183445
183446
183447
183448
183449
183450
183451
183452
183453
183454
183455
183456
183457
183458
183459
183460
183461
183462
183463
183464
183465
183466
183467
183468
183469
183470
183471
183472
183473
183474
183475
183476
183477
183478
183479
183480
183481
183482
183483
183484
183485
183486
183487
183488
183489
183490
183491
183492
183493
183494
183495
183496
183497
183498
183499
183500
183501
183502
183503
183504
183505
183506
183507
183508
183509
183510
183511
183512
183513
183514
183515
183516
183517
183518
183519
183520
183521
183522
183523
183524
183525
183526
183527
183528
183529
183530
183531
183532
183533
183534
183535
183536
183537
183538
183539
183540
183541
183542
183543
183544
183545
183546
183547
183548
183549
183550
183551
183552
183553
183554
183555
183556
183557
183558
183559
183560
183561
183562
183563
183564
183565
183566
183567
183568
183569
183570
183571
183572
183573
183574
183575
183576
183577
183578
183579
183580
183581
183582
183583
183584
183585
183586
183587
183588
183589
183590
183591
183592
183593
183594
183595
183596
183597
183598
183599
183600
183601
183602
183603
183604
183605
183606
183607
183608
183609
183610
183611
183612
183613
183614
183615
183616
183617
183618
183619
183620
183621
183622
183623
183624
183625
183626
183627
183628
183629
183630
183631
183632
183633
183634
183635
183636
183637
183638
183639
183640
183641
183642
183643
183644
183645
183646
183647
183648
183649
183650
183651
183652
183653
183654
183655
183656
183657
183658
183659
183660
183661
183662
183663
183664
183665
183666
183667
183668
183669
183670
183671
183672
183673
183674
183675
183676
183677
183678
183679
183680
183681
183682
183683
183684
183685
183686
183687
183688
183689
183690
183691
183692
183693
183694
183695
183696
183697
183698
183699
183700
183701
183702
183703
183704
183705
183706
183707
183708
183709
183710
183711
183712
183713
183714
183715
183716
183717
183718
183719
183720
183721
183722
183723
183724
183725
183726
183727
183728
183729
183730
183731
183732
183733
183734
183735
183736
183737
183738
183739
183740
183741
183742
183743
183744
183745
183746
183747
183748
183749
183750
183751
183752
183753
183754
183755
183756
183757
183758
183759
183760
183761
183762
183763
183764
183765
183766
183767
183768
183769
183770
183771
183772
183773
183774
183775
183776
183777
183778
183779
183780
183781
183782
183783
183784
183785
183786
183787
183788
183789
183790
183791
183792
183793
183794
183795
183796
183797
183798
183799
183800
183801
183802
183803
183804
183805
183806
183807
183808
183809
183810
183811
183812
183813
183814
183815
183816
183817
183818
183819
183820
183821
183822
183823
183824
183825
183826
183827
183828
183829
183830
183831
183832
183833
183834
183835
183836
183837
183838
183839
183840
183841
183842
183843
183844
183845
183846
183847
183848
183849
183850
183851
183852
183853
183854
183855
183856
183857
183858
183859
183860
183861
183862
183863
183864
183865
183866
183867
183868
183869
183870
183871
183872
183873
183874
183875
183876
183877
183878
183879
183880
183881
183882
183883
183884
183885
183886
183887
183888
183889
183890
183891
183892
183893
183894
183895
183896
183897
183898
183899
183900
183901
183902
183903
183904
183905
183906
183907
183908
183909
183910
183911
183912
183913
183914
183915
183916
183917
183918
183919
183920
183921
183922
183923
183924
183925
183926
183927
183928
183929
183930
183931
183932
183933
183934
183935
183936
183937
183938
183939
183940
183941
183942
183943
183944
183945
183946
183947
183948
183949
183950
183951
183952
183953
183954
183955
183956
183957
183958
183959
183960
183961
183962
183963
183964
183965
183966
183967
183968
183969
183970
183971
183972
183973
183974
183975
183976
183977
183978
183979
183980
183981
183982
183983
183984
183985
183986
183987
183988
183989
183990
183991
183992
183993
183994
183995
183996
183997
183998
183999
184000
184001
184002
184003
184004
184005
184006
184007
184008
184009
184010
184011
184012
184013
184014
184015
184016
184017
184018
184019
184020
184021
184022
184023
184024
184025
184026
184027
184028
184029
184030
184031
184032
184033
184034
184035
184036
184037
184038
184039
184040
184041
184042
184043
184044
184045
184046
184047
184048
184049
184050
184051
184052
184053
184054
184055
184056
184057
184058
184059
184060
184061
184062
184063
184064
184065
184066
184067
184068
184069
184070
184071
184072
184073
184074
184075
184076
184077
184078
184079
184080
184081
184082
184083
184084
184085
184086
184087
184088
184089
184090
184091
184092
184093
184094
184095
184096
184097
184098
184099
184100
184101
184102
184103
184104
184105
184106
184107
184108
184109
184110
184111
184112
184113
184114
184115
184116
184117
184118
184119
184120
184121
184122
184123
184124
184125
184126
184127
184128
184129
184130
184131
184132
184133
184134
184135
184136
184137
184138
184139
184140
184141
184142
184143
184144
184145
184146
184147
184148
184149
184150
184151
184152
184153
184154
184155
184156
184157
184158
184159
184160
184161
184162
184163
184164
184165
184166
184167
184168
184169
184170
184171
184172
184173
184174
184175
184176
184177
184178
184179
184180
184181
184182
184183
184184
184185
184186
184187
184188
184189
184190
184191
184192
184193
184194
184195
184196
184197
184198
184199
184200
184201
184202
184203
184204
184205
184206
184207
184208
184209
184210
184211
184212
184213
184214
184215
184216
184217
184218
184219
184220
184221
184222
184223
184224
184225
184226
184227
184228
184229
184230
184231
184232
184233
184234
184235
184236
184237
184238
184239
184240
184241
184242
184243
184244
184245
184246
184247
184248
184249
184250
184251
184252
184253
184254
184255
184256
184257
184258
184259
184260
184261
184262
184263
184264
184265
184266
184267
184268
184269
184270
184271
184272
184273
184274
184275
184276
184277
184278
184279
184280
184281
184282
184283
184284
184285
184286
184287
184288
184289
184290
184291
184292
184293
184294
184295
184296
184297
184298
184299
184300
184301
184302
184303
184304
184305
184306
184307
184308
184309
184310
184311
184312
184313
184314
184315
184316
184317
184318
184319
184320
184321
184322
184323
184324
184325
184326
184327
184328
184329
184330
184331
184332
184333
184334
184335
184336
184337
184338
184339
184340
184341
184342
184343
184344
184345
184346
184347
184348
184349
184350
269351
269352
269353
269354
269355
269356
269357
269358
269359
269360
269361
269362
269363
269364
269365
269366
269367
269368
269369
269370
269371
269372
269373
269374
269375
269376
269377
269378
269379
269380
269381
269382
269383
269384
269385
269386
269387
269388
269389
269390
269391
269392
269393
269394
269395
269396
269397
269398
269399
269400
269401
269402
269403
269404
269405
269406
269407
269408
269409
269410
269411
269412
269413
269414
269415
269416
269417
269418
269419
269420
269421
269422
269423
269424
269425
269426
269427
269428
269429
269430
269431
269432
269433
269434
269435
269436
269437
269438
269439
269440
269441
269442
269443
269444
269445
269446
269447
269448
269449
269450
269451
269452
269453
269454
269455
269456
269457
269458
269459
269460
269461
269462
269463
269464
269465
269466
269467
269468
269469
269470
269471
269472
269473
269474
269475
269476
269477
269478
269479
269480
269481
269482
269483
269484
269485
269486
269487
269488
269489
269490
269491
269492
269493
269494
269495
269496
269497
269498
269499
269500
269501
269502
269503
269504
269505
269506
269507
269508
269509
269510
269511
269512
269513
269514
269515
269516
269517
269518
269519
269520
269521
269522
269523
269524
269525
269526
269527
269528
269529
269530
269531
269532
269533
269534
269535
269536
269537
269538
269539
269540
269541
269542
269543
269544
269545
269546
269547
269548
269549
269550
269551
269552
269553
269554
269555
269556
269557
269558
269559
269560
269561
269562
269563
269564
269565
269566
269567
269568
269569
269570
269571
269572
269573
269574
269575
269576
269577
269578
269579
269580
269581
269582
269583
269584
269585
269586
269587
269588
269589
269590
269591
269592
269593
269594
269595
269596
269597
269598
269599
269600
269601
269602
269603
269604
269605
269606
269607
269608
269609
269610
269611
269612
269613
269614
269615
269616
269617
269618
269619
269620
269621
269622
269623
269624
269625
269626
269627
269628
269629
269630
269631
269632
269633
269634
269635
269636
269637
269638
269639
269640
269641
269642
269643
269644
269645
269646
269647
269648
269649
269650
269651
269652
269653
269654
269655
269656
269657
269658
269659
269660
269661
269662
269663
269664
269665
269666
269667
269668
269669
269670
269671
269672
269673
269674
269675
269676
269677
269678
269679
269680
269681
269682
269683
269684
269685
269686
269687
269688
269689
269690
269691
269692
269693
269694
269695
269696
269697
269698
269699
269700
269701
269702
269703
269704
269705
269706
269707
269708
269709
269710
269711
269712
269713
269714
269715
269716
269717
269718
269719
269720
269721
269722
269723
269724
269725
269726
269727
269728
269729
269730
269731
269732
269733
269734
269735
269736
269737
269738
269739
269740
269741
269742
269743
269744
269745
269746
269747
269748
269749
269750
269751
269752
269753
269754
269755
269756
269757
269758
269759
269760
269761
269762
269763
269764
269765
269766
269767
269768
269769
269770
269771
269772
269773
269774
269775
269776
269777
269778
269779
269780
269781
269782
269783
269784
269785
269786
269787
269788
269789
269790
269791
269792
269793
269794
269795
269796
269797
269798
269799
269800
269801
269802
269803
269804
269805
269806
269807
269808
269809
269810
269811
269812
269813
269814
269815
269816
269817
269818
269819
269820
269821
269822
269823
269824
269825
269826
269827
269828
269829
269830
269831
269832
269833
269834
269835
269836
269837
269838
269839
269840
269841
269842
269843
269844
269845
269846
269847
269848
269849
269850
269851
269852
269853
269854
269855
269856
269857
269858
269859
269860
269861
269862
269863
269864
269865
269866
269867
269868
269869
269870
269871
269872
269873
269874
269875
269876
269877
269878
269879
269880
269881
269882
269883
269884
269885
269886
269887
269888
269889
269890
269891
269892
269893
269894
269895
269896
269897
269898
269899
269900
269901
269902
269903
269904
269905
269906
269907
269908
269909
269910
269911
269912
269913
269914
269915
269916
269917
269918
269919
269920
269921
269922
269923
269924
269925
269926
269927
269928
269929
269930
269931
269932
269933
269934
269935
269936
269937
269938
269939
269940
269941
269942
269943
269944
269945
269946
269947
269948
269949
269950
269951
269952
269953
269954
269955
269956
269957
269958
269959
269960
269961
269962
269963
269964
269965
269966
269967
269968
269969
269970
269971
269972
269973
269974
269975
269976
269977
269978
269979
269980
269981
269982
269983
269984
269985
269986
269987
269988
269989
269990
269991
269992
269993
269994
269995
269996
269997
269998
269999
270000
270001
270002
270003
270004
270005
270006
270007
270008
270009
270010
270011
270012
270013
270014
270015
270016
270017
270018
270019
270020
270021
270022
270023
270024
270025
270026
270027
270028
270029
270030
270031
270032
270033
270034
270035
270036
270037
270038
270039
270040
270041
270042
270043
270044
270045
270046
270047
270048
270049
270050
270051
270052
270053
270054
270055
270056
270057
270058
270059
270060
270061
270062
270063
270064
270065
270066
270067
270068
270069
270070
270071
270072
270073
270074
270075
270076
270077
270078
270079
270080
270081
270082
270083
270084
270085
270086
270087
270088
270089
270090
270091
270092
270093
270094
270095
270096
270097
270098
270099
270100
270101
270102
270103
270104
270105
270106
270107
270108
270109
270110
270111
270112
270113
270114
270115
270116
270117
270118
270119
270120
270121
270122
270123
270124
270125
270126
270127
270128
270129
270130
270131
270132
270133
270134
270135
270136
270137
270138
270139
270140
270141
270142
270143
270144
270145
270146
270147
270148
270149
270150
270151
270152
270153
270154
270155
270156
270157
270158
270159
270160
270161
270162
270163
270164
270165
270166
270167
270168
270169
270170
270171
270172
270173
270174
270175
270176
270177
270178
270179
270180
270181
270182
270183
270184
270185
270186
270187
270188
270189
270190
270191
270192
270193
270194
270195
270196
270197
270198
270199
270200
270201
270202
270203
270204
270205
270206
270207
270208
270209
270210
270211
270212
270213
270214
270215
270216
270217
270218
270219
270220
270221
270222
270223
270224
270225
270226
270227
270228
270229
270230
270231
270232
270233
270234
270235
270236
270237
270238
270239
270240
270241
270242
270243
270244
270245
270246
270247
270248
270249
270250
270251
270252
270253
270254
270255
270256
270257
270258
270259
270260
270261
270262
270263
270264
270265
270266
270267
270268
270269
270270
270271
270272
270273
270274
270275
270276
270277
270278
270279
270280
270281
270282
270283
270284
270285
270286
270287
270288
270289
270290
270291
270292
270293
270294
270295
270296
270297
270298
270299
270300
270301
270302
270303
270304
270305
270306
270307
270308
270309
270310
270311
270312
270313
270314
270315
270316
270317
270318
270319
270320
270321
270322
270323
270324
270325
270326
270327
270328
270329
270330
270331
270332
270333
270334
270335
270336
270337
270338
270339
270340
270341
270342
270343
270344
270345
270346
270347
270348
270349
270350
270351
270352
270353
270354
270355
270356
270357
270358
270359
270360
270361
270362
270363
270364
270365
270366
270367
270368
270369
270370
270371
270372
270373
270374
270375
270376
270377
270378
270379
270380
270381
270382
270383
270384
270385
270386
270387
270388
270389
270390
270391
270392
270393
270394
270395
270396
270397
270398
270399
270400
270401
270402
270403
270404
270405
270406
270407
270408
270409
270410
270411
270412
270413
270414
270415
270416
270417
270418
270419
270420
270421
270422
270423
270424
270425
270426
270427
270428
270429
270430
270431
270432
270433
270434
270435
270436
270437
270438
270439
270440
270441
270442
270443
270444
270445
270446
270447
270448
270449
270450
270451
270452
270453
270454
270455
270456
270457
270458
270459
270460
270461
270462
270463
270464
270465
270466
270467
270468
270469
270470
270471
270472
270473
270474
270475
270476
270477
270478
270479
270480
270481
270482
270483
270484
270485
270486
270487
270488
270489
270490
270491
270492
270493
270494
270495
270496
270497
270498
270499
270500
270501
270502
270503
270504
270505
270506
270507
270508
270509
270510
270511
270512
270513
270514
270515
270516
270517
270518
270519
270520
270521
270522
270523
270524
270525
270526
270527
270528
270529
270530
270531
270532
270533
270534
270535
270536
270537
270538
270539
270540
270541
270542
270543
270544
270545
270546
270547
270548
270549
270550
270551
270552
270553
270554
270555
270556
270557
270558
270559
270560
270561
270562
270563
270564
270565
270566
270567
270568
270569
270570
270571
270572
270573
270574
270575
270576
270577
270578
270579
270580
270581
270582
270583
270584
270585
270586
270587
270588
270589
270590
270591
270592
270593
270594
270595
270596
270597
270598
270599
270600
270601
270602
270603
270604
270605
270606
270607
270608
270609
270610
270611
270612
270613
270614
270615
270616
270617
270618
270619
270620
270621
270622
270623
270624
270625
270626
270627
270628
270629
270630
270631
270632
270633
270634
270635
270636
270637
270638
270639
270640
270641
270642
270643
270644
270645
270646
270647
270648
270649
270650
270651
270652
270653
270654
270655
270656
270657
270658
270659
270660
270661
270662
270663
270664
270665
270666
270667
270668
270669
270670
270671
270672
270673
270674
270675
270676
270677
270678
270679
270680
270681
270682
270683
270684
270685
270686
270687
270688
270689
270690
270691
270692
270693
270694
270695
270696
270697
270698
270699
270700
270701
270702
270703
270704
270705
270706
270707
270708
270709
270710
270711
270712
270713
270714
270715
270716
270717
270718
270719
270720
270721
270722
270723
270724
270725
270726
270727
270728
270729
270730
270731
270732
270733
270734
270735
270736
270737
270738
270739
270740
270741
270742
270743
270744
270745
270746
270747
270748
270749
270750
270751
270752
270753
270754
270755
270756
270757
270758
270759
270760
270761
270762
270763
270764
270765
270766
270767
270768
270769
270770
270771
270772
270773
270774
270775
270776
270777
270778
270779
270780
270781
270782
270783
270784
270785
270786
270787
270788
270789
270790
270791
270792
270793
270794
270795
270796
270797
270798
270799
270800
270801
270802
270803
270804
270805
270806
270807
270808
270809
270810
270811
270812
270813
270814
270815
270816
270817
270818
270819
270820
270821
270822
270823
270824
270825
270826
270827
270828
270829
270830
270831
270832
270833
270834
270835
270836
270837
270838
270839
270840
270841
270842
270843
270844
270845
270846
270847
270848
270849
270850
270851
270852
270853
270854
270855
270856
270857
270858
270859
270860
270861
270862
270863
270864
270865
270866
270867
270868
270869
270870
270871
270872
270873
270874
270875
270876
270877
270878
270879
270880
270881
270882
270883
270884
270885
270886
270887
270888
270889
270890
270891
270892
270893
270894
270895
270896
270897
270898
270899
270900
270901
270902
270903
270904
270905
270906
270907
270908
270909
270910
270911
270912
270913
270914
270915
270916
270917
270918
270919
270920
270921
270922
270923
270924
270925
270926
270927
270928
270929
270930
270931
270932
270933
270934
270935
270936
270937
270938
270939
270940
270941
270942
270943
270944
270945
270946
270947
270948
270949
270950
270951
270952
270953
270954
270955
270956
270957
270958
270959
270960
270961
270962
270963
270964
270965
270966
270967
270968
270969
270970
270971
270972
270973
270974
270975
270976
270977
270978
270979
270980
270981
270982
270983
270984
270985
270986
270987
270988
270989
270990
270991
270992
270993
270994
270995
270996
270997
270998
270999
271000
271001
271002
271003
271004
271005
271006
271007
271008
271009
271010
271011
271012
271013
271014
271015
271016
271017
271018
271019
271020
271021
271022
271023
271024
271025
271026
271027
271028
271029
271030
271031
271032
271033
271034
271035
271036
271037
271038
271039
271040
271041
271042
271043
271044
271045
271046
271047
271048
271049
271050
271051
271052
271053
271054
271055
271056
271057
271058
271059
271060
271061
271062
271063
271064
271065
271066
271067
271068
271069
271070
271071
271072
271073
271074
271075
271076
271077
271078
271079
271080
271081
271082
271083
271084
271085
271086
271087
271088
271089
271090
271091
271092
271093
271094
271095
271096
271097
271098
271099
271100
271101
271102
271103
271104
271105
271106
271107
271108
271109
271110
271111
271112
271113
271114
271115
271116
271117
271118
271119
271120
271121
271122
271123
271124
271125
271126
271127
271128
271129
271130
271131
271132
271133
271134
271135
271136
271137
271138
271139
271140
271141
271142
271143
271144
271145
271146
271147
271148
271149
271150
271151
271152
271153
271154
271155
271156
271157
271158
271159
271160
271161
271162
271163
271164
271165
271166
271167
271168
271169
271170
271171
271172
271173
271174
271175
271176
271177
271178
271179
271180
271181
271182
271183
271184
271185
271186
271187
271188
271189
271190
271191
271192
271193
271194
271195
271196
271197
271198
271199
271200
271201
271202
271203
271204
271205
271206
271207
271208
271209
271210
271211
271212
271213
271214
271215
271216
271217
271218
271219
271220
271221
271222
271223
271224
271225
271226
271227
271228
271229
271230
271231
271232
271233
271234
271235
271236
271237
271238
271239
271240
271241
271242
271243
271244
271245
271246
271247
271248
271249
271250
271251
271252
271253
271254
271255
271256
271257
271258
271259
271260
271261
271262
271263
271264
271265
271266
271267
271268
271269
271270
271271
271272
271273
271274
271275
271276
271277
271278
271279
271280
271281
271282
271283
271284
271285
271286
271287
271288
271289
271290
271291
271292
271293
271294
271295
271296
271297
271298
271299
271300
271301
271302
271303
271304
271305
271306
271307
271308
271309
271310
271311
271312
271313
271314
271315
271316
271317
271318
271319
271320
271321
271322
271323
271324
271325
271326
271327
271328
271329
271330
271331
271332
271333
271334
271335
271336
271337
271338
271339
271340
271341
271342
271343
271344
271345
271346
271347
271348
271349
271350
271351
271352
271353
271354
271355
271356
271357
271358
271359
271360
271361
271362
271363
271364
271365
271366
271367
271368
271369
271370
271371
271372
271373
271374
271375
271376
271377
271378
271379
271380
271381
271382
271383
271384
271385
271386
271387
271388
271389
271390
271391
271392
271393
271394
271395
271396
271397
271398
271399
271400
271401
271402
271403
271404
271405
271406
271407
271408
271409
271410
271411
271412
271413
271414
271415
271416
271417
271418
271419
271420
271421
271422
271423
271424
271425
271426
271427
271428
271429
271430
271431
271432
271433
271434
271435
271436
271437
271438
271439
271440
271441
271442
271443
271444
271445
271446
271447
271448
271449
271450
271451
271452
271453
271454
271455
271456
271457
271458
271459
271460
271461
271462
271463
271464
271465
271466
271467
271468
271469
271470
271471
271472
271473
271474
271475
271476
271477
271478
271479
271480
271481
271482
271483
271484
271485
271486
271487
271488
271489
271490
271491
271492
271493
271494
271495
271496
271497
271498
271499
271500
271501
271502
271503
271504
271505
271506
271507
271508
271509
271510
271511
271512
271513
271514
271515
271516
271517
271518
271519
271520
271521
271522
271523
271524
271525
271526
271527
271528
271529
271530
271531
271532
271533
271534
271535
271536
271537
271538
271539
271540
271541
271542
271543
271544
271545
271546
271547
271548
271549
271550
271551
271552
271553
271554
271555
271556
271557
271558
271559
271560
271561
271562
271563
271564
271565
271566
271567
271568
271569
271570
271571
271572
271573
271574
271575
271576
271577
271578
271579
271580
271581
271582
271583
271584
271585
271586
271587
271588
271589
271590
271591
271592
271593
271594
271595
271596
271597
271598
271599
271600
271601
271602
271603
271604
271605
271606
271607
271608
271609
271610
271611
271612
271613
271614
271615
271616
271617
271618
271619
271620
271621
271622
271623
271624
271625
271626
271627
271628
271629
271630
271631
271632
271633
271634
271635
271636
271637
271638
271639
271640
271641
271642
271643
271644
271645
271646
271647
271648
271649
271650
271651
271652
271653
271654
271655
271656
271657
271658
271659
271660
271661
271662
271663
271664
271665
271666
271667
271668
271669
271670
271671
271672
271673
271674
271675
271676
271677
271678
271679
271680
271681
271682
271683
271684
271685
271686
271687
271688
271689
271690
271691
271692
271693
271694
271695
271696
271697
271698
271699
271700
271701
271702
271703
271704
271705
271706
271707
271708
271709
271710
271711
271712
271713
271714
271715
271716
271717
271718
271719
271720
271721
271722
271723
271724
271725
271726
271727
271728
271729
271730
271731
271732
271733
271734
271735
271736
271737
271738
271739
271740
271741
271742
271743
271744
271745
271746
271747
271748
271749
271750
271751
271752
271753
271754
271755
271756
271757
271758
271759
271760
271761
271762
271763
271764
271765
271766
271767
271768
271769
271770
271771
271772
271773
271774
271775
271776
271777
271778
271779
271780
271781
271782
271783
271784
271785
271786
271787
271788
271789
271790
271791
271792
271793
271794
271795
271796
271797
271798
271799
271800
271801
271802
271803
271804
271805
271806
271807
271808
271809
271810
271811
271812
271813
271814
271815
271816
271817
271818
271819
271820
271821
271822
271823
271824
271825
271826
271827
271828
271829
271830
271831
271832
271833
271834
271835
271836
271837
271838
271839
271840
271841
271842
271843
271844
271845
271846
271847
271848
271849
271850
350151
350152
350153
350154
350155
350156
350157
350158
350159
350160
350161
350162
350163
350164
350165
350166
350167
350168
350169
350170
350171
350172
350173
350174
350175
350176
350177
350178
350179
350180
350181
350182
350183
350184
350185
350186
350187
350188
350189
350190
350191
350192
350193
350194
350195
350196
350197
350198
350199
350200
-10100
-10200
-10300
-10400
-10500
-10600
-10700
-10800
-10900
-11000
-11100
-11200
-11300
-11400
-11500
-11600
-11700
-11800
-11900
-12000
-12100
-12200
-12300
-12400
-12500
-12600
-12700
-12800
-12900
-13000
-13100
-13200
-13300
-13400
-13500
-13600
-13700
-13800
-13900
-14000
-14100
-14200
-14300
-14400
-14500
-14600
-14700
-14800
-14900
-14999
19853
19855
19857
19859
19861
19863
19865
19867
19869
19871
19873
19875
19877
19879
19881
19883
19885
19887
19889
19891
19893
19895
19897
19899
19901
19903
19905
19907
19909
19911
19913
19915
19917
19919
19921
19923
19925
19927
19929
19931
19933
19935
19937
19939
19941
19943
19945
19947
19949
19950
)


// ************************************************************************* //
