/*--------------------------------*- C++ -*----------------------------------*\
| =========                 |                                                 |
| \\      /  F ield         | OpenFOAM: The Open Source CFD Toolbox           |
|  \\    /   O peration     | Version:  v1906                                 |
|   \\  /    A nd           | Web:      www.OpenFOAM.com                      |
|    \\/     M anipulation  |                                                 |
\*---------------------------------------------------------------------------*/
FoamFile
{
    version     2.0;
    format      ascii;
    class       labelList;
    location    "constant/pps21/polyMesh";
    object      faceRegionAddressing;
}
// * * * * * * * * * * * * * * * * * * * * * * * * * * * * * * * * * * * * * //


10100
(
104751
104752
104753
104754
104755
104756
104757
104758
104759
104760
104761
104762
104763
104764
104765
104766
104767
104768
104769
104770
104771
104772
104773
104774
104775
104776
104777
104778
104779
104780
104781
104782
104783
104784
104785
104786
104787
104788
104789
104790
104791
104792
104793
104794
104795
104796
104797
104798
104799
104800
104801
104802
104803
104804
104805
104806
104807
104808
104809
104810
104811
104812
104813
104814
104815
104816
104817
104818
104819
104820
104821
104822
104823
104824
104825
104826
104827
104828
104829
104830
104831
104832
104833
104834
104835
104836
104837
104838
104839
104840
104841
104842
104843
104844
104845
104846
104847
104848
104849
104851
104852
104853
104854
104855
104856
104857
104858
104859
104860
104861
104862
104863
104864
104865
104866
104867
104868
104869
104870
104871
104872
104873
104874
104875
104876
104877
104878
104879
104880
104881
104882
104883
104884
104885
104886
104887
104888
104889
104890
104891
104892
104893
104894
104895
104896
104897
104898
104899
104900
104901
104902
104903
104904
104905
104906
104907
104908
104909
104910
104911
104912
104913
104914
104915
104916
104917
104918
104919
104920
104921
104922
104923
104924
104925
104926
104927
104928
104929
104930
104931
104932
104933
104934
104935
104936
104937
104938
104939
104940
104941
104942
104943
104944
104945
104946
104947
104948
104949
104951
104952
104953
104954
104955
104956
104957
104958
104959
104960
104961
104962
104963
104964
104965
104966
104967
104968
104969
104970
104971
104972
104973
104974
104975
104976
104977
104978
104979
104980
104981
104982
104983
104984
104985
104986
104987
104988
104989
104990
104991
104992
104993
104994
104995
104996
104997
104998
104999
105000
105001
105002
105003
105004
105005
105006
105007
105008
105009
105010
105011
105012
105013
105014
105015
105016
105017
105018
105019
105020
105021
105022
105023
105024
105025
105026
105027
105028
105029
105030
105031
105032
105033
105034
105035
105036
105037
105038
105039
105040
105041
105042
105043
105044
105045
105046
105047
105048
105049
105051
105052
105053
105054
105055
105056
105057
105058
105059
105060
105061
105062
105063
105064
105065
105066
105067
105068
105069
105070
105071
105072
105073
105074
105075
105076
105077
105078
105079
105080
105081
105082
105083
105084
105085
105086
105087
105088
105089
105090
105091
105092
105093
105094
105095
105096
105097
105098
105099
105100
105101
105102
105103
105104
105105
105106
105107
105108
105109
105110
105111
105112
105113
105114
105115
105116
105117
105118
105119
105120
105121
105122
105123
105124
105125
105126
105127
105128
105129
105130
105131
105132
105133
105134
105135
105136
105137
105138
105139
105140
105141
105142
105143
105144
105145
105146
105147
105148
105149
105151
105152
105153
105154
105155
105156
105157
105158
105159
105160
105161
105162
105163
105164
105165
105166
105167
105168
105169
105170
105171
105172
105173
105174
105175
105176
105177
105178
105179
105180
105181
105182
105183
105184
105185
105186
105187
105188
105189
105190
105191
105192
105193
105194
105195
105196
105197
105198
105199
105200
105201
105202
105203
105204
105205
105206
105207
105208
105209
105210
105211
105212
105213
105214
105215
105216
105217
105218
105219
105220
105221
105222
105223
105224
105225
105226
105227
105228
105229
105230
105231
105232
105233
105234
105235
105236
105237
105238
105239
105240
105241
105242
105243
105244
105245
105246
105247
105248
105249
105251
105252
105253
105254
105255
105256
105257
105258
105259
105260
105261
105262
105263
105264
105265
105266
105267
105268
105269
105270
105271
105272
105273
105274
105275
105276
105277
105278
105279
105280
105281
105282
105283
105284
105285
105286
105287
105288
105289
105290
105291
105292
105293
105294
105295
105296
105297
105298
105299
105300
105301
105302
105303
105304
105305
105306
105307
105308
105309
105310
105311
105312
105313
105314
105315
105316
105317
105318
105319
105320
105321
105322
105323
105324
105325
105326
105327
105328
105329
105330
105331
105332
105333
105334
105335
105336
105337
105338
105339
105340
105341
105342
105343
105344
105345
105346
105347
105348
105349
105351
105352
105353
105354
105355
105356
105357
105358
105359
105360
105361
105362
105363
105364
105365
105366
105367
105368
105369
105370
105371
105372
105373
105374
105375
105376
105377
105378
105379
105380
105381
105382
105383
105384
105385
105386
105387
105388
105389
105390
105391
105392
105393
105394
105395
105396
105397
105398
105399
105400
105401
105402
105403
105404
105405
105406
105407
105408
105409
105410
105411
105412
105413
105414
105415
105416
105417
105418
105419
105420
105421
105422
105423
105424
105425
105426
105427
105428
105429
105430
105431
105432
105433
105434
105435
105436
105437
105438
105439
105440
105441
105442
105443
105444
105445
105446
105447
105448
105449
105451
105452
105453
105454
105455
105456
105457
105458
105459
105460
105461
105462
105463
105464
105465
105466
105467
105468
105469
105470
105471
105472
105473
105474
105475
105476
105477
105478
105479
105480
105481
105482
105483
105484
105485
105486
105487
105488
105489
105490
105491
105492
105493
105494
105495
105496
105497
105498
105499
105500
105501
105502
105503
105504
105505
105506
105507
105508
105509
105510
105511
105512
105513
105514
105515
105516
105517
105518
105519
105520
105521
105522
105523
105524
105525
105526
105527
105528
105529
105530
105531
105532
105533
105534
105535
105536
105537
105538
105539
105540
105541
105542
105543
105544
105545
105546
105547
105548
105549
105551
105552
105553
105554
105555
105556
105557
105558
105559
105560
105561
105562
105563
105564
105565
105566
105567
105568
105569
105570
105571
105572
105573
105574
105575
105576
105577
105578
105579
105580
105581
105582
105583
105584
105585
105586
105587
105588
105589
105590
105591
105592
105593
105594
105595
105596
105597
105598
105599
105600
105601
105602
105603
105604
105605
105606
105607
105608
105609
105610
105611
105612
105613
105614
105615
105616
105617
105618
105619
105620
105621
105622
105623
105624
105625
105626
105627
105628
105629
105630
105631
105632
105633
105634
105635
105636
105637
105638
105639
105640
105641
105642
105643
105644
105645
105646
105647
105648
105649
105651
105652
105653
105654
105655
105656
105657
105658
105659
105660
105661
105662
105663
105664
105665
105666
105667
105668
105669
105670
105671
105672
105673
105674
105675
105676
105677
105678
105679
105680
105681
105682
105683
105684
105685
105686
105687
105688
105689
105690
105691
105692
105693
105694
105695
105696
105697
105698
105699
105700
105701
105702
105703
105704
105705
105706
105707
105708
105709
105710
105711
105712
105713
105714
105715
105716
105717
105718
105719
105720
105721
105722
105723
105724
105725
105726
105727
105728
105729
105730
105731
105732
105733
105734
105735
105736
105737
105738
105739
105740
105741
105742
105743
105744
105745
105746
105747
105748
105749
105751
105752
105753
105754
105755
105756
105757
105758
105759
105760
105761
105762
105763
105764
105765
105766
105767
105768
105769
105770
105771
105772
105773
105774
105775
105776
105777
105778
105779
105780
105781
105782
105783
105784
105785
105786
105787
105788
105789
105790
105791
105792
105793
105794
105795
105796
105797
105798
105799
105800
105801
105802
105803
105804
105805
105806
105807
105808
105809
105810
105811
105812
105813
105814
105815
105816
105817
105818
105819
105820
105821
105822
105823
105824
105825
105826
105827
105828
105829
105830
105831
105832
105833
105834
105835
105836
105837
105838
105839
105840
105841
105842
105843
105844
105845
105846
105847
105848
105849
105851
105852
105853
105854
105855
105856
105857
105858
105859
105860
105861
105862
105863
105864
105865
105866
105867
105868
105869
105870
105871
105872
105873
105874
105875
105876
105877
105878
105879
105880
105881
105882
105883
105884
105885
105886
105887
105888
105889
105890
105891
105892
105893
105894
105895
105896
105897
105898
105899
105900
105901
105902
105903
105904
105905
105906
105907
105908
105909
105910
105911
105912
105913
105914
105915
105916
105917
105918
105919
105920
105921
105922
105923
105924
105925
105926
105927
105928
105929
105930
105931
105932
105933
105934
105935
105936
105937
105938
105939
105940
105941
105942
105943
105944
105945
105946
105947
105948
105949
105951
105952
105953
105954
105955
105956
105957
105958
105959
105960
105961
105962
105963
105964
105965
105966
105967
105968
105969
105970
105971
105972
105973
105974
105975
105976
105977
105978
105979
105980
105981
105982
105983
105984
105985
105986
105987
105988
105989
105990
105991
105992
105993
105994
105995
105996
105997
105998
105999
106000
106001
106002
106003
106004
106005
106006
106007
106008
106009
106010
106011
106012
106013
106014
106015
106016
106017
106018
106019
106020
106021
106022
106023
106024
106025
106026
106027
106028
106029
106030
106031
106032
106033
106034
106035
106036
106037
106038
106039
106040
106041
106042
106043
106044
106045
106046
106047
106048
106049
106051
106052
106053
106054
106055
106056
106057
106058
106059
106060
106061
106062
106063
106064
106065
106066
106067
106068
106069
106070
106071
106072
106073
106074
106075
106076
106077
106078
106079
106080
106081
106082
106083
106084
106085
106086
106087
106088
106089
106090
106091
106092
106093
106094
106095
106096
106097
106098
106099
106100
106101
106102
106103
106104
106105
106106
106107
106108
106109
106110
106111
106112
106113
106114
106115
106116
106117
106118
106119
106120
106121
106122
106123
106124
106125
106126
106127
106128
106129
106130
106131
106132
106133
106134
106135
106136
106137
106138
106139
106140
106141
106142
106143
106144
106145
106146
106147
106148
106149
106151
106152
106153
106154
106155
106156
106157
106158
106159
106160
106161
106162
106163
106164
106165
106166
106167
106168
106169
106170
106171
106172
106173
106174
106175
106176
106177
106178
106179
106180
106181
106182
106183
106184
106185
106186
106187
106188
106189
106190
106191
106192
106193
106194
106195
106196
106197
106198
106199
106200
106201
106202
106203
106204
106205
106206
106207
106208
106209
106210
106211
106212
106213
106214
106215
106216
106217
106218
106219
106220
106221
106222
106223
106224
106225
106226
106227
106228
106229
106230
106231
106232
106233
106234
106235
106236
106237
106238
106239
106240
106241
106242
106243
106244
106245
106246
106247
106248
106249
106251
106252
106253
106254
106255
106256
106257
106258
106259
106260
106261
106262
106263
106264
106265
106266
106267
106268
106269
106270
106271
106272
106273
106274
106275
106276
106277
106278
106279
106280
106281
106282
106283
106284
106285
106286
106287
106288
106289
106290
106291
106292
106293
106294
106295
106296
106297
106298
106299
106300
106301
106302
106303
106304
106305
106306
106307
106308
106309
106310
106311
106312
106313
106314
106315
106316
106317
106318
106319
106320
106321
106322
106323
106324
106325
106326
106327
106328
106329
106330
106331
106332
106333
106334
106335
106336
106337
106338
106339
106340
106341
106342
106343
106344
106345
106346
106347
106348
106349
106351
106352
106353
106354
106355
106356
106357
106358
106359
106360
106361
106362
106363
106364
106365
106366
106367
106368
106369
106370
106371
106372
106373
106374
106375
106376
106377
106378
106379
106380
106381
106382
106383
106384
106385
106386
106387
106388
106389
106390
106391
106392
106393
106394
106395
106396
106397
106398
106399
106400
106401
106402
106403
106404
106405
106406
106407
106408
106409
106410
106411
106412
106413
106414
106415
106416
106417
106418
106419
106420
106421
106422
106423
106424
106425
106426
106427
106428
106429
106430
106431
106432
106433
106434
106435
106436
106437
106438
106439
106440
106441
106442
106443
106444
106445
106446
106447
106448
106449
106451
106452
106453
106454
106455
106456
106457
106458
106459
106460
106461
106462
106463
106464
106465
106466
106467
106468
106469
106470
106471
106472
106473
106474
106475
106476
106477
106478
106479
106480
106481
106482
106483
106484
106485
106486
106487
106488
106489
106490
106491
106492
106493
106494
106495
106496
106497
106498
106499
106500
106501
106502
106503
106504
106505
106506
106507
106508
106509
106510
106511
106512
106513
106514
106515
106516
106517
106518
106519
106520
106521
106522
106523
106524
106525
106526
106527
106528
106529
106530
106531
106532
106533
106534
106535
106536
106537
106538
106539
106540
106541
106542
106543
106544
106545
106546
106547
106548
106549
106551
106552
106553
106554
106555
106556
106557
106558
106559
106560
106561
106562
106563
106564
106565
106566
106567
106568
106569
106570
106571
106572
106573
106574
106575
106576
106577
106578
106579
106580
106581
106582
106583
106584
106585
106586
106587
106588
106589
106590
106591
106592
106593
106594
106595
106596
106597
106598
106599
106600
106601
106602
106603
106604
106605
106606
106607
106608
106609
106610
106611
106612
106613
106614
106615
106616
106617
106618
106619
106620
106621
106622
106623
106624
106625
106626
106627
106628
106629
106630
106631
106632
106633
106634
106635
106636
106637
106638
106639
106640
106641
106642
106643
106644
106645
106646
106647
106648
106649
106651
106652
106653
106654
106655
106656
106657
106658
106659
106660
106661
106662
106663
106664
106665
106666
106667
106668
106669
106670
106671
106672
106673
106674
106675
106676
106677
106678
106679
106680
106681
106682
106683
106684
106685
106686
106687
106688
106689
106690
106691
106692
106693
106694
106695
106696
106697
106698
106699
106700
106701
106702
106703
106704
106705
106706
106707
106708
106709
106710
106711
106712
106713
106714
106715
106716
106717
106718
106719
106720
106721
106722
106723
106724
106725
106726
106727
106728
106729
106730
106731
106732
106733
106734
106735
106736
106737
106738
106739
106740
106741
106742
106743
106744
106745
106746
106747
106748
106749
106751
106752
106753
106754
106755
106756
106757
106758
106759
106760
106761
106762
106763
106764
106765
106766
106767
106768
106769
106770
106771
106772
106773
106774
106775
106776
106777
106778
106779
106780
106781
106782
106783
106784
106785
106786
106787
106788
106789
106790
106791
106792
106793
106794
106795
106796
106797
106798
106799
106800
106801
106802
106803
106804
106805
106806
106807
106808
106809
106810
106811
106812
106813
106814
106815
106816
106817
106818
106819
106820
106821
106822
106823
106824
106825
106826
106827
106828
106829
106830
106831
106832
106833
106834
106835
106836
106837
106838
106839
106840
106841
106842
106843
106844
106845
106846
106847
106848
106849
106851
106852
106853
106854
106855
106856
106857
106858
106859
106860
106861
106862
106863
106864
106865
106866
106867
106868
106869
106870
106871
106872
106873
106874
106875
106876
106877
106878
106879
106880
106881
106882
106883
106884
106885
106886
106887
106888
106889
106890
106891
106892
106893
106894
106895
106896
106897
106898
106899
106900
106901
106902
106903
106904
106905
106906
106907
106908
106909
106910
106911
106912
106913
106914
106915
106916
106917
106918
106919
106920
106921
106922
106923
106924
106925
106926
106927
106928
106929
106930
106931
106932
106933
106934
106935
106936
106937
106938
106939
106940
106941
106942
106943
106944
106945
106946
106947
106948
106949
106951
106952
106953
106954
106955
106956
106957
106958
106959
106960
106961
106962
106963
106964
106965
106966
106967
106968
106969
106970
106971
106972
106973
106974
106975
106976
106977
106978
106979
106980
106981
106982
106983
106984
106985
106986
106987
106988
106989
106990
106991
106992
106993
106994
106995
106996
106997
106998
106999
107000
107001
107002
107003
107004
107005
107006
107007
107008
107009
107010
107011
107012
107013
107014
107015
107016
107017
107018
107019
107020
107021
107022
107023
107024
107025
107026
107027
107028
107029
107030
107031
107032
107033
107034
107035
107036
107037
107038
107039
107040
107041
107042
107043
107044
107045
107046
107047
107048
107049
107051
107052
107053
107054
107055
107056
107057
107058
107059
107060
107061
107062
107063
107064
107065
107066
107067
107068
107069
107070
107071
107072
107073
107074
107075
107076
107077
107078
107079
107080
107081
107082
107083
107084
107085
107086
107087
107088
107089
107090
107091
107092
107093
107094
107095
107096
107097
107098
107099
107100
107101
107102
107103
107104
107105
107106
107107
107108
107109
107110
107111
107112
107113
107114
107115
107116
107117
107118
107119
107120
107121
107122
107123
107124
107125
107126
107127
107128
107129
107130
107131
107132
107133
107134
107135
107136
107137
107138
107139
107140
107141
107142
107143
107144
107145
107146
107147
107148
107149
107151
107152
107153
107154
107155
107156
107157
107158
107159
107160
107161
107162
107163
107164
107165
107166
107167
107168
107169
107170
107171
107172
107173
107174
107175
107176
107177
107178
107179
107180
107181
107182
107183
107184
107185
107186
107187
107188
107189
107190
107191
107192
107193
107194
107195
107196
107197
107198
107199
107200
107201
107202
107203
107204
107205
107206
107207
107208
107209
107210
107211
107212
107213
107214
107215
107216
107217
107218
107219
107220
107221
107222
107223
107224
107225
107226
107227
107228
107229
107230
107231
107232
107233
107234
107235
107236
107237
107238
107239
107240
107241
107242
107243
107244
107245
107246
107247
107248
107249
107251
107252
107253
107254
107255
107256
107257
107258
107259
107260
107261
107262
107263
107264
107265
107266
107267
107268
107269
107270
107271
107272
107273
107274
107275
107276
107277
107278
107279
107280
107281
107282
107283
107284
107285
107286
107287
107288
107289
107290
107291
107292
107293
107294
107295
107296
107297
107298
107299
107300
107301
107302
107303
107304
107305
107306
107307
107308
107309
107310
107311
107312
107313
107314
107315
107316
107317
107318
107319
107320
107321
107322
107323
107324
107325
107326
107327
107328
107329
107330
107331
107332
107333
107334
107335
107336
107337
107338
107339
107340
107341
107342
107343
107344
107345
107346
107347
107348
107349
107351
107352
107353
107354
107355
107356
107357
107358
107359
107360
107361
107362
107363
107364
107365
107366
107367
107368
107369
107370
107371
107372
107373
107374
107375
107376
107377
107378
107379
107380
107381
107382
107383
107384
107385
107386
107387
107388
107389
107390
107391
107392
107393
107394
107395
107396
107397
107398
107399
107400
107401
107402
107403
107404
107405
107406
107407
107408
107409
107410
107411
107412
107413
107414
107415
107416
107417
107418
107419
107420
107421
107422
107423
107424
107425
107426
107427
107428
107429
107430
107431
107432
107433
107434
107435
107436
107437
107438
107439
107440
107441
107442
107443
107444
107445
107446
107447
107448
107449
107451
107452
107453
107454
107455
107456
107457
107458
107459
107460
107461
107462
107463
107464
107465
107466
107467
107468
107469
107470
107471
107472
107473
107474
107475
107476
107477
107478
107479
107480
107481
107482
107483
107484
107485
107486
107487
107488
107489
107490
107491
107492
107493
107494
107495
107496
107497
107498
107499
107500
107501
107502
107503
107504
107505
107506
107507
107508
107509
107510
107511
107512
107513
107514
107515
107516
107517
107518
107519
107520
107521
107522
107523
107524
107525
107526
107527
107528
107529
107530
107531
107532
107533
107534
107535
107536
107537
107538
107539
107540
107541
107542
107543
107544
107545
107546
107547
107548
107549
107551
107552
107553
107554
107555
107556
107557
107558
107559
107560
107561
107562
107563
107564
107565
107566
107567
107568
107569
107570
107571
107572
107573
107574
107575
107576
107577
107578
107579
107580
107581
107582
107583
107584
107585
107586
107587
107588
107589
107590
107591
107592
107593
107594
107595
107596
107597
107598
107599
107600
107601
107602
107603
107604
107605
107606
107607
107608
107609
107610
107611
107612
107613
107614
107615
107616
107617
107618
107619
107620
107621
107622
107623
107624
107625
107626
107627
107628
107629
107630
107631
107632
107633
107634
107635
107636
107637
107638
107639
107640
107641
107642
107643
107644
107645
107646
107647
107648
107649
107651
107652
107653
107654
107655
107656
107657
107658
107659
107660
107661
107662
107663
107664
107665
107666
107667
107668
107669
107670
107671
107672
107673
107674
107675
107676
107677
107678
107679
107680
107681
107682
107683
107684
107685
107686
107687
107688
107689
107690
107691
107692
107693
107694
107695
107696
107697
107698
107699
107700
107701
107702
107703
107704
107705
107706
107707
107708
107709
107710
107711
107712
107713
107714
107715
107716
107717
107718
107719
107720
107721
107722
107723
107724
107725
107726
107727
107728
107729
107730
107731
107732
107733
107734
107735
107736
107737
107738
107739
107740
107741
107742
107743
107744
107745
107746
107747
107748
107749
107751
107752
107753
107754
107755
107756
107757
107758
107759
107760
107761
107762
107763
107764
107765
107766
107767
107768
107769
107770
107771
107772
107773
107774
107775
107776
107777
107778
107779
107780
107781
107782
107783
107784
107785
107786
107787
107788
107789
107790
107791
107792
107793
107794
107795
107796
107797
107798
107799
107800
107801
107802
107803
107804
107805
107806
107807
107808
107809
107810
107811
107812
107813
107814
107815
107816
107817
107818
107819
107820
107821
107822
107823
107824
107825
107826
107827
107828
107829
107830
107831
107832
107833
107834
107835
107836
107837
107838
107839
107840
107841
107842
107843
107844
107845
107846
107847
107848
107849
107851
107852
107853
107854
107855
107856
107857
107858
107859
107860
107861
107862
107863
107864
107865
107866
107867
107868
107869
107870
107871
107872
107873
107874
107875
107876
107877
107878
107879
107880
107881
107882
107883
107884
107885
107886
107887
107888
107889
107890
107891
107892
107893
107894
107895
107896
107897
107898
107899
107900
107901
107902
107903
107904
107905
107906
107907
107908
107909
107910
107911
107912
107913
107914
107915
107916
107917
107918
107919
107920
107921
107922
107923
107924
107925
107926
107927
107928
107929
107930
107931
107932
107933
107934
107935
107936
107937
107938
107939
107940
107941
107942
107943
107944
107945
107946
107947
107948
107949
107951
107952
107953
107954
107955
107956
107957
107958
107959
107960
107961
107962
107963
107964
107965
107966
107967
107968
107969
107970
107971
107972
107973
107974
107975
107976
107977
107978
107979
107980
107981
107982
107983
107984
107985
107986
107987
107988
107989
107990
107991
107992
107993
107994
107995
107996
107997
107998
107999
108000
108001
108002
108003
108004
108005
108006
108007
108008
108009
108010
108011
108012
108013
108014
108015
108016
108017
108018
108019
108020
108021
108022
108023
108024
108025
108026
108027
108028
108029
108030
108031
108032
108033
108034
108035
108036
108037
108038
108039
108040
108041
108042
108043
108044
108045
108046
108047
108048
108049
108051
108052
108053
108054
108055
108056
108057
108058
108059
108060
108061
108062
108063
108064
108065
108066
108067
108068
108069
108070
108071
108072
108073
108074
108075
108076
108077
108078
108079
108080
108081
108082
108083
108084
108085
108086
108087
108088
108089
108090
108091
108092
108093
108094
108095
108096
108097
108098
108099
108100
108101
108102
108103
108104
108105
108106
108107
108108
108109
108110
108111
108112
108113
108114
108115
108116
108117
108118
108119
108120
108121
108122
108123
108124
108125
108126
108127
108128
108129
108130
108131
108132
108133
108134
108135
108136
108137
108138
108139
108140
108141
108142
108143
108144
108145
108146
108147
108148
108149
108151
108152
108153
108154
108155
108156
108157
108158
108159
108160
108161
108162
108163
108164
108165
108166
108167
108168
108169
108170
108171
108172
108173
108174
108175
108176
108177
108178
108179
108180
108181
108182
108183
108184
108185
108186
108187
108188
108189
108190
108191
108192
108193
108194
108195
108196
108197
108198
108199
108200
108201
108202
108203
108204
108205
108206
108207
108208
108209
108210
108211
108212
108213
108214
108215
108216
108217
108218
108219
108220
108221
108222
108223
108224
108225
108226
108227
108228
108229
108230
108231
108232
108233
108234
108235
108236
108237
108238
108239
108240
108241
108242
108243
108244
108245
108246
108247
108248
108249
108251
108252
108253
108254
108255
108256
108257
108258
108259
108260
108261
108262
108263
108264
108265
108266
108267
108268
108269
108270
108271
108272
108273
108274
108275
108276
108277
108278
108279
108280
108281
108282
108283
108284
108285
108286
108287
108288
108289
108290
108291
108292
108293
108294
108295
108296
108297
108298
108299
108300
108301
108302
108303
108304
108305
108306
108307
108308
108309
108310
108311
108312
108313
108314
108315
108316
108317
108318
108319
108320
108321
108322
108323
108324
108325
108326
108327
108328
108329
108330
108331
108332
108333
108334
108335
108336
108337
108338
108339
108340
108341
108342
108343
108344
108345
108346
108347
108348
108349
108351
108352
108353
108354
108355
108356
108357
108358
108359
108360
108361
108362
108363
108364
108365
108366
108367
108368
108369
108370
108371
108372
108373
108374
108375
108376
108377
108378
108379
108380
108381
108382
108383
108384
108385
108386
108387
108388
108389
108390
108391
108392
108393
108394
108395
108396
108397
108398
108399
108400
108401
108402
108403
108404
108405
108406
108407
108408
108409
108410
108411
108412
108413
108414
108415
108416
108417
108418
108419
108420
108421
108422
108423
108424
108425
108426
108427
108428
108429
108430
108431
108432
108433
108434
108435
108436
108437
108438
108439
108440
108441
108442
108443
108444
108445
108446
108447
108448
108449
108451
108452
108453
108454
108455
108456
108457
108458
108459
108460
108461
108462
108463
108464
108465
108466
108467
108468
108469
108470
108471
108472
108473
108474
108475
108476
108477
108478
108479
108480
108481
108482
108483
108484
108485
108486
108487
108488
108489
108490
108491
108492
108493
108494
108495
108496
108497
108498
108499
108500
108501
108502
108503
108504
108505
108506
108507
108508
108509
108510
108511
108512
108513
108514
108515
108516
108517
108518
108519
108520
108521
108522
108523
108524
108525
108526
108527
108528
108529
108530
108531
108532
108533
108534
108535
108536
108537
108538
108539
108540
108541
108542
108543
108544
108545
108546
108547
108548
108549
108551
108552
108553
108554
108555
108556
108557
108558
108559
108560
108561
108562
108563
108564
108565
108566
108567
108568
108569
108570
108571
108572
108573
108574
108575
108576
108577
108578
108579
108580
108581
108582
108583
108584
108585
108586
108587
108588
108589
108590
108591
108592
108593
108594
108595
108596
108597
108598
108599
108600
108601
108602
108603
108604
108605
108606
108607
108608
108609
108610
108611
108612
108613
108614
108615
108616
108617
108618
108619
108620
108621
108622
108623
108624
108625
108626
108627
108628
108629
108630
108631
108632
108633
108634
108635
108636
108637
108638
108639
108640
108641
108642
108643
108644
108645
108646
108647
108648
108649
108651
108652
108653
108654
108655
108656
108657
108658
108659
108660
108661
108662
108663
108664
108665
108666
108667
108668
108669
108670
108671
108672
108673
108674
108675
108676
108677
108678
108679
108680
108681
108682
108683
108684
108685
108686
108687
108688
108689
108690
108691
108692
108693
108694
108695
108696
108697
108698
108699
108700
108701
108702
108703
108704
108705
108706
108707
108708
108709
108710
108711
108712
108713
108714
108715
108716
108717
108718
108719
108720
108721
108722
108723
108724
108725
108726
108727
108728
108729
108730
108731
108732
108733
108734
108735
108736
108737
108738
108739
108740
108741
108742
108743
108744
108745
108746
108747
108748
108749
108751
108752
108753
108754
108755
108756
108757
108758
108759
108760
108761
108762
108763
108764
108765
108766
108767
108768
108769
108770
108771
108772
108773
108774
108775
108776
108777
108778
108779
108780
108781
108782
108783
108784
108785
108786
108787
108788
108789
108790
108791
108792
108793
108794
108795
108796
108797
108798
108799
108800
108801
108802
108803
108804
108805
108806
108807
108808
108809
108810
108811
108812
108813
108814
108815
108816
108817
108818
108819
108820
108821
108822
108823
108824
108825
108826
108827
108828
108829
108830
108831
108832
108833
108834
108835
108836
108837
108838
108839
108840
108841
108842
108843
108844
108845
108846
108847
108848
108849
108851
108852
108853
108854
108855
108856
108857
108858
108859
108860
108861
108862
108863
108864
108865
108866
108867
108868
108869
108870
108871
108872
108873
108874
108875
108876
108877
108878
108879
108880
108881
108882
108883
108884
108885
108886
108887
108888
108889
108890
108891
108892
108893
108894
108895
108896
108897
108898
108899
108900
108901
108902
108903
108904
108905
108906
108907
108908
108909
108910
108911
108912
108913
108914
108915
108916
108917
108918
108919
108920
108921
108922
108923
108924
108925
108926
108927
108928
108929
108930
108931
108932
108933
108934
108935
108936
108937
108938
108939
108940
108941
108942
108943
108944
108945
108946
108947
108948
108949
108951
108952
108953
108954
108955
108956
108957
108958
108959
108960
108961
108962
108963
108964
108965
108966
108967
108968
108969
108970
108971
108972
108973
108974
108975
108976
108977
108978
108979
108980
108981
108982
108983
108984
108985
108986
108987
108988
108989
108990
108991
108992
108993
108994
108995
108996
108997
108998
108999
109000
109001
109002
109003
109004
109005
109006
109007
109008
109009
109010
109011
109012
109013
109014
109015
109016
109017
109018
109019
109020
109021
109022
109023
109024
109025
109026
109027
109028
109029
109030
109031
109032
109033
109034
109035
109036
109037
109038
109039
109040
109041
109042
109043
109044
109045
109046
109047
109048
109049
109051
109052
109053
109054
109055
109056
109057
109058
109059
109060
109061
109062
109063
109064
109065
109066
109067
109068
109069
109070
109071
109072
109073
109074
109075
109076
109077
109078
109079
109080
109081
109082
109083
109084
109085
109086
109087
109088
109089
109090
109091
109092
109093
109094
109095
109096
109097
109098
109099
109100
109101
109102
109103
109104
109105
109106
109107
109108
109109
109110
109111
109112
109113
109114
109115
109116
109117
109118
109119
109120
109121
109122
109123
109124
109125
109126
109127
109128
109129
109130
109131
109132
109133
109134
109135
109136
109137
109138
109139
109140
109141
109142
109143
109144
109145
109146
109147
109148
109149
109151
109152
109153
109154
109155
109156
109157
109158
109159
109160
109161
109162
109163
109164
109165
109166
109167
109168
109169
109170
109171
109172
109173
109174
109175
109176
109177
109178
109179
109180
109181
109182
109183
109184
109185
109186
109187
109188
109189
109190
109191
109192
109193
109194
109195
109196
109197
109198
109199
109200
109201
109202
109203
109204
109205
109206
109207
109208
109209
109210
109211
109212
109213
109214
109215
109216
109217
109218
109219
109220
109221
109222
109223
109224
109225
109226
109227
109228
109229
109230
109231
109232
109233
109234
109235
109236
109237
109238
109239
109240
109241
109242
109243
109244
109245
109246
109247
109248
109249
109251
109252
109253
109254
109255
109256
109257
109258
109259
109260
109261
109262
109263
109264
109265
109266
109267
109268
109269
109270
109271
109272
109273
109274
109275
109276
109277
109278
109279
109280
109281
109282
109283
109284
109285
109286
109287
109288
109289
109290
109291
109292
109293
109294
109295
109296
109297
109298
109299
109300
109301
109302
109303
109304
109305
109306
109307
109308
109309
109310
109311
109312
109313
109314
109315
109316
109317
109318
109319
109320
109321
109322
109323
109324
109325
109326
109327
109328
109329
109330
109331
109332
109333
109334
109335
109336
109337
109338
109339
109340
109341
109342
109343
109344
109345
109346
109347
109348
109349
109351
109352
109353
109354
109355
109356
109357
109358
109359
109360
109361
109362
109363
109364
109365
109366
109367
109368
109369
109370
109371
109372
109373
109374
109375
109376
109377
109378
109379
109380
109381
109382
109383
109384
109385
109386
109387
109388
109389
109390
109391
109392
109393
109394
109395
109396
109397
109398
109399
109400
109401
109402
109403
109404
109405
109406
109407
109408
109409
109410
109411
109412
109413
109414
109415
109416
109417
109418
109419
109420
109421
109422
109423
109424
109425
109426
109427
109428
109429
109430
109431
109432
109433
109434
109435
109436
109437
109438
109439
109440
109441
109442
109443
109444
109445
109446
109447
109448
109449
109451
109452
109453
109454
109455
109456
109457
109458
109459
109460
109461
109462
109463
109464
109465
109466
109467
109468
109469
109470
109471
109472
109473
109474
109475
109476
109477
109478
109479
109480
109481
109482
109483
109484
109485
109486
109487
109488
109489
109490
109491
109492
109493
109494
109495
109496
109497
109498
109499
109500
109501
109502
109503
109504
109505
109506
109507
109508
109509
109510
109511
109512
109513
109514
109515
109516
109517
109518
109519
109520
109521
109522
109523
109524
109525
109526
109527
109528
109529
109530
109531
109532
109533
109534
109535
109536
109537
109538
109539
109540
109541
109542
109543
109544
109545
109546
109547
109548
109549
109551
109552
109553
109554
109555
109556
109557
109558
109559
109560
109561
109562
109563
109564
109565
109566
109567
109568
109569
109570
109571
109572
109573
109574
109575
109576
109577
109578
109579
109580
109581
109582
109583
109584
109585
109586
109587
109588
109589
109590
109591
109592
109593
109594
109595
109596
109597
109598
109599
109600
109601
109602
109603
109604
109605
109606
109607
109608
109609
109610
109611
109612
109613
109614
109615
109616
109617
109618
109619
109620
109621
109622
109623
109624
109625
109626
109627
109628
109629
109630
109631
109632
109633
109634
109635
109636
109637
109638
109639
109640
109641
109642
109643
109644
109645
109646
109647
109648
109649
109651
109653
109655
109657
109659
109661
109663
109665
109667
109669
109671
109673
109675
109677
109679
109681
109683
109685
109687
109689
109691
109693
109695
109697
109699
109701
109703
109705
109707
109709
109711
109713
109715
109717
109719
109721
109723
109725
109727
109729
109731
109733
109735
109737
109739
109741
109743
109745
109747
226851
226852
226853
226854
226855
226856
226857
226858
226859
226860
226861
226862
226863
226864
226865
226866
226867
226868
226869
226870
226871
226872
226873
226874
226875
226876
226877
226878
226879
226880
226881
226882
226883
226884
226885
226886
226887
226888
226889
226890
226891
226892
226893
226894
226895
226896
226897
226898
226899
226900
226901
226902
226903
226904
226905
226906
226907
226908
226909
226910
226911
226912
226913
226914
226915
226916
226917
226918
226919
226920
226921
226922
226923
226924
226925
226926
226927
226928
226929
226930
226931
226932
226933
226934
226935
226936
226937
226938
226939
226940
226941
226942
226943
226944
226945
226946
226947
226948
226949
226950
226951
226952
226953
226954
226955
226956
226957
226958
226959
226960
226961
226962
226963
226964
226965
226966
226967
226968
226969
226970
226971
226972
226973
226974
226975
226976
226977
226978
226979
226980
226981
226982
226983
226984
226985
226986
226987
226988
226989
226990
226991
226992
226993
226994
226995
226996
226997
226998
226999
227000
227001
227002
227003
227004
227005
227006
227007
227008
227009
227010
227011
227012
227013
227014
227015
227016
227017
227018
227019
227020
227021
227022
227023
227024
227025
227026
227027
227028
227029
227030
227031
227032
227033
227034
227035
227036
227037
227038
227039
227040
227041
227042
227043
227044
227045
227046
227047
227048
227049
227050
227051
227052
227053
227054
227055
227056
227057
227058
227059
227060
227061
227062
227063
227064
227065
227066
227067
227068
227069
227070
227071
227072
227073
227074
227075
227076
227077
227078
227079
227080
227081
227082
227083
227084
227085
227086
227087
227088
227089
227090
227091
227092
227093
227094
227095
227096
227097
227098
227099
227100
227101
227102
227103
227104
227105
227106
227107
227108
227109
227110
227111
227112
227113
227114
227115
227116
227117
227118
227119
227120
227121
227122
227123
227124
227125
227126
227127
227128
227129
227130
227131
227132
227133
227134
227135
227136
227137
227138
227139
227140
227141
227142
227143
227144
227145
227146
227147
227148
227149
227150
227151
227152
227153
227154
227155
227156
227157
227158
227159
227160
227161
227162
227163
227164
227165
227166
227167
227168
227169
227170
227171
227172
227173
227174
227175
227176
227177
227178
227179
227180
227181
227182
227183
227184
227185
227186
227187
227188
227189
227190
227191
227192
227193
227194
227195
227196
227197
227198
227199
227200
227201
227202
227203
227204
227205
227206
227207
227208
227209
227210
227211
227212
227213
227214
227215
227216
227217
227218
227219
227220
227221
227222
227223
227224
227225
227226
227227
227228
227229
227230
227231
227232
227233
227234
227235
227236
227237
227238
227239
227240
227241
227242
227243
227244
227245
227246
227247
227248
227249
227250
227251
227252
227253
227254
227255
227256
227257
227258
227259
227260
227261
227262
227263
227264
227265
227266
227267
227268
227269
227270
227271
227272
227273
227274
227275
227276
227277
227278
227279
227280
227281
227282
227283
227284
227285
227286
227287
227288
227289
227290
227291
227292
227293
227294
227295
227296
227297
227298
227299
227300
227301
227302
227303
227304
227305
227306
227307
227308
227309
227310
227311
227312
227313
227314
227315
227316
227317
227318
227319
227320
227321
227322
227323
227324
227325
227326
227327
227328
227329
227330
227331
227332
227333
227334
227335
227336
227337
227338
227339
227340
227341
227342
227343
227344
227345
227346
227347
227348
227349
227350
227351
227352
227353
227354
227355
227356
227357
227358
227359
227360
227361
227362
227363
227364
227365
227366
227367
227368
227369
227370
227371
227372
227373
227374
227375
227376
227377
227378
227379
227380
227381
227382
227383
227384
227385
227386
227387
227388
227389
227390
227391
227392
227393
227394
227395
227396
227397
227398
227399
227400
227401
227402
227403
227404
227405
227406
227407
227408
227409
227410
227411
227412
227413
227414
227415
227416
227417
227418
227419
227420
227421
227422
227423
227424
227425
227426
227427
227428
227429
227430
227431
227432
227433
227434
227435
227436
227437
227438
227439
227440
227441
227442
227443
227444
227445
227446
227447
227448
227449
227450
227451
227452
227453
227454
227455
227456
227457
227458
227459
227460
227461
227462
227463
227464
227465
227466
227467
227468
227469
227470
227471
227472
227473
227474
227475
227476
227477
227478
227479
227480
227481
227482
227483
227484
227485
227486
227487
227488
227489
227490
227491
227492
227493
227494
227495
227496
227497
227498
227499
227500
227501
227502
227503
227504
227505
227506
227507
227508
227509
227510
227511
227512
227513
227514
227515
227516
227517
227518
227519
227520
227521
227522
227523
227524
227525
227526
227527
227528
227529
227530
227531
227532
227533
227534
227535
227536
227537
227538
227539
227540
227541
227542
227543
227544
227545
227546
227547
227548
227549
227550
227551
227552
227553
227554
227555
227556
227557
227558
227559
227560
227561
227562
227563
227564
227565
227566
227567
227568
227569
227570
227571
227572
227573
227574
227575
227576
227577
227578
227579
227580
227581
227582
227583
227584
227585
227586
227587
227588
227589
227590
227591
227592
227593
227594
227595
227596
227597
227598
227599
227600
227601
227602
227603
227604
227605
227606
227607
227608
227609
227610
227611
227612
227613
227614
227615
227616
227617
227618
227619
227620
227621
227622
227623
227624
227625
227626
227627
227628
227629
227630
227631
227632
227633
227634
227635
227636
227637
227638
227639
227640
227641
227642
227643
227644
227645
227646
227647
227648
227649
227650
227651
227652
227653
227654
227655
227656
227657
227658
227659
227660
227661
227662
227663
227664
227665
227666
227667
227668
227669
227670
227671
227672
227673
227674
227675
227676
227677
227678
227679
227680
227681
227682
227683
227684
227685
227686
227687
227688
227689
227690
227691
227692
227693
227694
227695
227696
227697
227698
227699
227700
227701
227702
227703
227704
227705
227706
227707
227708
227709
227710
227711
227712
227713
227714
227715
227716
227717
227718
227719
227720
227721
227722
227723
227724
227725
227726
227727
227728
227729
227730
227731
227732
227733
227734
227735
227736
227737
227738
227739
227740
227741
227742
227743
227744
227745
227746
227747
227748
227749
227750
227751
227752
227753
227754
227755
227756
227757
227758
227759
227760
227761
227762
227763
227764
227765
227766
227767
227768
227769
227770
227771
227772
227773
227774
227775
227776
227777
227778
227779
227780
227781
227782
227783
227784
227785
227786
227787
227788
227789
227790
227791
227792
227793
227794
227795
227796
227797
227798
227799
227800
227801
227802
227803
227804
227805
227806
227807
227808
227809
227810
227811
227812
227813
227814
227815
227816
227817
227818
227819
227820
227821
227822
227823
227824
227825
227826
227827
227828
227829
227830
227831
227832
227833
227834
227835
227836
227837
227838
227839
227840
227841
227842
227843
227844
227845
227846
227847
227848
227849
227850
227851
227852
227853
227854
227855
227856
227857
227858
227859
227860
227861
227862
227863
227864
227865
227866
227867
227868
227869
227870
227871
227872
227873
227874
227875
227876
227877
227878
227879
227880
227881
227882
227883
227884
227885
227886
227887
227888
227889
227890
227891
227892
227893
227894
227895
227896
227897
227898
227899
227900
227901
227902
227903
227904
227905
227906
227907
227908
227909
227910
227911
227912
227913
227914
227915
227916
227917
227918
227919
227920
227921
227922
227923
227924
227925
227926
227927
227928
227929
227930
227931
227932
227933
227934
227935
227936
227937
227938
227939
227940
227941
227942
227943
227944
227945
227946
227947
227948
227949
227950
227951
227952
227953
227954
227955
227956
227957
227958
227959
227960
227961
227962
227963
227964
227965
227966
227967
227968
227969
227970
227971
227972
227973
227974
227975
227976
227977
227978
227979
227980
227981
227982
227983
227984
227985
227986
227987
227988
227989
227990
227991
227992
227993
227994
227995
227996
227997
227998
227999
228000
228001
228002
228003
228004
228005
228006
228007
228008
228009
228010
228011
228012
228013
228014
228015
228016
228017
228018
228019
228020
228021
228022
228023
228024
228025
228026
228027
228028
228029
228030
228031
228032
228033
228034
228035
228036
228037
228038
228039
228040
228041
228042
228043
228044
228045
228046
228047
228048
228049
228050
228051
228052
228053
228054
228055
228056
228057
228058
228059
228060
228061
228062
228063
228064
228065
228066
228067
228068
228069
228070
228071
228072
228073
228074
228075
228076
228077
228078
228079
228080
228081
228082
228083
228084
228085
228086
228087
228088
228089
228090
228091
228092
228093
228094
228095
228096
228097
228098
228099
228100
228101
228102
228103
228104
228105
228106
228107
228108
228109
228110
228111
228112
228113
228114
228115
228116
228117
228118
228119
228120
228121
228122
228123
228124
228125
228126
228127
228128
228129
228130
228131
228132
228133
228134
228135
228136
228137
228138
228139
228140
228141
228142
228143
228144
228145
228146
228147
228148
228149
228150
228151
228152
228153
228154
228155
228156
228157
228158
228159
228160
228161
228162
228163
228164
228165
228166
228167
228168
228169
228170
228171
228172
228173
228174
228175
228176
228177
228178
228179
228180
228181
228182
228183
228184
228185
228186
228187
228188
228189
228190
228191
228192
228193
228194
228195
228196
228197
228198
228199
228200
228201
228202
228203
228204
228205
228206
228207
228208
228209
228210
228211
228212
228213
228214
228215
228216
228217
228218
228219
228220
228221
228222
228223
228224
228225
228226
228227
228228
228229
228230
228231
228232
228233
228234
228235
228236
228237
228238
228239
228240
228241
228242
228243
228244
228245
228246
228247
228248
228249
228250
228251
228252
228253
228254
228255
228256
228257
228258
228259
228260
228261
228262
228263
228264
228265
228266
228267
228268
228269
228270
228271
228272
228273
228274
228275
228276
228277
228278
228279
228280
228281
228282
228283
228284
228285
228286
228287
228288
228289
228290
228291
228292
228293
228294
228295
228296
228297
228298
228299
228300
228301
228302
228303
228304
228305
228306
228307
228308
228309
228310
228311
228312
228313
228314
228315
228316
228317
228318
228319
228320
228321
228322
228323
228324
228325
228326
228327
228328
228329
228330
228331
228332
228333
228334
228335
228336
228337
228338
228339
228340
228341
228342
228343
228344
228345
228346
228347
228348
228349
228350
228351
228352
228353
228354
228355
228356
228357
228358
228359
228360
228361
228362
228363
228364
228365
228366
228367
228368
228369
228370
228371
228372
228373
228374
228375
228376
228377
228378
228379
228380
228381
228382
228383
228384
228385
228386
228387
228388
228389
228390
228391
228392
228393
228394
228395
228396
228397
228398
228399
228400
228401
228402
228403
228404
228405
228406
228407
228408
228409
228410
228411
228412
228413
228414
228415
228416
228417
228418
228419
228420
228421
228422
228423
228424
228425
228426
228427
228428
228429
228430
228431
228432
228433
228434
228435
228436
228437
228438
228439
228440
228441
228442
228443
228444
228445
228446
228447
228448
228449
228450
228451
228452
228453
228454
228455
228456
228457
228458
228459
228460
228461
228462
228463
228464
228465
228466
228467
228468
228469
228470
228471
228472
228473
228474
228475
228476
228477
228478
228479
228480
228481
228482
228483
228484
228485
228486
228487
228488
228489
228490
228491
228492
228493
228494
228495
228496
228497
228498
228499
228500
228501
228502
228503
228504
228505
228506
228507
228508
228509
228510
228511
228512
228513
228514
228515
228516
228517
228518
228519
228520
228521
228522
228523
228524
228525
228526
228527
228528
228529
228530
228531
228532
228533
228534
228535
228536
228537
228538
228539
228540
228541
228542
228543
228544
228545
228546
228547
228548
228549
228550
228551
228552
228553
228554
228555
228556
228557
228558
228559
228560
228561
228562
228563
228564
228565
228566
228567
228568
228569
228570
228571
228572
228573
228574
228575
228576
228577
228578
228579
228580
228581
228582
228583
228584
228585
228586
228587
228588
228589
228590
228591
228592
228593
228594
228595
228596
228597
228598
228599
228600
228601
228602
228603
228604
228605
228606
228607
228608
228609
228610
228611
228612
228613
228614
228615
228616
228617
228618
228619
228620
228621
228622
228623
228624
228625
228626
228627
228628
228629
228630
228631
228632
228633
228634
228635
228636
228637
228638
228639
228640
228641
228642
228643
228644
228645
228646
228647
228648
228649
228650
228651
228652
228653
228654
228655
228656
228657
228658
228659
228660
228661
228662
228663
228664
228665
228666
228667
228668
228669
228670
228671
228672
228673
228674
228675
228676
228677
228678
228679
228680
228681
228682
228683
228684
228685
228686
228687
228688
228689
228690
228691
228692
228693
228694
228695
228696
228697
228698
228699
228700
228701
228702
228703
228704
228705
228706
228707
228708
228709
228710
228711
228712
228713
228714
228715
228716
228717
228718
228719
228720
228721
228722
228723
228724
228725
228726
228727
228728
228729
228730
228731
228732
228733
228734
228735
228736
228737
228738
228739
228740
228741
228742
228743
228744
228745
228746
228747
228748
228749
228750
228751
228752
228753
228754
228755
228756
228757
228758
228759
228760
228761
228762
228763
228764
228765
228766
228767
228768
228769
228770
228771
228772
228773
228774
228775
228776
228777
228778
228779
228780
228781
228782
228783
228784
228785
228786
228787
228788
228789
228790
228791
228792
228793
228794
228795
228796
228797
228798
228799
228800
228801
228802
228803
228804
228805
228806
228807
228808
228809
228810
228811
228812
228813
228814
228815
228816
228817
228818
228819
228820
228821
228822
228823
228824
228825
228826
228827
228828
228829
228830
228831
228832
228833
228834
228835
228836
228837
228838
228839
228840
228841
228842
228843
228844
228845
228846
228847
228848
228849
228850
228851
228852
228853
228854
228855
228856
228857
228858
228859
228860
228861
228862
228863
228864
228865
228866
228867
228868
228869
228870
228871
228872
228873
228874
228875
228876
228877
228878
228879
228880
228881
228882
228883
228884
228885
228886
228887
228888
228889
228890
228891
228892
228893
228894
228895
228896
228897
228898
228899
228900
228901
228902
228903
228904
228905
228906
228907
228908
228909
228910
228911
228912
228913
228914
228915
228916
228917
228918
228919
228920
228921
228922
228923
228924
228925
228926
228927
228928
228929
228930
228931
228932
228933
228934
228935
228936
228937
228938
228939
228940
228941
228942
228943
228944
228945
228946
228947
228948
228949
228950
228951
228952
228953
228954
228955
228956
228957
228958
228959
228960
228961
228962
228963
228964
228965
228966
228967
228968
228969
228970
228971
228972
228973
228974
228975
228976
228977
228978
228979
228980
228981
228982
228983
228984
228985
228986
228987
228988
228989
228990
228991
228992
228993
228994
228995
228996
228997
228998
228999
229000
229001
229002
229003
229004
229005
229006
229007
229008
229009
229010
229011
229012
229013
229014
229015
229016
229017
229018
229019
229020
229021
229022
229023
229024
229025
229026
229027
229028
229029
229030
229031
229032
229033
229034
229035
229036
229037
229038
229039
229040
229041
229042
229043
229044
229045
229046
229047
229048
229049
229050
229051
229052
229053
229054
229055
229056
229057
229058
229059
229060
229061
229062
229063
229064
229065
229066
229067
229068
229069
229070
229071
229072
229073
229074
229075
229076
229077
229078
229079
229080
229081
229082
229083
229084
229085
229086
229087
229088
229089
229090
229091
229092
229093
229094
229095
229096
229097
229098
229099
229100
229101
229102
229103
229104
229105
229106
229107
229108
229109
229110
229111
229112
229113
229114
229115
229116
229117
229118
229119
229120
229121
229122
229123
229124
229125
229126
229127
229128
229129
229130
229131
229132
229133
229134
229135
229136
229137
229138
229139
229140
229141
229142
229143
229144
229145
229146
229147
229148
229149
229150
229151
229152
229153
229154
229155
229156
229157
229158
229159
229160
229161
229162
229163
229164
229165
229166
229167
229168
229169
229170
229171
229172
229173
229174
229175
229176
229177
229178
229179
229180
229181
229182
229183
229184
229185
229186
229187
229188
229189
229190
229191
229192
229193
229194
229195
229196
229197
229198
229199
229200
229201
229202
229203
229204
229205
229206
229207
229208
229209
229210
229211
229212
229213
229214
229215
229216
229217
229218
229219
229220
229221
229222
229223
229224
229225
229226
229227
229228
229229
229230
229231
229232
229233
229234
229235
229236
229237
229238
229239
229240
229241
229242
229243
229244
229245
229246
229247
229248
229249
229250
229251
229252
229253
229254
229255
229256
229257
229258
229259
229260
229261
229262
229263
229264
229265
229266
229267
229268
229269
229270
229271
229272
229273
229274
229275
229276
229277
229278
229279
229280
229281
229282
229283
229284
229285
229286
229287
229288
229289
229290
229291
229292
229293
229294
229295
229296
229297
229298
229299
229300
229301
229302
229303
229304
229305
229306
229307
229308
229309
229310
229311
229312
229313
229314
229315
229316
229317
229318
229319
229320
229321
229322
229323
229324
229325
229326
229327
229328
229329
229330
229331
229332
229333
229334
229335
229336
229337
229338
229339
229340
229341
229342
229343
229344
229345
229346
229347
229348
229349
229350
314351
314352
314353
314354
314355
314356
314357
314358
314359
314360
314361
314362
314363
314364
314365
314366
314367
314368
314369
314370
314371
314372
314373
314374
314375
314376
314377
314378
314379
314380
314381
314382
314383
314384
314385
314386
314387
314388
314389
314390
314391
314392
314393
314394
314395
314396
314397
314398
314399
314400
314401
314402
314403
314404
314405
314406
314407
314408
314409
314410
314411
314412
314413
314414
314415
314416
314417
314418
314419
314420
314421
314422
314423
314424
314425
314426
314427
314428
314429
314430
314431
314432
314433
314434
314435
314436
314437
314438
314439
314440
314441
314442
314443
314444
314445
314446
314447
314448
314449
314450
314451
314452
314453
314454
314455
314456
314457
314458
314459
314460
314461
314462
314463
314464
314465
314466
314467
314468
314469
314470
314471
314472
314473
314474
314475
314476
314477
314478
314479
314480
314481
314482
314483
314484
314485
314486
314487
314488
314489
314490
314491
314492
314493
314494
314495
314496
314497
314498
314499
314500
314501
314502
314503
314504
314505
314506
314507
314508
314509
314510
314511
314512
314513
314514
314515
314516
314517
314518
314519
314520
314521
314522
314523
314524
314525
314526
314527
314528
314529
314530
314531
314532
314533
314534
314535
314536
314537
314538
314539
314540
314541
314542
314543
314544
314545
314546
314547
314548
314549
314550
314551
314552
314553
314554
314555
314556
314557
314558
314559
314560
314561
314562
314563
314564
314565
314566
314567
314568
314569
314570
314571
314572
314573
314574
314575
314576
314577
314578
314579
314580
314581
314582
314583
314584
314585
314586
314587
314588
314589
314590
314591
314592
314593
314594
314595
314596
314597
314598
314599
314600
314601
314602
314603
314604
314605
314606
314607
314608
314609
314610
314611
314612
314613
314614
314615
314616
314617
314618
314619
314620
314621
314622
314623
314624
314625
314626
314627
314628
314629
314630
314631
314632
314633
314634
314635
314636
314637
314638
314639
314640
314641
314642
314643
314644
314645
314646
314647
314648
314649
314650
314651
314652
314653
314654
314655
314656
314657
314658
314659
314660
314661
314662
314663
314664
314665
314666
314667
314668
314669
314670
314671
314672
314673
314674
314675
314676
314677
314678
314679
314680
314681
314682
314683
314684
314685
314686
314687
314688
314689
314690
314691
314692
314693
314694
314695
314696
314697
314698
314699
314700
314701
314702
314703
314704
314705
314706
314707
314708
314709
314710
314711
314712
314713
314714
314715
314716
314717
314718
314719
314720
314721
314722
314723
314724
314725
314726
314727
314728
314729
314730
314731
314732
314733
314734
314735
314736
314737
314738
314739
314740
314741
314742
314743
314744
314745
314746
314747
314748
314749
314750
314751
314752
314753
314754
314755
314756
314757
314758
314759
314760
314761
314762
314763
314764
314765
314766
314767
314768
314769
314770
314771
314772
314773
314774
314775
314776
314777
314778
314779
314780
314781
314782
314783
314784
314785
314786
314787
314788
314789
314790
314791
314792
314793
314794
314795
314796
314797
314798
314799
314800
314801
314802
314803
314804
314805
314806
314807
314808
314809
314810
314811
314812
314813
314814
314815
314816
314817
314818
314819
314820
314821
314822
314823
314824
314825
314826
314827
314828
314829
314830
314831
314832
314833
314834
314835
314836
314837
314838
314839
314840
314841
314842
314843
314844
314845
314846
314847
314848
314849
314850
314851
314852
314853
314854
314855
314856
314857
314858
314859
314860
314861
314862
314863
314864
314865
314866
314867
314868
314869
314870
314871
314872
314873
314874
314875
314876
314877
314878
314879
314880
314881
314882
314883
314884
314885
314886
314887
314888
314889
314890
314891
314892
314893
314894
314895
314896
314897
314898
314899
314900
314901
314902
314903
314904
314905
314906
314907
314908
314909
314910
314911
314912
314913
314914
314915
314916
314917
314918
314919
314920
314921
314922
314923
314924
314925
314926
314927
314928
314929
314930
314931
314932
314933
314934
314935
314936
314937
314938
314939
314940
314941
314942
314943
314944
314945
314946
314947
314948
314949
314950
314951
314952
314953
314954
314955
314956
314957
314958
314959
314960
314961
314962
314963
314964
314965
314966
314967
314968
314969
314970
314971
314972
314973
314974
314975
314976
314977
314978
314979
314980
314981
314982
314983
314984
314985
314986
314987
314988
314989
314990
314991
314992
314993
314994
314995
314996
314997
314998
314999
315000
315001
315002
315003
315004
315005
315006
315007
315008
315009
315010
315011
315012
315013
315014
315015
315016
315017
315018
315019
315020
315021
315022
315023
315024
315025
315026
315027
315028
315029
315030
315031
315032
315033
315034
315035
315036
315037
315038
315039
315040
315041
315042
315043
315044
315045
315046
315047
315048
315049
315050
315051
315052
315053
315054
315055
315056
315057
315058
315059
315060
315061
315062
315063
315064
315065
315066
315067
315068
315069
315070
315071
315072
315073
315074
315075
315076
315077
315078
315079
315080
315081
315082
315083
315084
315085
315086
315087
315088
315089
315090
315091
315092
315093
315094
315095
315096
315097
315098
315099
315100
315101
315102
315103
315104
315105
315106
315107
315108
315109
315110
315111
315112
315113
315114
315115
315116
315117
315118
315119
315120
315121
315122
315123
315124
315125
315126
315127
315128
315129
315130
315131
315132
315133
315134
315135
315136
315137
315138
315139
315140
315141
315142
315143
315144
315145
315146
315147
315148
315149
315150
315151
315152
315153
315154
315155
315156
315157
315158
315159
315160
315161
315162
315163
315164
315165
315166
315167
315168
315169
315170
315171
315172
315173
315174
315175
315176
315177
315178
315179
315180
315181
315182
315183
315184
315185
315186
315187
315188
315189
315190
315191
315192
315193
315194
315195
315196
315197
315198
315199
315200
315201
315202
315203
315204
315205
315206
315207
315208
315209
315210
315211
315212
315213
315214
315215
315216
315217
315218
315219
315220
315221
315222
315223
315224
315225
315226
315227
315228
315229
315230
315231
315232
315233
315234
315235
315236
315237
315238
315239
315240
315241
315242
315243
315244
315245
315246
315247
315248
315249
315250
315251
315252
315253
315254
315255
315256
315257
315258
315259
315260
315261
315262
315263
315264
315265
315266
315267
315268
315269
315270
315271
315272
315273
315274
315275
315276
315277
315278
315279
315280
315281
315282
315283
315284
315285
315286
315287
315288
315289
315290
315291
315292
315293
315294
315295
315296
315297
315298
315299
315300
315301
315302
315303
315304
315305
315306
315307
315308
315309
315310
315311
315312
315313
315314
315315
315316
315317
315318
315319
315320
315321
315322
315323
315324
315325
315326
315327
315328
315329
315330
315331
315332
315333
315334
315335
315336
315337
315338
315339
315340
315341
315342
315343
315344
315345
315346
315347
315348
315349
315350
315351
315352
315353
315354
315355
315356
315357
315358
315359
315360
315361
315362
315363
315364
315365
315366
315367
315368
315369
315370
315371
315372
315373
315374
315375
315376
315377
315378
315379
315380
315381
315382
315383
315384
315385
315386
315387
315388
315389
315390
315391
315392
315393
315394
315395
315396
315397
315398
315399
315400
315401
315402
315403
315404
315405
315406
315407
315408
315409
315410
315411
315412
315413
315414
315415
315416
315417
315418
315419
315420
315421
315422
315423
315424
315425
315426
315427
315428
315429
315430
315431
315432
315433
315434
315435
315436
315437
315438
315439
315440
315441
315442
315443
315444
315445
315446
315447
315448
315449
315450
315451
315452
315453
315454
315455
315456
315457
315458
315459
315460
315461
315462
315463
315464
315465
315466
315467
315468
315469
315470
315471
315472
315473
315474
315475
315476
315477
315478
315479
315480
315481
315482
315483
315484
315485
315486
315487
315488
315489
315490
315491
315492
315493
315494
315495
315496
315497
315498
315499
315500
315501
315502
315503
315504
315505
315506
315507
315508
315509
315510
315511
315512
315513
315514
315515
315516
315517
315518
315519
315520
315521
315522
315523
315524
315525
315526
315527
315528
315529
315530
315531
315532
315533
315534
315535
315536
315537
315538
315539
315540
315541
315542
315543
315544
315545
315546
315547
315548
315549
315550
315551
315552
315553
315554
315555
315556
315557
315558
315559
315560
315561
315562
315563
315564
315565
315566
315567
315568
315569
315570
315571
315572
315573
315574
315575
315576
315577
315578
315579
315580
315581
315582
315583
315584
315585
315586
315587
315588
315589
315590
315591
315592
315593
315594
315595
315596
315597
315598
315599
315600
315601
315602
315603
315604
315605
315606
315607
315608
315609
315610
315611
315612
315613
315614
315615
315616
315617
315618
315619
315620
315621
315622
315623
315624
315625
315626
315627
315628
315629
315630
315631
315632
315633
315634
315635
315636
315637
315638
315639
315640
315641
315642
315643
315644
315645
315646
315647
315648
315649
315650
315651
315652
315653
315654
315655
315656
315657
315658
315659
315660
315661
315662
315663
315664
315665
315666
315667
315668
315669
315670
315671
315672
315673
315674
315675
315676
315677
315678
315679
315680
315681
315682
315683
315684
315685
315686
315687
315688
315689
315690
315691
315692
315693
315694
315695
315696
315697
315698
315699
315700
315701
315702
315703
315704
315705
315706
315707
315708
315709
315710
315711
315712
315713
315714
315715
315716
315717
315718
315719
315720
315721
315722
315723
315724
315725
315726
315727
315728
315729
315730
315731
315732
315733
315734
315735
315736
315737
315738
315739
315740
315741
315742
315743
315744
315745
315746
315747
315748
315749
315750
315751
315752
315753
315754
315755
315756
315757
315758
315759
315760
315761
315762
315763
315764
315765
315766
315767
315768
315769
315770
315771
315772
315773
315774
315775
315776
315777
315778
315779
315780
315781
315782
315783
315784
315785
315786
315787
315788
315789
315790
315791
315792
315793
315794
315795
315796
315797
315798
315799
315800
315801
315802
315803
315804
315805
315806
315807
315808
315809
315810
315811
315812
315813
315814
315815
315816
315817
315818
315819
315820
315821
315822
315823
315824
315825
315826
315827
315828
315829
315830
315831
315832
315833
315834
315835
315836
315837
315838
315839
315840
315841
315842
315843
315844
315845
315846
315847
315848
315849
315850
315851
315852
315853
315854
315855
315856
315857
315858
315859
315860
315861
315862
315863
315864
315865
315866
315867
315868
315869
315870
315871
315872
315873
315874
315875
315876
315877
315878
315879
315880
315881
315882
315883
315884
315885
315886
315887
315888
315889
315890
315891
315892
315893
315894
315895
315896
315897
315898
315899
315900
315901
315902
315903
315904
315905
315906
315907
315908
315909
315910
315911
315912
315913
315914
315915
315916
315917
315918
315919
315920
315921
315922
315923
315924
315925
315926
315927
315928
315929
315930
315931
315932
315933
315934
315935
315936
315937
315938
315939
315940
315941
315942
315943
315944
315945
315946
315947
315948
315949
315950
315951
315952
315953
315954
315955
315956
315957
315958
315959
315960
315961
315962
315963
315964
315965
315966
315967
315968
315969
315970
315971
315972
315973
315974
315975
315976
315977
315978
315979
315980
315981
315982
315983
315984
315985
315986
315987
315988
315989
315990
315991
315992
315993
315994
315995
315996
315997
315998
315999
316000
316001
316002
316003
316004
316005
316006
316007
316008
316009
316010
316011
316012
316013
316014
316015
316016
316017
316018
316019
316020
316021
316022
316023
316024
316025
316026
316027
316028
316029
316030
316031
316032
316033
316034
316035
316036
316037
316038
316039
316040
316041
316042
316043
316044
316045
316046
316047
316048
316049
316050
316051
316052
316053
316054
316055
316056
316057
316058
316059
316060
316061
316062
316063
316064
316065
316066
316067
316068
316069
316070
316071
316072
316073
316074
316075
316076
316077
316078
316079
316080
316081
316082
316083
316084
316085
316086
316087
316088
316089
316090
316091
316092
316093
316094
316095
316096
316097
316098
316099
316100
316101
316102
316103
316104
316105
316106
316107
316108
316109
316110
316111
316112
316113
316114
316115
316116
316117
316118
316119
316120
316121
316122
316123
316124
316125
316126
316127
316128
316129
316130
316131
316132
316133
316134
316135
316136
316137
316138
316139
316140
316141
316142
316143
316144
316145
316146
316147
316148
316149
316150
316151
316152
316153
316154
316155
316156
316157
316158
316159
316160
316161
316162
316163
316164
316165
316166
316167
316168
316169
316170
316171
316172
316173
316174
316175
316176
316177
316178
316179
316180
316181
316182
316183
316184
316185
316186
316187
316188
316189
316190
316191
316192
316193
316194
316195
316196
316197
316198
316199
316200
316201
316202
316203
316204
316205
316206
316207
316208
316209
316210
316211
316212
316213
316214
316215
316216
316217
316218
316219
316220
316221
316222
316223
316224
316225
316226
316227
316228
316229
316230
316231
316232
316233
316234
316235
316236
316237
316238
316239
316240
316241
316242
316243
316244
316245
316246
316247
316248
316249
316250
316251
316252
316253
316254
316255
316256
316257
316258
316259
316260
316261
316262
316263
316264
316265
316266
316267
316268
316269
316270
316271
316272
316273
316274
316275
316276
316277
316278
316279
316280
316281
316282
316283
316284
316285
316286
316287
316288
316289
316290
316291
316292
316293
316294
316295
316296
316297
316298
316299
316300
316301
316302
316303
316304
316305
316306
316307
316308
316309
316310
316311
316312
316313
316314
316315
316316
316317
316318
316319
316320
316321
316322
316323
316324
316325
316326
316327
316328
316329
316330
316331
316332
316333
316334
316335
316336
316337
316338
316339
316340
316341
316342
316343
316344
316345
316346
316347
316348
316349
316350
316351
316352
316353
316354
316355
316356
316357
316358
316359
316360
316361
316362
316363
316364
316365
316366
316367
316368
316369
316370
316371
316372
316373
316374
316375
316376
316377
316378
316379
316380
316381
316382
316383
316384
316385
316386
316387
316388
316389
316390
316391
316392
316393
316394
316395
316396
316397
316398
316399
316400
316401
316402
316403
316404
316405
316406
316407
316408
316409
316410
316411
316412
316413
316414
316415
316416
316417
316418
316419
316420
316421
316422
316423
316424
316425
316426
316427
316428
316429
316430
316431
316432
316433
316434
316435
316436
316437
316438
316439
316440
316441
316442
316443
316444
316445
316446
316447
316448
316449
316450
316451
316452
316453
316454
316455
316456
316457
316458
316459
316460
316461
316462
316463
316464
316465
316466
316467
316468
316469
316470
316471
316472
316473
316474
316475
316476
316477
316478
316479
316480
316481
316482
316483
316484
316485
316486
316487
316488
316489
316490
316491
316492
316493
316494
316495
316496
316497
316498
316499
316500
316501
316502
316503
316504
316505
316506
316507
316508
316509
316510
316511
316512
316513
316514
316515
316516
316517
316518
316519
316520
316521
316522
316523
316524
316525
316526
316527
316528
316529
316530
316531
316532
316533
316534
316535
316536
316537
316538
316539
316540
316541
316542
316543
316544
316545
316546
316547
316548
316549
316550
316551
316552
316553
316554
316555
316556
316557
316558
316559
316560
316561
316562
316563
316564
316565
316566
316567
316568
316569
316570
316571
316572
316573
316574
316575
316576
316577
316578
316579
316580
316581
316582
316583
316584
316585
316586
316587
316588
316589
316590
316591
316592
316593
316594
316595
316596
316597
316598
316599
316600
316601
316602
316603
316604
316605
316606
316607
316608
316609
316610
316611
316612
316613
316614
316615
316616
316617
316618
316619
316620
316621
316622
316623
316624
316625
316626
316627
316628
316629
316630
316631
316632
316633
316634
316635
316636
316637
316638
316639
316640
316641
316642
316643
316644
316645
316646
316647
316648
316649
316650
316651
316652
316653
316654
316655
316656
316657
316658
316659
316660
316661
316662
316663
316664
316665
316666
316667
316668
316669
316670
316671
316672
316673
316674
316675
316676
316677
316678
316679
316680
316681
316682
316683
316684
316685
316686
316687
316688
316689
316690
316691
316692
316693
316694
316695
316696
316697
316698
316699
316700
316701
316702
316703
316704
316705
316706
316707
316708
316709
316710
316711
316712
316713
316714
316715
316716
316717
316718
316719
316720
316721
316722
316723
316724
316725
316726
316727
316728
316729
316730
316731
316732
316733
316734
316735
316736
316737
316738
316739
316740
316741
316742
316743
316744
316745
316746
316747
316748
316749
316750
316751
316752
316753
316754
316755
316756
316757
316758
316759
316760
316761
316762
316763
316764
316765
316766
316767
316768
316769
316770
316771
316772
316773
316774
316775
316776
316777
316778
316779
316780
316781
316782
316783
316784
316785
316786
316787
316788
316789
316790
316791
316792
316793
316794
316795
316796
316797
316798
316799
316800
316801
316802
316803
316804
316805
316806
316807
316808
316809
316810
316811
316812
316813
316814
316815
316816
316817
316818
316819
316820
316821
316822
316823
316824
316825
316826
316827
316828
316829
316830
316831
316832
316833
316834
316835
316836
316837
316838
316839
316840
316841
316842
316843
316844
316845
316846
316847
316848
316849
316850
-99850
-99950
-100050
-100150
-100250
-100350
-100450
-100550
-100650
-100750
-100850
-100950
-101050
-101150
-101250
-101350
-101450
-101550
-101650
-101750
-101850
-101950
-102050
-102150
-102250
-102350
-102450
-102550
-102650
-102750
-102850
-102950
-103050
-103150
-103250
-103350
-103450
-103550
-103650
-103750
-103850
-103950
-104050
-104150
-104250
-104350
-104450
-104550
-104650
-104749
-89702
-89704
-89706
-89708
-89710
-89712
-89714
-89716
-89718
-89720
-89722
-89724
-89726
-89728
-89730
-89732
-89734
-89736
-89738
-89740
-89742
-89744
-89746
-89748
-89750
-89752
-89754
-89756
-89758
-89760
-89762
-89764
-89766
-89768
-89770
-89772
-89774
-89776
-89778
-89780
-89782
-89784
-89786
-89788
-89790
-89792
-89794
-89796
-89798
-89800
109652
109654
109656
109658
109660
109662
109664
109666
109668
109670
109672
109674
109676
109678
109680
109682
109684
109686
109688
109690
109692
109694
109696
109698
109700
109702
109704
109706
109708
109710
109712
109714
109716
109718
109720
109722
109724
109726
109728
109730
109732
109734
109736
109738
109740
109742
109744
109746
109748
109750
104850
104950
105050
105150
105250
105350
105450
105550
105650
105750
105850
105950
106050
106150
106250
106350
106450
106550
106650
106750
106850
106950
107050
107150
107250
107350
107450
107550
107650
107750
107850
107950
108050
108150
108250
108350
108450
108550
108650
108750
108850
108950
109050
109150
109250
109350
109450
109550
109650
109749
)


// ************************************************************************* //
