/*--------------------------------*- C++ -*----------------------------------*\
| =========                 |                                                 |
| \\      /  F ield         | OpenFOAM: The Open Source CFD Toolbox           |
|  \\    /   O peration     | Version:  v1906                                 |
|   \\  /    A nd           | Web:      www.OpenFOAM.com                      |
|    \\/     M anipulation  |                                                 |
\*---------------------------------------------------------------------------*/
FoamFile
{
    version     2.0;
    format      ascii;
    class       labelList;
    location    "constant/fbe14/polyMesh";
    object      faceRegionAddressing;
}
// * * * * * * * * * * * * * * * * * * * * * * * * * * * * * * * * * * * * * //


10100
(
69851
69852
69853
69854
69855
69856
69857
69858
69859
69860
69861
69862
69863
69864
69865
69866
69867
69868
69869
69870
69871
69872
69873
69874
69875
69876
69877
69878
69879
69880
69881
69882
69883
69884
69885
69886
69887
69888
69889
69890
69891
69892
69893
69894
69895
69896
69897
69898
69899
69900
69901
69902
69903
69904
69905
69906
69907
69908
69909
69910
69911
69912
69913
69914
69915
69916
69917
69918
69919
69920
69921
69922
69923
69924
69925
69926
69927
69928
69929
69930
69931
69932
69933
69934
69935
69936
69937
69938
69939
69940
69941
69942
69943
69944
69945
69946
69947
69948
69949
69951
69952
69953
69954
69955
69956
69957
69958
69959
69960
69961
69962
69963
69964
69965
69966
69967
69968
69969
69970
69971
69972
69973
69974
69975
69976
69977
69978
69979
69980
69981
69982
69983
69984
69985
69986
69987
69988
69989
69990
69991
69992
69993
69994
69995
69996
69997
69998
69999
70000
70001
70002
70003
70004
70005
70006
70007
70008
70009
70010
70011
70012
70013
70014
70015
70016
70017
70018
70019
70020
70021
70022
70023
70024
70025
70026
70027
70028
70029
70030
70031
70032
70033
70034
70035
70036
70037
70038
70039
70040
70041
70042
70043
70044
70045
70046
70047
70048
70049
70051
70052
70053
70054
70055
70056
70057
70058
70059
70060
70061
70062
70063
70064
70065
70066
70067
70068
70069
70070
70071
70072
70073
70074
70075
70076
70077
70078
70079
70080
70081
70082
70083
70084
70085
70086
70087
70088
70089
70090
70091
70092
70093
70094
70095
70096
70097
70098
70099
70100
70101
70102
70103
70104
70105
70106
70107
70108
70109
70110
70111
70112
70113
70114
70115
70116
70117
70118
70119
70120
70121
70122
70123
70124
70125
70126
70127
70128
70129
70130
70131
70132
70133
70134
70135
70136
70137
70138
70139
70140
70141
70142
70143
70144
70145
70146
70147
70148
70149
70151
70152
70153
70154
70155
70156
70157
70158
70159
70160
70161
70162
70163
70164
70165
70166
70167
70168
70169
70170
70171
70172
70173
70174
70175
70176
70177
70178
70179
70180
70181
70182
70183
70184
70185
70186
70187
70188
70189
70190
70191
70192
70193
70194
70195
70196
70197
70198
70199
70200
70201
70202
70203
70204
70205
70206
70207
70208
70209
70210
70211
70212
70213
70214
70215
70216
70217
70218
70219
70220
70221
70222
70223
70224
70225
70226
70227
70228
70229
70230
70231
70232
70233
70234
70235
70236
70237
70238
70239
70240
70241
70242
70243
70244
70245
70246
70247
70248
70249
70251
70252
70253
70254
70255
70256
70257
70258
70259
70260
70261
70262
70263
70264
70265
70266
70267
70268
70269
70270
70271
70272
70273
70274
70275
70276
70277
70278
70279
70280
70281
70282
70283
70284
70285
70286
70287
70288
70289
70290
70291
70292
70293
70294
70295
70296
70297
70298
70299
70300
70301
70302
70303
70304
70305
70306
70307
70308
70309
70310
70311
70312
70313
70314
70315
70316
70317
70318
70319
70320
70321
70322
70323
70324
70325
70326
70327
70328
70329
70330
70331
70332
70333
70334
70335
70336
70337
70338
70339
70340
70341
70342
70343
70344
70345
70346
70347
70348
70349
70351
70352
70353
70354
70355
70356
70357
70358
70359
70360
70361
70362
70363
70364
70365
70366
70367
70368
70369
70370
70371
70372
70373
70374
70375
70376
70377
70378
70379
70380
70381
70382
70383
70384
70385
70386
70387
70388
70389
70390
70391
70392
70393
70394
70395
70396
70397
70398
70399
70400
70401
70402
70403
70404
70405
70406
70407
70408
70409
70410
70411
70412
70413
70414
70415
70416
70417
70418
70419
70420
70421
70422
70423
70424
70425
70426
70427
70428
70429
70430
70431
70432
70433
70434
70435
70436
70437
70438
70439
70440
70441
70442
70443
70444
70445
70446
70447
70448
70449
70451
70452
70453
70454
70455
70456
70457
70458
70459
70460
70461
70462
70463
70464
70465
70466
70467
70468
70469
70470
70471
70472
70473
70474
70475
70476
70477
70478
70479
70480
70481
70482
70483
70484
70485
70486
70487
70488
70489
70490
70491
70492
70493
70494
70495
70496
70497
70498
70499
70500
70501
70502
70503
70504
70505
70506
70507
70508
70509
70510
70511
70512
70513
70514
70515
70516
70517
70518
70519
70520
70521
70522
70523
70524
70525
70526
70527
70528
70529
70530
70531
70532
70533
70534
70535
70536
70537
70538
70539
70540
70541
70542
70543
70544
70545
70546
70547
70548
70549
70551
70552
70553
70554
70555
70556
70557
70558
70559
70560
70561
70562
70563
70564
70565
70566
70567
70568
70569
70570
70571
70572
70573
70574
70575
70576
70577
70578
70579
70580
70581
70582
70583
70584
70585
70586
70587
70588
70589
70590
70591
70592
70593
70594
70595
70596
70597
70598
70599
70600
70601
70602
70603
70604
70605
70606
70607
70608
70609
70610
70611
70612
70613
70614
70615
70616
70617
70618
70619
70620
70621
70622
70623
70624
70625
70626
70627
70628
70629
70630
70631
70632
70633
70634
70635
70636
70637
70638
70639
70640
70641
70642
70643
70644
70645
70646
70647
70648
70649
70651
70652
70653
70654
70655
70656
70657
70658
70659
70660
70661
70662
70663
70664
70665
70666
70667
70668
70669
70670
70671
70672
70673
70674
70675
70676
70677
70678
70679
70680
70681
70682
70683
70684
70685
70686
70687
70688
70689
70690
70691
70692
70693
70694
70695
70696
70697
70698
70699
70700
70701
70702
70703
70704
70705
70706
70707
70708
70709
70710
70711
70712
70713
70714
70715
70716
70717
70718
70719
70720
70721
70722
70723
70724
70725
70726
70727
70728
70729
70730
70731
70732
70733
70734
70735
70736
70737
70738
70739
70740
70741
70742
70743
70744
70745
70746
70747
70748
70749
70751
70752
70753
70754
70755
70756
70757
70758
70759
70760
70761
70762
70763
70764
70765
70766
70767
70768
70769
70770
70771
70772
70773
70774
70775
70776
70777
70778
70779
70780
70781
70782
70783
70784
70785
70786
70787
70788
70789
70790
70791
70792
70793
70794
70795
70796
70797
70798
70799
70800
70801
70802
70803
70804
70805
70806
70807
70808
70809
70810
70811
70812
70813
70814
70815
70816
70817
70818
70819
70820
70821
70822
70823
70824
70825
70826
70827
70828
70829
70830
70831
70832
70833
70834
70835
70836
70837
70838
70839
70840
70841
70842
70843
70844
70845
70846
70847
70848
70849
70851
70852
70853
70854
70855
70856
70857
70858
70859
70860
70861
70862
70863
70864
70865
70866
70867
70868
70869
70870
70871
70872
70873
70874
70875
70876
70877
70878
70879
70880
70881
70882
70883
70884
70885
70886
70887
70888
70889
70890
70891
70892
70893
70894
70895
70896
70897
70898
70899
70900
70901
70902
70903
70904
70905
70906
70907
70908
70909
70910
70911
70912
70913
70914
70915
70916
70917
70918
70919
70920
70921
70922
70923
70924
70925
70926
70927
70928
70929
70930
70931
70932
70933
70934
70935
70936
70937
70938
70939
70940
70941
70942
70943
70944
70945
70946
70947
70948
70949
70951
70952
70953
70954
70955
70956
70957
70958
70959
70960
70961
70962
70963
70964
70965
70966
70967
70968
70969
70970
70971
70972
70973
70974
70975
70976
70977
70978
70979
70980
70981
70982
70983
70984
70985
70986
70987
70988
70989
70990
70991
70992
70993
70994
70995
70996
70997
70998
70999
71000
71001
71002
71003
71004
71005
71006
71007
71008
71009
71010
71011
71012
71013
71014
71015
71016
71017
71018
71019
71020
71021
71022
71023
71024
71025
71026
71027
71028
71029
71030
71031
71032
71033
71034
71035
71036
71037
71038
71039
71040
71041
71042
71043
71044
71045
71046
71047
71048
71049
71051
71052
71053
71054
71055
71056
71057
71058
71059
71060
71061
71062
71063
71064
71065
71066
71067
71068
71069
71070
71071
71072
71073
71074
71075
71076
71077
71078
71079
71080
71081
71082
71083
71084
71085
71086
71087
71088
71089
71090
71091
71092
71093
71094
71095
71096
71097
71098
71099
71100
71101
71102
71103
71104
71105
71106
71107
71108
71109
71110
71111
71112
71113
71114
71115
71116
71117
71118
71119
71120
71121
71122
71123
71124
71125
71126
71127
71128
71129
71130
71131
71132
71133
71134
71135
71136
71137
71138
71139
71140
71141
71142
71143
71144
71145
71146
71147
71148
71149
71151
71152
71153
71154
71155
71156
71157
71158
71159
71160
71161
71162
71163
71164
71165
71166
71167
71168
71169
71170
71171
71172
71173
71174
71175
71176
71177
71178
71179
71180
71181
71182
71183
71184
71185
71186
71187
71188
71189
71190
71191
71192
71193
71194
71195
71196
71197
71198
71199
71200
71201
71202
71203
71204
71205
71206
71207
71208
71209
71210
71211
71212
71213
71214
71215
71216
71217
71218
71219
71220
71221
71222
71223
71224
71225
71226
71227
71228
71229
71230
71231
71232
71233
71234
71235
71236
71237
71238
71239
71240
71241
71242
71243
71244
71245
71246
71247
71248
71249
71251
71252
71253
71254
71255
71256
71257
71258
71259
71260
71261
71262
71263
71264
71265
71266
71267
71268
71269
71270
71271
71272
71273
71274
71275
71276
71277
71278
71279
71280
71281
71282
71283
71284
71285
71286
71287
71288
71289
71290
71291
71292
71293
71294
71295
71296
71297
71298
71299
71300
71301
71302
71303
71304
71305
71306
71307
71308
71309
71310
71311
71312
71313
71314
71315
71316
71317
71318
71319
71320
71321
71322
71323
71324
71325
71326
71327
71328
71329
71330
71331
71332
71333
71334
71335
71336
71337
71338
71339
71340
71341
71342
71343
71344
71345
71346
71347
71348
71349
71351
71352
71353
71354
71355
71356
71357
71358
71359
71360
71361
71362
71363
71364
71365
71366
71367
71368
71369
71370
71371
71372
71373
71374
71375
71376
71377
71378
71379
71380
71381
71382
71383
71384
71385
71386
71387
71388
71389
71390
71391
71392
71393
71394
71395
71396
71397
71398
71399
71400
71401
71402
71403
71404
71405
71406
71407
71408
71409
71410
71411
71412
71413
71414
71415
71416
71417
71418
71419
71420
71421
71422
71423
71424
71425
71426
71427
71428
71429
71430
71431
71432
71433
71434
71435
71436
71437
71438
71439
71440
71441
71442
71443
71444
71445
71446
71447
71448
71449
71451
71452
71453
71454
71455
71456
71457
71458
71459
71460
71461
71462
71463
71464
71465
71466
71467
71468
71469
71470
71471
71472
71473
71474
71475
71476
71477
71478
71479
71480
71481
71482
71483
71484
71485
71486
71487
71488
71489
71490
71491
71492
71493
71494
71495
71496
71497
71498
71499
71500
71501
71502
71503
71504
71505
71506
71507
71508
71509
71510
71511
71512
71513
71514
71515
71516
71517
71518
71519
71520
71521
71522
71523
71524
71525
71526
71527
71528
71529
71530
71531
71532
71533
71534
71535
71536
71537
71538
71539
71540
71541
71542
71543
71544
71545
71546
71547
71548
71549
71551
71552
71553
71554
71555
71556
71557
71558
71559
71560
71561
71562
71563
71564
71565
71566
71567
71568
71569
71570
71571
71572
71573
71574
71575
71576
71577
71578
71579
71580
71581
71582
71583
71584
71585
71586
71587
71588
71589
71590
71591
71592
71593
71594
71595
71596
71597
71598
71599
71600
71601
71602
71603
71604
71605
71606
71607
71608
71609
71610
71611
71612
71613
71614
71615
71616
71617
71618
71619
71620
71621
71622
71623
71624
71625
71626
71627
71628
71629
71630
71631
71632
71633
71634
71635
71636
71637
71638
71639
71640
71641
71642
71643
71644
71645
71646
71647
71648
71649
71651
71652
71653
71654
71655
71656
71657
71658
71659
71660
71661
71662
71663
71664
71665
71666
71667
71668
71669
71670
71671
71672
71673
71674
71675
71676
71677
71678
71679
71680
71681
71682
71683
71684
71685
71686
71687
71688
71689
71690
71691
71692
71693
71694
71695
71696
71697
71698
71699
71700
71701
71702
71703
71704
71705
71706
71707
71708
71709
71710
71711
71712
71713
71714
71715
71716
71717
71718
71719
71720
71721
71722
71723
71724
71725
71726
71727
71728
71729
71730
71731
71732
71733
71734
71735
71736
71737
71738
71739
71740
71741
71742
71743
71744
71745
71746
71747
71748
71749
71751
71752
71753
71754
71755
71756
71757
71758
71759
71760
71761
71762
71763
71764
71765
71766
71767
71768
71769
71770
71771
71772
71773
71774
71775
71776
71777
71778
71779
71780
71781
71782
71783
71784
71785
71786
71787
71788
71789
71790
71791
71792
71793
71794
71795
71796
71797
71798
71799
71800
71801
71802
71803
71804
71805
71806
71807
71808
71809
71810
71811
71812
71813
71814
71815
71816
71817
71818
71819
71820
71821
71822
71823
71824
71825
71826
71827
71828
71829
71830
71831
71832
71833
71834
71835
71836
71837
71838
71839
71840
71841
71842
71843
71844
71845
71846
71847
71848
71849
71851
71852
71853
71854
71855
71856
71857
71858
71859
71860
71861
71862
71863
71864
71865
71866
71867
71868
71869
71870
71871
71872
71873
71874
71875
71876
71877
71878
71879
71880
71881
71882
71883
71884
71885
71886
71887
71888
71889
71890
71891
71892
71893
71894
71895
71896
71897
71898
71899
71900
71901
71902
71903
71904
71905
71906
71907
71908
71909
71910
71911
71912
71913
71914
71915
71916
71917
71918
71919
71920
71921
71922
71923
71924
71925
71926
71927
71928
71929
71930
71931
71932
71933
71934
71935
71936
71937
71938
71939
71940
71941
71942
71943
71944
71945
71946
71947
71948
71949
71951
71952
71953
71954
71955
71956
71957
71958
71959
71960
71961
71962
71963
71964
71965
71966
71967
71968
71969
71970
71971
71972
71973
71974
71975
71976
71977
71978
71979
71980
71981
71982
71983
71984
71985
71986
71987
71988
71989
71990
71991
71992
71993
71994
71995
71996
71997
71998
71999
72000
72001
72002
72003
72004
72005
72006
72007
72008
72009
72010
72011
72012
72013
72014
72015
72016
72017
72018
72019
72020
72021
72022
72023
72024
72025
72026
72027
72028
72029
72030
72031
72032
72033
72034
72035
72036
72037
72038
72039
72040
72041
72042
72043
72044
72045
72046
72047
72048
72049
72051
72052
72053
72054
72055
72056
72057
72058
72059
72060
72061
72062
72063
72064
72065
72066
72067
72068
72069
72070
72071
72072
72073
72074
72075
72076
72077
72078
72079
72080
72081
72082
72083
72084
72085
72086
72087
72088
72089
72090
72091
72092
72093
72094
72095
72096
72097
72098
72099
72100
72101
72102
72103
72104
72105
72106
72107
72108
72109
72110
72111
72112
72113
72114
72115
72116
72117
72118
72119
72120
72121
72122
72123
72124
72125
72126
72127
72128
72129
72130
72131
72132
72133
72134
72135
72136
72137
72138
72139
72140
72141
72142
72143
72144
72145
72146
72147
72148
72149
72151
72152
72153
72154
72155
72156
72157
72158
72159
72160
72161
72162
72163
72164
72165
72166
72167
72168
72169
72170
72171
72172
72173
72174
72175
72176
72177
72178
72179
72180
72181
72182
72183
72184
72185
72186
72187
72188
72189
72190
72191
72192
72193
72194
72195
72196
72197
72198
72199
72200
72201
72202
72203
72204
72205
72206
72207
72208
72209
72210
72211
72212
72213
72214
72215
72216
72217
72218
72219
72220
72221
72222
72223
72224
72225
72226
72227
72228
72229
72230
72231
72232
72233
72234
72235
72236
72237
72238
72239
72240
72241
72242
72243
72244
72245
72246
72247
72248
72249
72251
72252
72253
72254
72255
72256
72257
72258
72259
72260
72261
72262
72263
72264
72265
72266
72267
72268
72269
72270
72271
72272
72273
72274
72275
72276
72277
72278
72279
72280
72281
72282
72283
72284
72285
72286
72287
72288
72289
72290
72291
72292
72293
72294
72295
72296
72297
72298
72299
72300
72301
72302
72303
72304
72305
72306
72307
72308
72309
72310
72311
72312
72313
72314
72315
72316
72317
72318
72319
72320
72321
72322
72323
72324
72325
72326
72327
72328
72329
72330
72331
72332
72333
72334
72335
72336
72337
72338
72339
72340
72341
72342
72343
72344
72345
72346
72347
72348
72349
72351
72352
72353
72354
72355
72356
72357
72358
72359
72360
72361
72362
72363
72364
72365
72366
72367
72368
72369
72370
72371
72372
72373
72374
72375
72376
72377
72378
72379
72380
72381
72382
72383
72384
72385
72386
72387
72388
72389
72390
72391
72392
72393
72394
72395
72396
72397
72398
72399
72400
72401
72402
72403
72404
72405
72406
72407
72408
72409
72410
72411
72412
72413
72414
72415
72416
72417
72418
72419
72420
72421
72422
72423
72424
72425
72426
72427
72428
72429
72430
72431
72432
72433
72434
72435
72436
72437
72438
72439
72440
72441
72442
72443
72444
72445
72446
72447
72448
72449
72451
72452
72453
72454
72455
72456
72457
72458
72459
72460
72461
72462
72463
72464
72465
72466
72467
72468
72469
72470
72471
72472
72473
72474
72475
72476
72477
72478
72479
72480
72481
72482
72483
72484
72485
72486
72487
72488
72489
72490
72491
72492
72493
72494
72495
72496
72497
72498
72499
72500
72501
72502
72503
72504
72505
72506
72507
72508
72509
72510
72511
72512
72513
72514
72515
72516
72517
72518
72519
72520
72521
72522
72523
72524
72525
72526
72527
72528
72529
72530
72531
72532
72533
72534
72535
72536
72537
72538
72539
72540
72541
72542
72543
72544
72545
72546
72547
72548
72549
72551
72552
72553
72554
72555
72556
72557
72558
72559
72560
72561
72562
72563
72564
72565
72566
72567
72568
72569
72570
72571
72572
72573
72574
72575
72576
72577
72578
72579
72580
72581
72582
72583
72584
72585
72586
72587
72588
72589
72590
72591
72592
72593
72594
72595
72596
72597
72598
72599
72600
72601
72602
72603
72604
72605
72606
72607
72608
72609
72610
72611
72612
72613
72614
72615
72616
72617
72618
72619
72620
72621
72622
72623
72624
72625
72626
72627
72628
72629
72630
72631
72632
72633
72634
72635
72636
72637
72638
72639
72640
72641
72642
72643
72644
72645
72646
72647
72648
72649
72651
72652
72653
72654
72655
72656
72657
72658
72659
72660
72661
72662
72663
72664
72665
72666
72667
72668
72669
72670
72671
72672
72673
72674
72675
72676
72677
72678
72679
72680
72681
72682
72683
72684
72685
72686
72687
72688
72689
72690
72691
72692
72693
72694
72695
72696
72697
72698
72699
72700
72701
72702
72703
72704
72705
72706
72707
72708
72709
72710
72711
72712
72713
72714
72715
72716
72717
72718
72719
72720
72721
72722
72723
72724
72725
72726
72727
72728
72729
72730
72731
72732
72733
72734
72735
72736
72737
72738
72739
72740
72741
72742
72743
72744
72745
72746
72747
72748
72749
72751
72752
72753
72754
72755
72756
72757
72758
72759
72760
72761
72762
72763
72764
72765
72766
72767
72768
72769
72770
72771
72772
72773
72774
72775
72776
72777
72778
72779
72780
72781
72782
72783
72784
72785
72786
72787
72788
72789
72790
72791
72792
72793
72794
72795
72796
72797
72798
72799
72800
72801
72802
72803
72804
72805
72806
72807
72808
72809
72810
72811
72812
72813
72814
72815
72816
72817
72818
72819
72820
72821
72822
72823
72824
72825
72826
72827
72828
72829
72830
72831
72832
72833
72834
72835
72836
72837
72838
72839
72840
72841
72842
72843
72844
72845
72846
72847
72848
72849
72851
72852
72853
72854
72855
72856
72857
72858
72859
72860
72861
72862
72863
72864
72865
72866
72867
72868
72869
72870
72871
72872
72873
72874
72875
72876
72877
72878
72879
72880
72881
72882
72883
72884
72885
72886
72887
72888
72889
72890
72891
72892
72893
72894
72895
72896
72897
72898
72899
72900
72901
72902
72903
72904
72905
72906
72907
72908
72909
72910
72911
72912
72913
72914
72915
72916
72917
72918
72919
72920
72921
72922
72923
72924
72925
72926
72927
72928
72929
72930
72931
72932
72933
72934
72935
72936
72937
72938
72939
72940
72941
72942
72943
72944
72945
72946
72947
72948
72949
72951
72952
72953
72954
72955
72956
72957
72958
72959
72960
72961
72962
72963
72964
72965
72966
72967
72968
72969
72970
72971
72972
72973
72974
72975
72976
72977
72978
72979
72980
72981
72982
72983
72984
72985
72986
72987
72988
72989
72990
72991
72992
72993
72994
72995
72996
72997
72998
72999
73000
73001
73002
73003
73004
73005
73006
73007
73008
73009
73010
73011
73012
73013
73014
73015
73016
73017
73018
73019
73020
73021
73022
73023
73024
73025
73026
73027
73028
73029
73030
73031
73032
73033
73034
73035
73036
73037
73038
73039
73040
73041
73042
73043
73044
73045
73046
73047
73048
73049
73051
73052
73053
73054
73055
73056
73057
73058
73059
73060
73061
73062
73063
73064
73065
73066
73067
73068
73069
73070
73071
73072
73073
73074
73075
73076
73077
73078
73079
73080
73081
73082
73083
73084
73085
73086
73087
73088
73089
73090
73091
73092
73093
73094
73095
73096
73097
73098
73099
73100
73101
73102
73103
73104
73105
73106
73107
73108
73109
73110
73111
73112
73113
73114
73115
73116
73117
73118
73119
73120
73121
73122
73123
73124
73125
73126
73127
73128
73129
73130
73131
73132
73133
73134
73135
73136
73137
73138
73139
73140
73141
73142
73143
73144
73145
73146
73147
73148
73149
73151
73152
73153
73154
73155
73156
73157
73158
73159
73160
73161
73162
73163
73164
73165
73166
73167
73168
73169
73170
73171
73172
73173
73174
73175
73176
73177
73178
73179
73180
73181
73182
73183
73184
73185
73186
73187
73188
73189
73190
73191
73192
73193
73194
73195
73196
73197
73198
73199
73200
73201
73202
73203
73204
73205
73206
73207
73208
73209
73210
73211
73212
73213
73214
73215
73216
73217
73218
73219
73220
73221
73222
73223
73224
73225
73226
73227
73228
73229
73230
73231
73232
73233
73234
73235
73236
73237
73238
73239
73240
73241
73242
73243
73244
73245
73246
73247
73248
73249
73251
73252
73253
73254
73255
73256
73257
73258
73259
73260
73261
73262
73263
73264
73265
73266
73267
73268
73269
73270
73271
73272
73273
73274
73275
73276
73277
73278
73279
73280
73281
73282
73283
73284
73285
73286
73287
73288
73289
73290
73291
73292
73293
73294
73295
73296
73297
73298
73299
73300
73301
73302
73303
73304
73305
73306
73307
73308
73309
73310
73311
73312
73313
73314
73315
73316
73317
73318
73319
73320
73321
73322
73323
73324
73325
73326
73327
73328
73329
73330
73331
73332
73333
73334
73335
73336
73337
73338
73339
73340
73341
73342
73343
73344
73345
73346
73347
73348
73349
73351
73352
73353
73354
73355
73356
73357
73358
73359
73360
73361
73362
73363
73364
73365
73366
73367
73368
73369
73370
73371
73372
73373
73374
73375
73376
73377
73378
73379
73380
73381
73382
73383
73384
73385
73386
73387
73388
73389
73390
73391
73392
73393
73394
73395
73396
73397
73398
73399
73400
73401
73402
73403
73404
73405
73406
73407
73408
73409
73410
73411
73412
73413
73414
73415
73416
73417
73418
73419
73420
73421
73422
73423
73424
73425
73426
73427
73428
73429
73430
73431
73432
73433
73434
73435
73436
73437
73438
73439
73440
73441
73442
73443
73444
73445
73446
73447
73448
73449
73451
73452
73453
73454
73455
73456
73457
73458
73459
73460
73461
73462
73463
73464
73465
73466
73467
73468
73469
73470
73471
73472
73473
73474
73475
73476
73477
73478
73479
73480
73481
73482
73483
73484
73485
73486
73487
73488
73489
73490
73491
73492
73493
73494
73495
73496
73497
73498
73499
73500
73501
73502
73503
73504
73505
73506
73507
73508
73509
73510
73511
73512
73513
73514
73515
73516
73517
73518
73519
73520
73521
73522
73523
73524
73525
73526
73527
73528
73529
73530
73531
73532
73533
73534
73535
73536
73537
73538
73539
73540
73541
73542
73543
73544
73545
73546
73547
73548
73549
73551
73552
73553
73554
73555
73556
73557
73558
73559
73560
73561
73562
73563
73564
73565
73566
73567
73568
73569
73570
73571
73572
73573
73574
73575
73576
73577
73578
73579
73580
73581
73582
73583
73584
73585
73586
73587
73588
73589
73590
73591
73592
73593
73594
73595
73596
73597
73598
73599
73600
73601
73602
73603
73604
73605
73606
73607
73608
73609
73610
73611
73612
73613
73614
73615
73616
73617
73618
73619
73620
73621
73622
73623
73624
73625
73626
73627
73628
73629
73630
73631
73632
73633
73634
73635
73636
73637
73638
73639
73640
73641
73642
73643
73644
73645
73646
73647
73648
73649
73651
73652
73653
73654
73655
73656
73657
73658
73659
73660
73661
73662
73663
73664
73665
73666
73667
73668
73669
73670
73671
73672
73673
73674
73675
73676
73677
73678
73679
73680
73681
73682
73683
73684
73685
73686
73687
73688
73689
73690
73691
73692
73693
73694
73695
73696
73697
73698
73699
73700
73701
73702
73703
73704
73705
73706
73707
73708
73709
73710
73711
73712
73713
73714
73715
73716
73717
73718
73719
73720
73721
73722
73723
73724
73725
73726
73727
73728
73729
73730
73731
73732
73733
73734
73735
73736
73737
73738
73739
73740
73741
73742
73743
73744
73745
73746
73747
73748
73749
73751
73752
73753
73754
73755
73756
73757
73758
73759
73760
73761
73762
73763
73764
73765
73766
73767
73768
73769
73770
73771
73772
73773
73774
73775
73776
73777
73778
73779
73780
73781
73782
73783
73784
73785
73786
73787
73788
73789
73790
73791
73792
73793
73794
73795
73796
73797
73798
73799
73800
73801
73802
73803
73804
73805
73806
73807
73808
73809
73810
73811
73812
73813
73814
73815
73816
73817
73818
73819
73820
73821
73822
73823
73824
73825
73826
73827
73828
73829
73830
73831
73832
73833
73834
73835
73836
73837
73838
73839
73840
73841
73842
73843
73844
73845
73846
73847
73848
73849
73851
73852
73853
73854
73855
73856
73857
73858
73859
73860
73861
73862
73863
73864
73865
73866
73867
73868
73869
73870
73871
73872
73873
73874
73875
73876
73877
73878
73879
73880
73881
73882
73883
73884
73885
73886
73887
73888
73889
73890
73891
73892
73893
73894
73895
73896
73897
73898
73899
73900
73901
73902
73903
73904
73905
73906
73907
73908
73909
73910
73911
73912
73913
73914
73915
73916
73917
73918
73919
73920
73921
73922
73923
73924
73925
73926
73927
73928
73929
73930
73931
73932
73933
73934
73935
73936
73937
73938
73939
73940
73941
73942
73943
73944
73945
73946
73947
73948
73949
73951
73952
73953
73954
73955
73956
73957
73958
73959
73960
73961
73962
73963
73964
73965
73966
73967
73968
73969
73970
73971
73972
73973
73974
73975
73976
73977
73978
73979
73980
73981
73982
73983
73984
73985
73986
73987
73988
73989
73990
73991
73992
73993
73994
73995
73996
73997
73998
73999
74000
74001
74002
74003
74004
74005
74006
74007
74008
74009
74010
74011
74012
74013
74014
74015
74016
74017
74018
74019
74020
74021
74022
74023
74024
74025
74026
74027
74028
74029
74030
74031
74032
74033
74034
74035
74036
74037
74038
74039
74040
74041
74042
74043
74044
74045
74046
74047
74048
74049
74051
74052
74053
74054
74055
74056
74057
74058
74059
74060
74061
74062
74063
74064
74065
74066
74067
74068
74069
74070
74071
74072
74073
74074
74075
74076
74077
74078
74079
74080
74081
74082
74083
74084
74085
74086
74087
74088
74089
74090
74091
74092
74093
74094
74095
74096
74097
74098
74099
74100
74101
74102
74103
74104
74105
74106
74107
74108
74109
74110
74111
74112
74113
74114
74115
74116
74117
74118
74119
74120
74121
74122
74123
74124
74125
74126
74127
74128
74129
74130
74131
74132
74133
74134
74135
74136
74137
74138
74139
74140
74141
74142
74143
74144
74145
74146
74147
74148
74149
74151
74152
74153
74154
74155
74156
74157
74158
74159
74160
74161
74162
74163
74164
74165
74166
74167
74168
74169
74170
74171
74172
74173
74174
74175
74176
74177
74178
74179
74180
74181
74182
74183
74184
74185
74186
74187
74188
74189
74190
74191
74192
74193
74194
74195
74196
74197
74198
74199
74200
74201
74202
74203
74204
74205
74206
74207
74208
74209
74210
74211
74212
74213
74214
74215
74216
74217
74218
74219
74220
74221
74222
74223
74224
74225
74226
74227
74228
74229
74230
74231
74232
74233
74234
74235
74236
74237
74238
74239
74240
74241
74242
74243
74244
74245
74246
74247
74248
74249
74251
74252
74253
74254
74255
74256
74257
74258
74259
74260
74261
74262
74263
74264
74265
74266
74267
74268
74269
74270
74271
74272
74273
74274
74275
74276
74277
74278
74279
74280
74281
74282
74283
74284
74285
74286
74287
74288
74289
74290
74291
74292
74293
74294
74295
74296
74297
74298
74299
74300
74301
74302
74303
74304
74305
74306
74307
74308
74309
74310
74311
74312
74313
74314
74315
74316
74317
74318
74319
74320
74321
74322
74323
74324
74325
74326
74327
74328
74329
74330
74331
74332
74333
74334
74335
74336
74337
74338
74339
74340
74341
74342
74343
74344
74345
74346
74347
74348
74349
74351
74352
74353
74354
74355
74356
74357
74358
74359
74360
74361
74362
74363
74364
74365
74366
74367
74368
74369
74370
74371
74372
74373
74374
74375
74376
74377
74378
74379
74380
74381
74382
74383
74384
74385
74386
74387
74388
74389
74390
74391
74392
74393
74394
74395
74396
74397
74398
74399
74400
74401
74402
74403
74404
74405
74406
74407
74408
74409
74410
74411
74412
74413
74414
74415
74416
74417
74418
74419
74420
74421
74422
74423
74424
74425
74426
74427
74428
74429
74430
74431
74432
74433
74434
74435
74436
74437
74438
74439
74440
74441
74442
74443
74444
74445
74446
74447
74448
74449
74451
74452
74453
74454
74455
74456
74457
74458
74459
74460
74461
74462
74463
74464
74465
74466
74467
74468
74469
74470
74471
74472
74473
74474
74475
74476
74477
74478
74479
74480
74481
74482
74483
74484
74485
74486
74487
74488
74489
74490
74491
74492
74493
74494
74495
74496
74497
74498
74499
74500
74501
74502
74503
74504
74505
74506
74507
74508
74509
74510
74511
74512
74513
74514
74515
74516
74517
74518
74519
74520
74521
74522
74523
74524
74525
74526
74527
74528
74529
74530
74531
74532
74533
74534
74535
74536
74537
74538
74539
74540
74541
74542
74543
74544
74545
74546
74547
74548
74549
74551
74552
74553
74554
74555
74556
74557
74558
74559
74560
74561
74562
74563
74564
74565
74566
74567
74568
74569
74570
74571
74572
74573
74574
74575
74576
74577
74578
74579
74580
74581
74582
74583
74584
74585
74586
74587
74588
74589
74590
74591
74592
74593
74594
74595
74596
74597
74598
74599
74600
74601
74602
74603
74604
74605
74606
74607
74608
74609
74610
74611
74612
74613
74614
74615
74616
74617
74618
74619
74620
74621
74622
74623
74624
74625
74626
74627
74628
74629
74630
74631
74632
74633
74634
74635
74636
74637
74638
74639
74640
74641
74642
74643
74644
74645
74646
74647
74648
74649
74651
74652
74653
74654
74655
74656
74657
74658
74659
74660
74661
74662
74663
74664
74665
74666
74667
74668
74669
74670
74671
74672
74673
74674
74675
74676
74677
74678
74679
74680
74681
74682
74683
74684
74685
74686
74687
74688
74689
74690
74691
74692
74693
74694
74695
74696
74697
74698
74699
74700
74701
74702
74703
74704
74705
74706
74707
74708
74709
74710
74711
74712
74713
74714
74715
74716
74717
74718
74719
74720
74721
74722
74723
74724
74725
74726
74727
74728
74729
74730
74731
74732
74733
74734
74735
74736
74737
74738
74739
74740
74741
74742
74743
74744
74745
74746
74747
74748
74749
74751
74753
74755
74757
74759
74761
74763
74765
74767
74769
74771
74773
74775
74777
74779
74781
74783
74785
74787
74789
74791
74793
74795
74797
74799
74801
74803
74805
74807
74809
74811
74813
74815
74817
74819
74821
74823
74825
74827
74829
74831
74833
74835
74837
74839
74841
74843
74845
74847
209351
209352
209353
209354
209355
209356
209357
209358
209359
209360
209361
209362
209363
209364
209365
209366
209367
209368
209369
209370
209371
209372
209373
209374
209375
209376
209377
209378
209379
209380
209381
209382
209383
209384
209385
209386
209387
209388
209389
209390
209391
209392
209393
209394
209395
209396
209397
209398
209399
209400
209401
209402
209403
209404
209405
209406
209407
209408
209409
209410
209411
209412
209413
209414
209415
209416
209417
209418
209419
209420
209421
209422
209423
209424
209425
209426
209427
209428
209429
209430
209431
209432
209433
209434
209435
209436
209437
209438
209439
209440
209441
209442
209443
209444
209445
209446
209447
209448
209449
209450
209451
209452
209453
209454
209455
209456
209457
209458
209459
209460
209461
209462
209463
209464
209465
209466
209467
209468
209469
209470
209471
209472
209473
209474
209475
209476
209477
209478
209479
209480
209481
209482
209483
209484
209485
209486
209487
209488
209489
209490
209491
209492
209493
209494
209495
209496
209497
209498
209499
209500
209501
209502
209503
209504
209505
209506
209507
209508
209509
209510
209511
209512
209513
209514
209515
209516
209517
209518
209519
209520
209521
209522
209523
209524
209525
209526
209527
209528
209529
209530
209531
209532
209533
209534
209535
209536
209537
209538
209539
209540
209541
209542
209543
209544
209545
209546
209547
209548
209549
209550
209551
209552
209553
209554
209555
209556
209557
209558
209559
209560
209561
209562
209563
209564
209565
209566
209567
209568
209569
209570
209571
209572
209573
209574
209575
209576
209577
209578
209579
209580
209581
209582
209583
209584
209585
209586
209587
209588
209589
209590
209591
209592
209593
209594
209595
209596
209597
209598
209599
209600
209601
209602
209603
209604
209605
209606
209607
209608
209609
209610
209611
209612
209613
209614
209615
209616
209617
209618
209619
209620
209621
209622
209623
209624
209625
209626
209627
209628
209629
209630
209631
209632
209633
209634
209635
209636
209637
209638
209639
209640
209641
209642
209643
209644
209645
209646
209647
209648
209649
209650
209651
209652
209653
209654
209655
209656
209657
209658
209659
209660
209661
209662
209663
209664
209665
209666
209667
209668
209669
209670
209671
209672
209673
209674
209675
209676
209677
209678
209679
209680
209681
209682
209683
209684
209685
209686
209687
209688
209689
209690
209691
209692
209693
209694
209695
209696
209697
209698
209699
209700
209701
209702
209703
209704
209705
209706
209707
209708
209709
209710
209711
209712
209713
209714
209715
209716
209717
209718
209719
209720
209721
209722
209723
209724
209725
209726
209727
209728
209729
209730
209731
209732
209733
209734
209735
209736
209737
209738
209739
209740
209741
209742
209743
209744
209745
209746
209747
209748
209749
209750
209751
209752
209753
209754
209755
209756
209757
209758
209759
209760
209761
209762
209763
209764
209765
209766
209767
209768
209769
209770
209771
209772
209773
209774
209775
209776
209777
209778
209779
209780
209781
209782
209783
209784
209785
209786
209787
209788
209789
209790
209791
209792
209793
209794
209795
209796
209797
209798
209799
209800
209801
209802
209803
209804
209805
209806
209807
209808
209809
209810
209811
209812
209813
209814
209815
209816
209817
209818
209819
209820
209821
209822
209823
209824
209825
209826
209827
209828
209829
209830
209831
209832
209833
209834
209835
209836
209837
209838
209839
209840
209841
209842
209843
209844
209845
209846
209847
209848
209849
209850
209851
209852
209853
209854
209855
209856
209857
209858
209859
209860
209861
209862
209863
209864
209865
209866
209867
209868
209869
209870
209871
209872
209873
209874
209875
209876
209877
209878
209879
209880
209881
209882
209883
209884
209885
209886
209887
209888
209889
209890
209891
209892
209893
209894
209895
209896
209897
209898
209899
209900
209901
209902
209903
209904
209905
209906
209907
209908
209909
209910
209911
209912
209913
209914
209915
209916
209917
209918
209919
209920
209921
209922
209923
209924
209925
209926
209927
209928
209929
209930
209931
209932
209933
209934
209935
209936
209937
209938
209939
209940
209941
209942
209943
209944
209945
209946
209947
209948
209949
209950
209951
209952
209953
209954
209955
209956
209957
209958
209959
209960
209961
209962
209963
209964
209965
209966
209967
209968
209969
209970
209971
209972
209973
209974
209975
209976
209977
209978
209979
209980
209981
209982
209983
209984
209985
209986
209987
209988
209989
209990
209991
209992
209993
209994
209995
209996
209997
209998
209999
210000
210001
210002
210003
210004
210005
210006
210007
210008
210009
210010
210011
210012
210013
210014
210015
210016
210017
210018
210019
210020
210021
210022
210023
210024
210025
210026
210027
210028
210029
210030
210031
210032
210033
210034
210035
210036
210037
210038
210039
210040
210041
210042
210043
210044
210045
210046
210047
210048
210049
210050
210051
210052
210053
210054
210055
210056
210057
210058
210059
210060
210061
210062
210063
210064
210065
210066
210067
210068
210069
210070
210071
210072
210073
210074
210075
210076
210077
210078
210079
210080
210081
210082
210083
210084
210085
210086
210087
210088
210089
210090
210091
210092
210093
210094
210095
210096
210097
210098
210099
210100
210101
210102
210103
210104
210105
210106
210107
210108
210109
210110
210111
210112
210113
210114
210115
210116
210117
210118
210119
210120
210121
210122
210123
210124
210125
210126
210127
210128
210129
210130
210131
210132
210133
210134
210135
210136
210137
210138
210139
210140
210141
210142
210143
210144
210145
210146
210147
210148
210149
210150
210151
210152
210153
210154
210155
210156
210157
210158
210159
210160
210161
210162
210163
210164
210165
210166
210167
210168
210169
210170
210171
210172
210173
210174
210175
210176
210177
210178
210179
210180
210181
210182
210183
210184
210185
210186
210187
210188
210189
210190
210191
210192
210193
210194
210195
210196
210197
210198
210199
210200
210201
210202
210203
210204
210205
210206
210207
210208
210209
210210
210211
210212
210213
210214
210215
210216
210217
210218
210219
210220
210221
210222
210223
210224
210225
210226
210227
210228
210229
210230
210231
210232
210233
210234
210235
210236
210237
210238
210239
210240
210241
210242
210243
210244
210245
210246
210247
210248
210249
210250
210251
210252
210253
210254
210255
210256
210257
210258
210259
210260
210261
210262
210263
210264
210265
210266
210267
210268
210269
210270
210271
210272
210273
210274
210275
210276
210277
210278
210279
210280
210281
210282
210283
210284
210285
210286
210287
210288
210289
210290
210291
210292
210293
210294
210295
210296
210297
210298
210299
210300
210301
210302
210303
210304
210305
210306
210307
210308
210309
210310
210311
210312
210313
210314
210315
210316
210317
210318
210319
210320
210321
210322
210323
210324
210325
210326
210327
210328
210329
210330
210331
210332
210333
210334
210335
210336
210337
210338
210339
210340
210341
210342
210343
210344
210345
210346
210347
210348
210349
210350
210351
210352
210353
210354
210355
210356
210357
210358
210359
210360
210361
210362
210363
210364
210365
210366
210367
210368
210369
210370
210371
210372
210373
210374
210375
210376
210377
210378
210379
210380
210381
210382
210383
210384
210385
210386
210387
210388
210389
210390
210391
210392
210393
210394
210395
210396
210397
210398
210399
210400
210401
210402
210403
210404
210405
210406
210407
210408
210409
210410
210411
210412
210413
210414
210415
210416
210417
210418
210419
210420
210421
210422
210423
210424
210425
210426
210427
210428
210429
210430
210431
210432
210433
210434
210435
210436
210437
210438
210439
210440
210441
210442
210443
210444
210445
210446
210447
210448
210449
210450
210451
210452
210453
210454
210455
210456
210457
210458
210459
210460
210461
210462
210463
210464
210465
210466
210467
210468
210469
210470
210471
210472
210473
210474
210475
210476
210477
210478
210479
210480
210481
210482
210483
210484
210485
210486
210487
210488
210489
210490
210491
210492
210493
210494
210495
210496
210497
210498
210499
210500
210501
210502
210503
210504
210505
210506
210507
210508
210509
210510
210511
210512
210513
210514
210515
210516
210517
210518
210519
210520
210521
210522
210523
210524
210525
210526
210527
210528
210529
210530
210531
210532
210533
210534
210535
210536
210537
210538
210539
210540
210541
210542
210543
210544
210545
210546
210547
210548
210549
210550
210551
210552
210553
210554
210555
210556
210557
210558
210559
210560
210561
210562
210563
210564
210565
210566
210567
210568
210569
210570
210571
210572
210573
210574
210575
210576
210577
210578
210579
210580
210581
210582
210583
210584
210585
210586
210587
210588
210589
210590
210591
210592
210593
210594
210595
210596
210597
210598
210599
210600
210601
210602
210603
210604
210605
210606
210607
210608
210609
210610
210611
210612
210613
210614
210615
210616
210617
210618
210619
210620
210621
210622
210623
210624
210625
210626
210627
210628
210629
210630
210631
210632
210633
210634
210635
210636
210637
210638
210639
210640
210641
210642
210643
210644
210645
210646
210647
210648
210649
210650
210651
210652
210653
210654
210655
210656
210657
210658
210659
210660
210661
210662
210663
210664
210665
210666
210667
210668
210669
210670
210671
210672
210673
210674
210675
210676
210677
210678
210679
210680
210681
210682
210683
210684
210685
210686
210687
210688
210689
210690
210691
210692
210693
210694
210695
210696
210697
210698
210699
210700
210701
210702
210703
210704
210705
210706
210707
210708
210709
210710
210711
210712
210713
210714
210715
210716
210717
210718
210719
210720
210721
210722
210723
210724
210725
210726
210727
210728
210729
210730
210731
210732
210733
210734
210735
210736
210737
210738
210739
210740
210741
210742
210743
210744
210745
210746
210747
210748
210749
210750
210751
210752
210753
210754
210755
210756
210757
210758
210759
210760
210761
210762
210763
210764
210765
210766
210767
210768
210769
210770
210771
210772
210773
210774
210775
210776
210777
210778
210779
210780
210781
210782
210783
210784
210785
210786
210787
210788
210789
210790
210791
210792
210793
210794
210795
210796
210797
210798
210799
210800
210801
210802
210803
210804
210805
210806
210807
210808
210809
210810
210811
210812
210813
210814
210815
210816
210817
210818
210819
210820
210821
210822
210823
210824
210825
210826
210827
210828
210829
210830
210831
210832
210833
210834
210835
210836
210837
210838
210839
210840
210841
210842
210843
210844
210845
210846
210847
210848
210849
210850
210851
210852
210853
210854
210855
210856
210857
210858
210859
210860
210861
210862
210863
210864
210865
210866
210867
210868
210869
210870
210871
210872
210873
210874
210875
210876
210877
210878
210879
210880
210881
210882
210883
210884
210885
210886
210887
210888
210889
210890
210891
210892
210893
210894
210895
210896
210897
210898
210899
210900
210901
210902
210903
210904
210905
210906
210907
210908
210909
210910
210911
210912
210913
210914
210915
210916
210917
210918
210919
210920
210921
210922
210923
210924
210925
210926
210927
210928
210929
210930
210931
210932
210933
210934
210935
210936
210937
210938
210939
210940
210941
210942
210943
210944
210945
210946
210947
210948
210949
210950
210951
210952
210953
210954
210955
210956
210957
210958
210959
210960
210961
210962
210963
210964
210965
210966
210967
210968
210969
210970
210971
210972
210973
210974
210975
210976
210977
210978
210979
210980
210981
210982
210983
210984
210985
210986
210987
210988
210989
210990
210991
210992
210993
210994
210995
210996
210997
210998
210999
211000
211001
211002
211003
211004
211005
211006
211007
211008
211009
211010
211011
211012
211013
211014
211015
211016
211017
211018
211019
211020
211021
211022
211023
211024
211025
211026
211027
211028
211029
211030
211031
211032
211033
211034
211035
211036
211037
211038
211039
211040
211041
211042
211043
211044
211045
211046
211047
211048
211049
211050
211051
211052
211053
211054
211055
211056
211057
211058
211059
211060
211061
211062
211063
211064
211065
211066
211067
211068
211069
211070
211071
211072
211073
211074
211075
211076
211077
211078
211079
211080
211081
211082
211083
211084
211085
211086
211087
211088
211089
211090
211091
211092
211093
211094
211095
211096
211097
211098
211099
211100
211101
211102
211103
211104
211105
211106
211107
211108
211109
211110
211111
211112
211113
211114
211115
211116
211117
211118
211119
211120
211121
211122
211123
211124
211125
211126
211127
211128
211129
211130
211131
211132
211133
211134
211135
211136
211137
211138
211139
211140
211141
211142
211143
211144
211145
211146
211147
211148
211149
211150
211151
211152
211153
211154
211155
211156
211157
211158
211159
211160
211161
211162
211163
211164
211165
211166
211167
211168
211169
211170
211171
211172
211173
211174
211175
211176
211177
211178
211179
211180
211181
211182
211183
211184
211185
211186
211187
211188
211189
211190
211191
211192
211193
211194
211195
211196
211197
211198
211199
211200
211201
211202
211203
211204
211205
211206
211207
211208
211209
211210
211211
211212
211213
211214
211215
211216
211217
211218
211219
211220
211221
211222
211223
211224
211225
211226
211227
211228
211229
211230
211231
211232
211233
211234
211235
211236
211237
211238
211239
211240
211241
211242
211243
211244
211245
211246
211247
211248
211249
211250
211251
211252
211253
211254
211255
211256
211257
211258
211259
211260
211261
211262
211263
211264
211265
211266
211267
211268
211269
211270
211271
211272
211273
211274
211275
211276
211277
211278
211279
211280
211281
211282
211283
211284
211285
211286
211287
211288
211289
211290
211291
211292
211293
211294
211295
211296
211297
211298
211299
211300
211301
211302
211303
211304
211305
211306
211307
211308
211309
211310
211311
211312
211313
211314
211315
211316
211317
211318
211319
211320
211321
211322
211323
211324
211325
211326
211327
211328
211329
211330
211331
211332
211333
211334
211335
211336
211337
211338
211339
211340
211341
211342
211343
211344
211345
211346
211347
211348
211349
211350
211351
211352
211353
211354
211355
211356
211357
211358
211359
211360
211361
211362
211363
211364
211365
211366
211367
211368
211369
211370
211371
211372
211373
211374
211375
211376
211377
211378
211379
211380
211381
211382
211383
211384
211385
211386
211387
211388
211389
211390
211391
211392
211393
211394
211395
211396
211397
211398
211399
211400
211401
211402
211403
211404
211405
211406
211407
211408
211409
211410
211411
211412
211413
211414
211415
211416
211417
211418
211419
211420
211421
211422
211423
211424
211425
211426
211427
211428
211429
211430
211431
211432
211433
211434
211435
211436
211437
211438
211439
211440
211441
211442
211443
211444
211445
211446
211447
211448
211449
211450
211451
211452
211453
211454
211455
211456
211457
211458
211459
211460
211461
211462
211463
211464
211465
211466
211467
211468
211469
211470
211471
211472
211473
211474
211475
211476
211477
211478
211479
211480
211481
211482
211483
211484
211485
211486
211487
211488
211489
211490
211491
211492
211493
211494
211495
211496
211497
211498
211499
211500
211501
211502
211503
211504
211505
211506
211507
211508
211509
211510
211511
211512
211513
211514
211515
211516
211517
211518
211519
211520
211521
211522
211523
211524
211525
211526
211527
211528
211529
211530
211531
211532
211533
211534
211535
211536
211537
211538
211539
211540
211541
211542
211543
211544
211545
211546
211547
211548
211549
211550
211551
211552
211553
211554
211555
211556
211557
211558
211559
211560
211561
211562
211563
211564
211565
211566
211567
211568
211569
211570
211571
211572
211573
211574
211575
211576
211577
211578
211579
211580
211581
211582
211583
211584
211585
211586
211587
211588
211589
211590
211591
211592
211593
211594
211595
211596
211597
211598
211599
211600
211601
211602
211603
211604
211605
211606
211607
211608
211609
211610
211611
211612
211613
211614
211615
211616
211617
211618
211619
211620
211621
211622
211623
211624
211625
211626
211627
211628
211629
211630
211631
211632
211633
211634
211635
211636
211637
211638
211639
211640
211641
211642
211643
211644
211645
211646
211647
211648
211649
211650
211651
211652
211653
211654
211655
211656
211657
211658
211659
211660
211661
211662
211663
211664
211665
211666
211667
211668
211669
211670
211671
211672
211673
211674
211675
211676
211677
211678
211679
211680
211681
211682
211683
211684
211685
211686
211687
211688
211689
211690
211691
211692
211693
211694
211695
211696
211697
211698
211699
211700
211701
211702
211703
211704
211705
211706
211707
211708
211709
211710
211711
211712
211713
211714
211715
211716
211717
211718
211719
211720
211721
211722
211723
211724
211725
211726
211727
211728
211729
211730
211731
211732
211733
211734
211735
211736
211737
211738
211739
211740
211741
211742
211743
211744
211745
211746
211747
211748
211749
211750
211751
211752
211753
211754
211755
211756
211757
211758
211759
211760
211761
211762
211763
211764
211765
211766
211767
211768
211769
211770
211771
211772
211773
211774
211775
211776
211777
211778
211779
211780
211781
211782
211783
211784
211785
211786
211787
211788
211789
211790
211791
211792
211793
211794
211795
211796
211797
211798
211799
211800
211801
211802
211803
211804
211805
211806
211807
211808
211809
211810
211811
211812
211813
211814
211815
211816
211817
211818
211819
211820
211821
211822
211823
211824
211825
211826
211827
211828
211829
211830
211831
211832
211833
211834
211835
211836
211837
211838
211839
211840
211841
211842
211843
211844
211845
211846
211847
211848
211849
211850
296851
296852
296853
296854
296855
296856
296857
296858
296859
296860
296861
296862
296863
296864
296865
296866
296867
296868
296869
296870
296871
296872
296873
296874
296875
296876
296877
296878
296879
296880
296881
296882
296883
296884
296885
296886
296887
296888
296889
296890
296891
296892
296893
296894
296895
296896
296897
296898
296899
296900
296901
296902
296903
296904
296905
296906
296907
296908
296909
296910
296911
296912
296913
296914
296915
296916
296917
296918
296919
296920
296921
296922
296923
296924
296925
296926
296927
296928
296929
296930
296931
296932
296933
296934
296935
296936
296937
296938
296939
296940
296941
296942
296943
296944
296945
296946
296947
296948
296949
296950
296951
296952
296953
296954
296955
296956
296957
296958
296959
296960
296961
296962
296963
296964
296965
296966
296967
296968
296969
296970
296971
296972
296973
296974
296975
296976
296977
296978
296979
296980
296981
296982
296983
296984
296985
296986
296987
296988
296989
296990
296991
296992
296993
296994
296995
296996
296997
296998
296999
297000
297001
297002
297003
297004
297005
297006
297007
297008
297009
297010
297011
297012
297013
297014
297015
297016
297017
297018
297019
297020
297021
297022
297023
297024
297025
297026
297027
297028
297029
297030
297031
297032
297033
297034
297035
297036
297037
297038
297039
297040
297041
297042
297043
297044
297045
297046
297047
297048
297049
297050
297051
297052
297053
297054
297055
297056
297057
297058
297059
297060
297061
297062
297063
297064
297065
297066
297067
297068
297069
297070
297071
297072
297073
297074
297075
297076
297077
297078
297079
297080
297081
297082
297083
297084
297085
297086
297087
297088
297089
297090
297091
297092
297093
297094
297095
297096
297097
297098
297099
297100
297101
297102
297103
297104
297105
297106
297107
297108
297109
297110
297111
297112
297113
297114
297115
297116
297117
297118
297119
297120
297121
297122
297123
297124
297125
297126
297127
297128
297129
297130
297131
297132
297133
297134
297135
297136
297137
297138
297139
297140
297141
297142
297143
297144
297145
297146
297147
297148
297149
297150
297151
297152
297153
297154
297155
297156
297157
297158
297159
297160
297161
297162
297163
297164
297165
297166
297167
297168
297169
297170
297171
297172
297173
297174
297175
297176
297177
297178
297179
297180
297181
297182
297183
297184
297185
297186
297187
297188
297189
297190
297191
297192
297193
297194
297195
297196
297197
297198
297199
297200
297201
297202
297203
297204
297205
297206
297207
297208
297209
297210
297211
297212
297213
297214
297215
297216
297217
297218
297219
297220
297221
297222
297223
297224
297225
297226
297227
297228
297229
297230
297231
297232
297233
297234
297235
297236
297237
297238
297239
297240
297241
297242
297243
297244
297245
297246
297247
297248
297249
297250
297251
297252
297253
297254
297255
297256
297257
297258
297259
297260
297261
297262
297263
297264
297265
297266
297267
297268
297269
297270
297271
297272
297273
297274
297275
297276
297277
297278
297279
297280
297281
297282
297283
297284
297285
297286
297287
297288
297289
297290
297291
297292
297293
297294
297295
297296
297297
297298
297299
297300
297301
297302
297303
297304
297305
297306
297307
297308
297309
297310
297311
297312
297313
297314
297315
297316
297317
297318
297319
297320
297321
297322
297323
297324
297325
297326
297327
297328
297329
297330
297331
297332
297333
297334
297335
297336
297337
297338
297339
297340
297341
297342
297343
297344
297345
297346
297347
297348
297349
297350
297351
297352
297353
297354
297355
297356
297357
297358
297359
297360
297361
297362
297363
297364
297365
297366
297367
297368
297369
297370
297371
297372
297373
297374
297375
297376
297377
297378
297379
297380
297381
297382
297383
297384
297385
297386
297387
297388
297389
297390
297391
297392
297393
297394
297395
297396
297397
297398
297399
297400
297401
297402
297403
297404
297405
297406
297407
297408
297409
297410
297411
297412
297413
297414
297415
297416
297417
297418
297419
297420
297421
297422
297423
297424
297425
297426
297427
297428
297429
297430
297431
297432
297433
297434
297435
297436
297437
297438
297439
297440
297441
297442
297443
297444
297445
297446
297447
297448
297449
297450
297451
297452
297453
297454
297455
297456
297457
297458
297459
297460
297461
297462
297463
297464
297465
297466
297467
297468
297469
297470
297471
297472
297473
297474
297475
297476
297477
297478
297479
297480
297481
297482
297483
297484
297485
297486
297487
297488
297489
297490
297491
297492
297493
297494
297495
297496
297497
297498
297499
297500
297501
297502
297503
297504
297505
297506
297507
297508
297509
297510
297511
297512
297513
297514
297515
297516
297517
297518
297519
297520
297521
297522
297523
297524
297525
297526
297527
297528
297529
297530
297531
297532
297533
297534
297535
297536
297537
297538
297539
297540
297541
297542
297543
297544
297545
297546
297547
297548
297549
297550
297551
297552
297553
297554
297555
297556
297557
297558
297559
297560
297561
297562
297563
297564
297565
297566
297567
297568
297569
297570
297571
297572
297573
297574
297575
297576
297577
297578
297579
297580
297581
297582
297583
297584
297585
297586
297587
297588
297589
297590
297591
297592
297593
297594
297595
297596
297597
297598
297599
297600
297601
297602
297603
297604
297605
297606
297607
297608
297609
297610
297611
297612
297613
297614
297615
297616
297617
297618
297619
297620
297621
297622
297623
297624
297625
297626
297627
297628
297629
297630
297631
297632
297633
297634
297635
297636
297637
297638
297639
297640
297641
297642
297643
297644
297645
297646
297647
297648
297649
297650
297651
297652
297653
297654
297655
297656
297657
297658
297659
297660
297661
297662
297663
297664
297665
297666
297667
297668
297669
297670
297671
297672
297673
297674
297675
297676
297677
297678
297679
297680
297681
297682
297683
297684
297685
297686
297687
297688
297689
297690
297691
297692
297693
297694
297695
297696
297697
297698
297699
297700
297701
297702
297703
297704
297705
297706
297707
297708
297709
297710
297711
297712
297713
297714
297715
297716
297717
297718
297719
297720
297721
297722
297723
297724
297725
297726
297727
297728
297729
297730
297731
297732
297733
297734
297735
297736
297737
297738
297739
297740
297741
297742
297743
297744
297745
297746
297747
297748
297749
297750
297751
297752
297753
297754
297755
297756
297757
297758
297759
297760
297761
297762
297763
297764
297765
297766
297767
297768
297769
297770
297771
297772
297773
297774
297775
297776
297777
297778
297779
297780
297781
297782
297783
297784
297785
297786
297787
297788
297789
297790
297791
297792
297793
297794
297795
297796
297797
297798
297799
297800
297801
297802
297803
297804
297805
297806
297807
297808
297809
297810
297811
297812
297813
297814
297815
297816
297817
297818
297819
297820
297821
297822
297823
297824
297825
297826
297827
297828
297829
297830
297831
297832
297833
297834
297835
297836
297837
297838
297839
297840
297841
297842
297843
297844
297845
297846
297847
297848
297849
297850
297851
297852
297853
297854
297855
297856
297857
297858
297859
297860
297861
297862
297863
297864
297865
297866
297867
297868
297869
297870
297871
297872
297873
297874
297875
297876
297877
297878
297879
297880
297881
297882
297883
297884
297885
297886
297887
297888
297889
297890
297891
297892
297893
297894
297895
297896
297897
297898
297899
297900
297901
297902
297903
297904
297905
297906
297907
297908
297909
297910
297911
297912
297913
297914
297915
297916
297917
297918
297919
297920
297921
297922
297923
297924
297925
297926
297927
297928
297929
297930
297931
297932
297933
297934
297935
297936
297937
297938
297939
297940
297941
297942
297943
297944
297945
297946
297947
297948
297949
297950
297951
297952
297953
297954
297955
297956
297957
297958
297959
297960
297961
297962
297963
297964
297965
297966
297967
297968
297969
297970
297971
297972
297973
297974
297975
297976
297977
297978
297979
297980
297981
297982
297983
297984
297985
297986
297987
297988
297989
297990
297991
297992
297993
297994
297995
297996
297997
297998
297999
298000
298001
298002
298003
298004
298005
298006
298007
298008
298009
298010
298011
298012
298013
298014
298015
298016
298017
298018
298019
298020
298021
298022
298023
298024
298025
298026
298027
298028
298029
298030
298031
298032
298033
298034
298035
298036
298037
298038
298039
298040
298041
298042
298043
298044
298045
298046
298047
298048
298049
298050
298051
298052
298053
298054
298055
298056
298057
298058
298059
298060
298061
298062
298063
298064
298065
298066
298067
298068
298069
298070
298071
298072
298073
298074
298075
298076
298077
298078
298079
298080
298081
298082
298083
298084
298085
298086
298087
298088
298089
298090
298091
298092
298093
298094
298095
298096
298097
298098
298099
298100
298101
298102
298103
298104
298105
298106
298107
298108
298109
298110
298111
298112
298113
298114
298115
298116
298117
298118
298119
298120
298121
298122
298123
298124
298125
298126
298127
298128
298129
298130
298131
298132
298133
298134
298135
298136
298137
298138
298139
298140
298141
298142
298143
298144
298145
298146
298147
298148
298149
298150
298151
298152
298153
298154
298155
298156
298157
298158
298159
298160
298161
298162
298163
298164
298165
298166
298167
298168
298169
298170
298171
298172
298173
298174
298175
298176
298177
298178
298179
298180
298181
298182
298183
298184
298185
298186
298187
298188
298189
298190
298191
298192
298193
298194
298195
298196
298197
298198
298199
298200
298201
298202
298203
298204
298205
298206
298207
298208
298209
298210
298211
298212
298213
298214
298215
298216
298217
298218
298219
298220
298221
298222
298223
298224
298225
298226
298227
298228
298229
298230
298231
298232
298233
298234
298235
298236
298237
298238
298239
298240
298241
298242
298243
298244
298245
298246
298247
298248
298249
298250
298251
298252
298253
298254
298255
298256
298257
298258
298259
298260
298261
298262
298263
298264
298265
298266
298267
298268
298269
298270
298271
298272
298273
298274
298275
298276
298277
298278
298279
298280
298281
298282
298283
298284
298285
298286
298287
298288
298289
298290
298291
298292
298293
298294
298295
298296
298297
298298
298299
298300
298301
298302
298303
298304
298305
298306
298307
298308
298309
298310
298311
298312
298313
298314
298315
298316
298317
298318
298319
298320
298321
298322
298323
298324
298325
298326
298327
298328
298329
298330
298331
298332
298333
298334
298335
298336
298337
298338
298339
298340
298341
298342
298343
298344
298345
298346
298347
298348
298349
298350
298351
298352
298353
298354
298355
298356
298357
298358
298359
298360
298361
298362
298363
298364
298365
298366
298367
298368
298369
298370
298371
298372
298373
298374
298375
298376
298377
298378
298379
298380
298381
298382
298383
298384
298385
298386
298387
298388
298389
298390
298391
298392
298393
298394
298395
298396
298397
298398
298399
298400
298401
298402
298403
298404
298405
298406
298407
298408
298409
298410
298411
298412
298413
298414
298415
298416
298417
298418
298419
298420
298421
298422
298423
298424
298425
298426
298427
298428
298429
298430
298431
298432
298433
298434
298435
298436
298437
298438
298439
298440
298441
298442
298443
298444
298445
298446
298447
298448
298449
298450
298451
298452
298453
298454
298455
298456
298457
298458
298459
298460
298461
298462
298463
298464
298465
298466
298467
298468
298469
298470
298471
298472
298473
298474
298475
298476
298477
298478
298479
298480
298481
298482
298483
298484
298485
298486
298487
298488
298489
298490
298491
298492
298493
298494
298495
298496
298497
298498
298499
298500
298501
298502
298503
298504
298505
298506
298507
298508
298509
298510
298511
298512
298513
298514
298515
298516
298517
298518
298519
298520
298521
298522
298523
298524
298525
298526
298527
298528
298529
298530
298531
298532
298533
298534
298535
298536
298537
298538
298539
298540
298541
298542
298543
298544
298545
298546
298547
298548
298549
298550
298551
298552
298553
298554
298555
298556
298557
298558
298559
298560
298561
298562
298563
298564
298565
298566
298567
298568
298569
298570
298571
298572
298573
298574
298575
298576
298577
298578
298579
298580
298581
298582
298583
298584
298585
298586
298587
298588
298589
298590
298591
298592
298593
298594
298595
298596
298597
298598
298599
298600
298601
298602
298603
298604
298605
298606
298607
298608
298609
298610
298611
298612
298613
298614
298615
298616
298617
298618
298619
298620
298621
298622
298623
298624
298625
298626
298627
298628
298629
298630
298631
298632
298633
298634
298635
298636
298637
298638
298639
298640
298641
298642
298643
298644
298645
298646
298647
298648
298649
298650
298651
298652
298653
298654
298655
298656
298657
298658
298659
298660
298661
298662
298663
298664
298665
298666
298667
298668
298669
298670
298671
298672
298673
298674
298675
298676
298677
298678
298679
298680
298681
298682
298683
298684
298685
298686
298687
298688
298689
298690
298691
298692
298693
298694
298695
298696
298697
298698
298699
298700
298701
298702
298703
298704
298705
298706
298707
298708
298709
298710
298711
298712
298713
298714
298715
298716
298717
298718
298719
298720
298721
298722
298723
298724
298725
298726
298727
298728
298729
298730
298731
298732
298733
298734
298735
298736
298737
298738
298739
298740
298741
298742
298743
298744
298745
298746
298747
298748
298749
298750
298751
298752
298753
298754
298755
298756
298757
298758
298759
298760
298761
298762
298763
298764
298765
298766
298767
298768
298769
298770
298771
298772
298773
298774
298775
298776
298777
298778
298779
298780
298781
298782
298783
298784
298785
298786
298787
298788
298789
298790
298791
298792
298793
298794
298795
298796
298797
298798
298799
298800
298801
298802
298803
298804
298805
298806
298807
298808
298809
298810
298811
298812
298813
298814
298815
298816
298817
298818
298819
298820
298821
298822
298823
298824
298825
298826
298827
298828
298829
298830
298831
298832
298833
298834
298835
298836
298837
298838
298839
298840
298841
298842
298843
298844
298845
298846
298847
298848
298849
298850
298851
298852
298853
298854
298855
298856
298857
298858
298859
298860
298861
298862
298863
298864
298865
298866
298867
298868
298869
298870
298871
298872
298873
298874
298875
298876
298877
298878
298879
298880
298881
298882
298883
298884
298885
298886
298887
298888
298889
298890
298891
298892
298893
298894
298895
298896
298897
298898
298899
298900
298901
298902
298903
298904
298905
298906
298907
298908
298909
298910
298911
298912
298913
298914
298915
298916
298917
298918
298919
298920
298921
298922
298923
298924
298925
298926
298927
298928
298929
298930
298931
298932
298933
298934
298935
298936
298937
298938
298939
298940
298941
298942
298943
298944
298945
298946
298947
298948
298949
298950
298951
298952
298953
298954
298955
298956
298957
298958
298959
298960
298961
298962
298963
298964
298965
298966
298967
298968
298969
298970
298971
298972
298973
298974
298975
298976
298977
298978
298979
298980
298981
298982
298983
298984
298985
298986
298987
298988
298989
298990
298991
298992
298993
298994
298995
298996
298997
298998
298999
299000
299001
299002
299003
299004
299005
299006
299007
299008
299009
299010
299011
299012
299013
299014
299015
299016
299017
299018
299019
299020
299021
299022
299023
299024
299025
299026
299027
299028
299029
299030
299031
299032
299033
299034
299035
299036
299037
299038
299039
299040
299041
299042
299043
299044
299045
299046
299047
299048
299049
299050
299051
299052
299053
299054
299055
299056
299057
299058
299059
299060
299061
299062
299063
299064
299065
299066
299067
299068
299069
299070
299071
299072
299073
299074
299075
299076
299077
299078
299079
299080
299081
299082
299083
299084
299085
299086
299087
299088
299089
299090
299091
299092
299093
299094
299095
299096
299097
299098
299099
299100
299101
299102
299103
299104
299105
299106
299107
299108
299109
299110
299111
299112
299113
299114
299115
299116
299117
299118
299119
299120
299121
299122
299123
299124
299125
299126
299127
299128
299129
299130
299131
299132
299133
299134
299135
299136
299137
299138
299139
299140
299141
299142
299143
299144
299145
299146
299147
299148
299149
299150
299151
299152
299153
299154
299155
299156
299157
299158
299159
299160
299161
299162
299163
299164
299165
299166
299167
299168
299169
299170
299171
299172
299173
299174
299175
299176
299177
299178
299179
299180
299181
299182
299183
299184
299185
299186
299187
299188
299189
299190
299191
299192
299193
299194
299195
299196
299197
299198
299199
299200
299201
299202
299203
299204
299205
299206
299207
299208
299209
299210
299211
299212
299213
299214
299215
299216
299217
299218
299219
299220
299221
299222
299223
299224
299225
299226
299227
299228
299229
299230
299231
299232
299233
299234
299235
299236
299237
299238
299239
299240
299241
299242
299243
299244
299245
299246
299247
299248
299249
299250
299251
299252
299253
299254
299255
299256
299257
299258
299259
299260
299261
299262
299263
299264
299265
299266
299267
299268
299269
299270
299271
299272
299273
299274
299275
299276
299277
299278
299279
299280
299281
299282
299283
299284
299285
299286
299287
299288
299289
299290
299291
299292
299293
299294
299295
299296
299297
299298
299299
299300
299301
299302
299303
299304
299305
299306
299307
299308
299309
299310
299311
299312
299313
299314
299315
299316
299317
299318
299319
299320
299321
299322
299323
299324
299325
299326
299327
299328
299329
299330
299331
299332
299333
299334
299335
299336
299337
299338
299339
299340
299341
299342
299343
299344
299345
299346
299347
299348
299349
299350
74752
74754
74756
74758
74760
74762
74764
74766
74768
74770
74772
74774
74776
74778
74780
74782
74784
74786
74788
74790
74792
74794
74796
74798
74800
74802
74804
74806
74808
74810
74812
74814
74816
74818
74820
74822
74824
74826
74828
74830
74832
74834
74836
74838
74840
74842
74844
74846
74848
74850
-54802
-54804
-54806
-54808
-54810
-54812
-54814
-54816
-54818
-54820
-54822
-54824
-54826
-54828
-54830
-54832
-54834
-54836
-54838
-54840
-54842
-54844
-54846
-54848
-54850
-54852
-54854
-54856
-54858
-54860
-54862
-54864
-54866
-54868
-54870
-54872
-54874
-54876
-54878
-54880
-54882
-54884
-54886
-54888
-54890
-54892
-54894
-54896
-54898
-54900
69950
70050
70150
70250
70350
70450
70550
70650
70750
70850
70950
71050
71150
71250
71350
71450
71550
71650
71750
71850
71950
72050
72150
72250
72350
72450
72550
72650
72750
72850
72950
73050
73150
73250
73350
73450
73550
73650
73750
73850
73950
74050
74150
74250
74350
74450
74550
74650
74750
74849
-64950
-65050
-65150
-65250
-65350
-65450
-65550
-65650
-65750
-65850
-65950
-66050
-66150
-66250
-66350
-66450
-66550
-66650
-66750
-66850
-66950
-67050
-67150
-67250
-67350
-67450
-67550
-67650
-67750
-67850
-67950
-68050
-68150
-68250
-68350
-68450
-68550
-68650
-68750
-68850
-68950
-69050
-69150
-69250
-69350
-69450
-69550
-69650
-69750
-69849
)


// ************************************************************************* //
