/*--------------------------------*- C++ -*----------------------------------*\
| =========                 |                                                 |
| \\      /  F ield         | OpenFOAM: The Open Source CFD Toolbox           |
|  \\    /   O peration     | Version:  v1906                                 |
|   \\  /    A nd           | Web:      www.OpenFOAM.com                      |
|    \\/     M anipulation  |                                                 |
\*---------------------------------------------------------------------------*/
FoamFile
{
    version     2.0;
    format      ascii;
    class       labelList;
    location    "constant/cs10/polyMesh";
    object      faceRegionAddressing;
}
// * * * * * * * * * * * * * * * * * * * * * * * * * * * * * * * * * * * * * //


10100
(
49901
49902
49903
49904
49905
49906
49907
49908
49909
49910
49911
49912
49913
49914
49915
49916
49917
49918
49919
49920
49921
49922
49923
49924
49925
49926
49927
49928
49929
49930
49931
49932
49933
49934
49935
49936
49937
49938
49939
49940
49941
49942
49943
49944
49945
49946
49947
49948
49949
49950
49951
49952
49953
49954
49955
49956
49957
49958
49959
49960
49961
49962
49963
49964
49965
49966
49967
49968
49969
49970
49971
49972
49973
49974
49975
49976
49977
49978
49979
49980
49981
49982
49983
49984
49985
49986
49987
49988
49989
49990
49991
49992
49993
49994
49995
49996
49997
49998
49999
50001
50002
50003
50004
50005
50006
50007
50008
50009
50010
50011
50012
50013
50014
50015
50016
50017
50018
50019
50020
50021
50022
50023
50024
50025
50026
50027
50028
50029
50030
50031
50032
50033
50034
50035
50036
50037
50038
50039
50040
50041
50042
50043
50044
50045
50046
50047
50048
50049
50050
50051
50052
50053
50054
50055
50056
50057
50058
50059
50060
50061
50062
50063
50064
50065
50066
50067
50068
50069
50070
50071
50072
50073
50074
50075
50076
50077
50078
50079
50080
50081
50082
50083
50084
50085
50086
50087
50088
50089
50090
50091
50092
50093
50094
50095
50096
50097
50098
50099
50101
50102
50103
50104
50105
50106
50107
50108
50109
50110
50111
50112
50113
50114
50115
50116
50117
50118
50119
50120
50121
50122
50123
50124
50125
50126
50127
50128
50129
50130
50131
50132
50133
50134
50135
50136
50137
50138
50139
50140
50141
50142
50143
50144
50145
50146
50147
50148
50149
50150
50151
50152
50153
50154
50155
50156
50157
50158
50159
50160
50161
50162
50163
50164
50165
50166
50167
50168
50169
50170
50171
50172
50173
50174
50175
50176
50177
50178
50179
50180
50181
50182
50183
50184
50185
50186
50187
50188
50189
50190
50191
50192
50193
50194
50195
50196
50197
50198
50199
50201
50202
50203
50204
50205
50206
50207
50208
50209
50210
50211
50212
50213
50214
50215
50216
50217
50218
50219
50220
50221
50222
50223
50224
50225
50226
50227
50228
50229
50230
50231
50232
50233
50234
50235
50236
50237
50238
50239
50240
50241
50242
50243
50244
50245
50246
50247
50248
50249
50250
50251
50252
50253
50254
50255
50256
50257
50258
50259
50260
50261
50262
50263
50264
50265
50266
50267
50268
50269
50270
50271
50272
50273
50274
50275
50276
50277
50278
50279
50280
50281
50282
50283
50284
50285
50286
50287
50288
50289
50290
50291
50292
50293
50294
50295
50296
50297
50298
50299
50301
50302
50303
50304
50305
50306
50307
50308
50309
50310
50311
50312
50313
50314
50315
50316
50317
50318
50319
50320
50321
50322
50323
50324
50325
50326
50327
50328
50329
50330
50331
50332
50333
50334
50335
50336
50337
50338
50339
50340
50341
50342
50343
50344
50345
50346
50347
50348
50349
50350
50351
50352
50353
50354
50355
50356
50357
50358
50359
50360
50361
50362
50363
50364
50365
50366
50367
50368
50369
50370
50371
50372
50373
50374
50375
50376
50377
50378
50379
50380
50381
50382
50383
50384
50385
50386
50387
50388
50389
50390
50391
50392
50393
50394
50395
50396
50397
50398
50399
50401
50402
50403
50404
50405
50406
50407
50408
50409
50410
50411
50412
50413
50414
50415
50416
50417
50418
50419
50420
50421
50422
50423
50424
50425
50426
50427
50428
50429
50430
50431
50432
50433
50434
50435
50436
50437
50438
50439
50440
50441
50442
50443
50444
50445
50446
50447
50448
50449
50450
50451
50452
50453
50454
50455
50456
50457
50458
50459
50460
50461
50462
50463
50464
50465
50466
50467
50468
50469
50470
50471
50472
50473
50474
50475
50476
50477
50478
50479
50480
50481
50482
50483
50484
50485
50486
50487
50488
50489
50490
50491
50492
50493
50494
50495
50496
50497
50498
50499
50501
50502
50503
50504
50505
50506
50507
50508
50509
50510
50511
50512
50513
50514
50515
50516
50517
50518
50519
50520
50521
50522
50523
50524
50525
50526
50527
50528
50529
50530
50531
50532
50533
50534
50535
50536
50537
50538
50539
50540
50541
50542
50543
50544
50545
50546
50547
50548
50549
50550
50551
50552
50553
50554
50555
50556
50557
50558
50559
50560
50561
50562
50563
50564
50565
50566
50567
50568
50569
50570
50571
50572
50573
50574
50575
50576
50577
50578
50579
50580
50581
50582
50583
50584
50585
50586
50587
50588
50589
50590
50591
50592
50593
50594
50595
50596
50597
50598
50599
50601
50602
50603
50604
50605
50606
50607
50608
50609
50610
50611
50612
50613
50614
50615
50616
50617
50618
50619
50620
50621
50622
50623
50624
50625
50626
50627
50628
50629
50630
50631
50632
50633
50634
50635
50636
50637
50638
50639
50640
50641
50642
50643
50644
50645
50646
50647
50648
50649
50650
50651
50652
50653
50654
50655
50656
50657
50658
50659
50660
50661
50662
50663
50664
50665
50666
50667
50668
50669
50670
50671
50672
50673
50674
50675
50676
50677
50678
50679
50680
50681
50682
50683
50684
50685
50686
50687
50688
50689
50690
50691
50692
50693
50694
50695
50696
50697
50698
50699
50701
50702
50703
50704
50705
50706
50707
50708
50709
50710
50711
50712
50713
50714
50715
50716
50717
50718
50719
50720
50721
50722
50723
50724
50725
50726
50727
50728
50729
50730
50731
50732
50733
50734
50735
50736
50737
50738
50739
50740
50741
50742
50743
50744
50745
50746
50747
50748
50749
50750
50751
50752
50753
50754
50755
50756
50757
50758
50759
50760
50761
50762
50763
50764
50765
50766
50767
50768
50769
50770
50771
50772
50773
50774
50775
50776
50777
50778
50779
50780
50781
50782
50783
50784
50785
50786
50787
50788
50789
50790
50791
50792
50793
50794
50795
50796
50797
50798
50799
50801
50802
50803
50804
50805
50806
50807
50808
50809
50810
50811
50812
50813
50814
50815
50816
50817
50818
50819
50820
50821
50822
50823
50824
50825
50826
50827
50828
50829
50830
50831
50832
50833
50834
50835
50836
50837
50838
50839
50840
50841
50842
50843
50844
50845
50846
50847
50848
50849
50850
50851
50852
50853
50854
50855
50856
50857
50858
50859
50860
50861
50862
50863
50864
50865
50866
50867
50868
50869
50870
50871
50872
50873
50874
50875
50876
50877
50878
50879
50880
50881
50882
50883
50884
50885
50886
50887
50888
50889
50890
50891
50892
50893
50894
50895
50896
50897
50898
50899
50901
50902
50903
50904
50905
50906
50907
50908
50909
50910
50911
50912
50913
50914
50915
50916
50917
50918
50919
50920
50921
50922
50923
50924
50925
50926
50927
50928
50929
50930
50931
50932
50933
50934
50935
50936
50937
50938
50939
50940
50941
50942
50943
50944
50945
50946
50947
50948
50949
50950
50951
50952
50953
50954
50955
50956
50957
50958
50959
50960
50961
50962
50963
50964
50965
50966
50967
50968
50969
50970
50971
50972
50973
50974
50975
50976
50977
50978
50979
50980
50981
50982
50983
50984
50985
50986
50987
50988
50989
50990
50991
50992
50993
50994
50995
50996
50997
50998
50999
51001
51002
51003
51004
51005
51006
51007
51008
51009
51010
51011
51012
51013
51014
51015
51016
51017
51018
51019
51020
51021
51022
51023
51024
51025
51026
51027
51028
51029
51030
51031
51032
51033
51034
51035
51036
51037
51038
51039
51040
51041
51042
51043
51044
51045
51046
51047
51048
51049
51050
51051
51052
51053
51054
51055
51056
51057
51058
51059
51060
51061
51062
51063
51064
51065
51066
51067
51068
51069
51070
51071
51072
51073
51074
51075
51076
51077
51078
51079
51080
51081
51082
51083
51084
51085
51086
51087
51088
51089
51090
51091
51092
51093
51094
51095
51096
51097
51098
51099
51101
51102
51103
51104
51105
51106
51107
51108
51109
51110
51111
51112
51113
51114
51115
51116
51117
51118
51119
51120
51121
51122
51123
51124
51125
51126
51127
51128
51129
51130
51131
51132
51133
51134
51135
51136
51137
51138
51139
51140
51141
51142
51143
51144
51145
51146
51147
51148
51149
51150
51151
51152
51153
51154
51155
51156
51157
51158
51159
51160
51161
51162
51163
51164
51165
51166
51167
51168
51169
51170
51171
51172
51173
51174
51175
51176
51177
51178
51179
51180
51181
51182
51183
51184
51185
51186
51187
51188
51189
51190
51191
51192
51193
51194
51195
51196
51197
51198
51199
51201
51202
51203
51204
51205
51206
51207
51208
51209
51210
51211
51212
51213
51214
51215
51216
51217
51218
51219
51220
51221
51222
51223
51224
51225
51226
51227
51228
51229
51230
51231
51232
51233
51234
51235
51236
51237
51238
51239
51240
51241
51242
51243
51244
51245
51246
51247
51248
51249
51250
51251
51252
51253
51254
51255
51256
51257
51258
51259
51260
51261
51262
51263
51264
51265
51266
51267
51268
51269
51270
51271
51272
51273
51274
51275
51276
51277
51278
51279
51280
51281
51282
51283
51284
51285
51286
51287
51288
51289
51290
51291
51292
51293
51294
51295
51296
51297
51298
51299
51301
51302
51303
51304
51305
51306
51307
51308
51309
51310
51311
51312
51313
51314
51315
51316
51317
51318
51319
51320
51321
51322
51323
51324
51325
51326
51327
51328
51329
51330
51331
51332
51333
51334
51335
51336
51337
51338
51339
51340
51341
51342
51343
51344
51345
51346
51347
51348
51349
51350
51351
51352
51353
51354
51355
51356
51357
51358
51359
51360
51361
51362
51363
51364
51365
51366
51367
51368
51369
51370
51371
51372
51373
51374
51375
51376
51377
51378
51379
51380
51381
51382
51383
51384
51385
51386
51387
51388
51389
51390
51391
51392
51393
51394
51395
51396
51397
51398
51399
51401
51402
51403
51404
51405
51406
51407
51408
51409
51410
51411
51412
51413
51414
51415
51416
51417
51418
51419
51420
51421
51422
51423
51424
51425
51426
51427
51428
51429
51430
51431
51432
51433
51434
51435
51436
51437
51438
51439
51440
51441
51442
51443
51444
51445
51446
51447
51448
51449
51450
51451
51452
51453
51454
51455
51456
51457
51458
51459
51460
51461
51462
51463
51464
51465
51466
51467
51468
51469
51470
51471
51472
51473
51474
51475
51476
51477
51478
51479
51480
51481
51482
51483
51484
51485
51486
51487
51488
51489
51490
51491
51492
51493
51494
51495
51496
51497
51498
51499
51501
51502
51503
51504
51505
51506
51507
51508
51509
51510
51511
51512
51513
51514
51515
51516
51517
51518
51519
51520
51521
51522
51523
51524
51525
51526
51527
51528
51529
51530
51531
51532
51533
51534
51535
51536
51537
51538
51539
51540
51541
51542
51543
51544
51545
51546
51547
51548
51549
51550
51551
51552
51553
51554
51555
51556
51557
51558
51559
51560
51561
51562
51563
51564
51565
51566
51567
51568
51569
51570
51571
51572
51573
51574
51575
51576
51577
51578
51579
51580
51581
51582
51583
51584
51585
51586
51587
51588
51589
51590
51591
51592
51593
51594
51595
51596
51597
51598
51599
51601
51602
51603
51604
51605
51606
51607
51608
51609
51610
51611
51612
51613
51614
51615
51616
51617
51618
51619
51620
51621
51622
51623
51624
51625
51626
51627
51628
51629
51630
51631
51632
51633
51634
51635
51636
51637
51638
51639
51640
51641
51642
51643
51644
51645
51646
51647
51648
51649
51650
51651
51652
51653
51654
51655
51656
51657
51658
51659
51660
51661
51662
51663
51664
51665
51666
51667
51668
51669
51670
51671
51672
51673
51674
51675
51676
51677
51678
51679
51680
51681
51682
51683
51684
51685
51686
51687
51688
51689
51690
51691
51692
51693
51694
51695
51696
51697
51698
51699
51701
51702
51703
51704
51705
51706
51707
51708
51709
51710
51711
51712
51713
51714
51715
51716
51717
51718
51719
51720
51721
51722
51723
51724
51725
51726
51727
51728
51729
51730
51731
51732
51733
51734
51735
51736
51737
51738
51739
51740
51741
51742
51743
51744
51745
51746
51747
51748
51749
51750
51751
51752
51753
51754
51755
51756
51757
51758
51759
51760
51761
51762
51763
51764
51765
51766
51767
51768
51769
51770
51771
51772
51773
51774
51775
51776
51777
51778
51779
51780
51781
51782
51783
51784
51785
51786
51787
51788
51789
51790
51791
51792
51793
51794
51795
51796
51797
51798
51799
51801
51802
51803
51804
51805
51806
51807
51808
51809
51810
51811
51812
51813
51814
51815
51816
51817
51818
51819
51820
51821
51822
51823
51824
51825
51826
51827
51828
51829
51830
51831
51832
51833
51834
51835
51836
51837
51838
51839
51840
51841
51842
51843
51844
51845
51846
51847
51848
51849
51850
51851
51852
51853
51854
51855
51856
51857
51858
51859
51860
51861
51862
51863
51864
51865
51866
51867
51868
51869
51870
51871
51872
51873
51874
51875
51876
51877
51878
51879
51880
51881
51882
51883
51884
51885
51886
51887
51888
51889
51890
51891
51892
51893
51894
51895
51896
51897
51898
51899
51901
51902
51903
51904
51905
51906
51907
51908
51909
51910
51911
51912
51913
51914
51915
51916
51917
51918
51919
51920
51921
51922
51923
51924
51925
51926
51927
51928
51929
51930
51931
51932
51933
51934
51935
51936
51937
51938
51939
51940
51941
51942
51943
51944
51945
51946
51947
51948
51949
51950
51951
51952
51953
51954
51955
51956
51957
51958
51959
51960
51961
51962
51963
51964
51965
51966
51967
51968
51969
51970
51971
51972
51973
51974
51975
51976
51977
51978
51979
51980
51981
51982
51983
51984
51985
51986
51987
51988
51989
51990
51991
51992
51993
51994
51995
51996
51997
51998
51999
52001
52002
52003
52004
52005
52006
52007
52008
52009
52010
52011
52012
52013
52014
52015
52016
52017
52018
52019
52020
52021
52022
52023
52024
52025
52026
52027
52028
52029
52030
52031
52032
52033
52034
52035
52036
52037
52038
52039
52040
52041
52042
52043
52044
52045
52046
52047
52048
52049
52050
52051
52052
52053
52054
52055
52056
52057
52058
52059
52060
52061
52062
52063
52064
52065
52066
52067
52068
52069
52070
52071
52072
52073
52074
52075
52076
52077
52078
52079
52080
52081
52082
52083
52084
52085
52086
52087
52088
52089
52090
52091
52092
52093
52094
52095
52096
52097
52098
52099
52101
52102
52103
52104
52105
52106
52107
52108
52109
52110
52111
52112
52113
52114
52115
52116
52117
52118
52119
52120
52121
52122
52123
52124
52125
52126
52127
52128
52129
52130
52131
52132
52133
52134
52135
52136
52137
52138
52139
52140
52141
52142
52143
52144
52145
52146
52147
52148
52149
52150
52151
52152
52153
52154
52155
52156
52157
52158
52159
52160
52161
52162
52163
52164
52165
52166
52167
52168
52169
52170
52171
52172
52173
52174
52175
52176
52177
52178
52179
52180
52181
52182
52183
52184
52185
52186
52187
52188
52189
52190
52191
52192
52193
52194
52195
52196
52197
52198
52199
52201
52202
52203
52204
52205
52206
52207
52208
52209
52210
52211
52212
52213
52214
52215
52216
52217
52218
52219
52220
52221
52222
52223
52224
52225
52226
52227
52228
52229
52230
52231
52232
52233
52234
52235
52236
52237
52238
52239
52240
52241
52242
52243
52244
52245
52246
52247
52248
52249
52250
52251
52252
52253
52254
52255
52256
52257
52258
52259
52260
52261
52262
52263
52264
52265
52266
52267
52268
52269
52270
52271
52272
52273
52274
52275
52276
52277
52278
52279
52280
52281
52282
52283
52284
52285
52286
52287
52288
52289
52290
52291
52292
52293
52294
52295
52296
52297
52298
52299
52301
52302
52303
52304
52305
52306
52307
52308
52309
52310
52311
52312
52313
52314
52315
52316
52317
52318
52319
52320
52321
52322
52323
52324
52325
52326
52327
52328
52329
52330
52331
52332
52333
52334
52335
52336
52337
52338
52339
52340
52341
52342
52343
52344
52345
52346
52347
52348
52349
52350
52351
52352
52353
52354
52355
52356
52357
52358
52359
52360
52361
52362
52363
52364
52365
52366
52367
52368
52369
52370
52371
52372
52373
52374
52375
52376
52377
52378
52379
52380
52381
52382
52383
52384
52385
52386
52387
52388
52389
52390
52391
52392
52393
52394
52395
52396
52397
52398
52399
52401
52402
52403
52404
52405
52406
52407
52408
52409
52410
52411
52412
52413
52414
52415
52416
52417
52418
52419
52420
52421
52422
52423
52424
52425
52426
52427
52428
52429
52430
52431
52432
52433
52434
52435
52436
52437
52438
52439
52440
52441
52442
52443
52444
52445
52446
52447
52448
52449
52450
52451
52452
52453
52454
52455
52456
52457
52458
52459
52460
52461
52462
52463
52464
52465
52466
52467
52468
52469
52470
52471
52472
52473
52474
52475
52476
52477
52478
52479
52480
52481
52482
52483
52484
52485
52486
52487
52488
52489
52490
52491
52492
52493
52494
52495
52496
52497
52498
52499
52501
52502
52503
52504
52505
52506
52507
52508
52509
52510
52511
52512
52513
52514
52515
52516
52517
52518
52519
52520
52521
52522
52523
52524
52525
52526
52527
52528
52529
52530
52531
52532
52533
52534
52535
52536
52537
52538
52539
52540
52541
52542
52543
52544
52545
52546
52547
52548
52549
52550
52551
52552
52553
52554
52555
52556
52557
52558
52559
52560
52561
52562
52563
52564
52565
52566
52567
52568
52569
52570
52571
52572
52573
52574
52575
52576
52577
52578
52579
52580
52581
52582
52583
52584
52585
52586
52587
52588
52589
52590
52591
52592
52593
52594
52595
52596
52597
52598
52599
52601
52602
52603
52604
52605
52606
52607
52608
52609
52610
52611
52612
52613
52614
52615
52616
52617
52618
52619
52620
52621
52622
52623
52624
52625
52626
52627
52628
52629
52630
52631
52632
52633
52634
52635
52636
52637
52638
52639
52640
52641
52642
52643
52644
52645
52646
52647
52648
52649
52650
52651
52652
52653
52654
52655
52656
52657
52658
52659
52660
52661
52662
52663
52664
52665
52666
52667
52668
52669
52670
52671
52672
52673
52674
52675
52676
52677
52678
52679
52680
52681
52682
52683
52684
52685
52686
52687
52688
52689
52690
52691
52692
52693
52694
52695
52696
52697
52698
52699
52701
52702
52703
52704
52705
52706
52707
52708
52709
52710
52711
52712
52713
52714
52715
52716
52717
52718
52719
52720
52721
52722
52723
52724
52725
52726
52727
52728
52729
52730
52731
52732
52733
52734
52735
52736
52737
52738
52739
52740
52741
52742
52743
52744
52745
52746
52747
52748
52749
52750
52751
52752
52753
52754
52755
52756
52757
52758
52759
52760
52761
52762
52763
52764
52765
52766
52767
52768
52769
52770
52771
52772
52773
52774
52775
52776
52777
52778
52779
52780
52781
52782
52783
52784
52785
52786
52787
52788
52789
52790
52791
52792
52793
52794
52795
52796
52797
52798
52799
52801
52802
52803
52804
52805
52806
52807
52808
52809
52810
52811
52812
52813
52814
52815
52816
52817
52818
52819
52820
52821
52822
52823
52824
52825
52826
52827
52828
52829
52830
52831
52832
52833
52834
52835
52836
52837
52838
52839
52840
52841
52842
52843
52844
52845
52846
52847
52848
52849
52850
52851
52852
52853
52854
52855
52856
52857
52858
52859
52860
52861
52862
52863
52864
52865
52866
52867
52868
52869
52870
52871
52872
52873
52874
52875
52876
52877
52878
52879
52880
52881
52882
52883
52884
52885
52886
52887
52888
52889
52890
52891
52892
52893
52894
52895
52896
52897
52898
52899
52901
52902
52903
52904
52905
52906
52907
52908
52909
52910
52911
52912
52913
52914
52915
52916
52917
52918
52919
52920
52921
52922
52923
52924
52925
52926
52927
52928
52929
52930
52931
52932
52933
52934
52935
52936
52937
52938
52939
52940
52941
52942
52943
52944
52945
52946
52947
52948
52949
52950
52951
52952
52953
52954
52955
52956
52957
52958
52959
52960
52961
52962
52963
52964
52965
52966
52967
52968
52969
52970
52971
52972
52973
52974
52975
52976
52977
52978
52979
52980
52981
52982
52983
52984
52985
52986
52987
52988
52989
52990
52991
52992
52993
52994
52995
52996
52997
52998
52999
53001
53002
53003
53004
53005
53006
53007
53008
53009
53010
53011
53012
53013
53014
53015
53016
53017
53018
53019
53020
53021
53022
53023
53024
53025
53026
53027
53028
53029
53030
53031
53032
53033
53034
53035
53036
53037
53038
53039
53040
53041
53042
53043
53044
53045
53046
53047
53048
53049
53050
53051
53052
53053
53054
53055
53056
53057
53058
53059
53060
53061
53062
53063
53064
53065
53066
53067
53068
53069
53070
53071
53072
53073
53074
53075
53076
53077
53078
53079
53080
53081
53082
53083
53084
53085
53086
53087
53088
53089
53090
53091
53092
53093
53094
53095
53096
53097
53098
53099
53101
53102
53103
53104
53105
53106
53107
53108
53109
53110
53111
53112
53113
53114
53115
53116
53117
53118
53119
53120
53121
53122
53123
53124
53125
53126
53127
53128
53129
53130
53131
53132
53133
53134
53135
53136
53137
53138
53139
53140
53141
53142
53143
53144
53145
53146
53147
53148
53149
53150
53151
53152
53153
53154
53155
53156
53157
53158
53159
53160
53161
53162
53163
53164
53165
53166
53167
53168
53169
53170
53171
53172
53173
53174
53175
53176
53177
53178
53179
53180
53181
53182
53183
53184
53185
53186
53187
53188
53189
53190
53191
53192
53193
53194
53195
53196
53197
53198
53199
53201
53202
53203
53204
53205
53206
53207
53208
53209
53210
53211
53212
53213
53214
53215
53216
53217
53218
53219
53220
53221
53222
53223
53224
53225
53226
53227
53228
53229
53230
53231
53232
53233
53234
53235
53236
53237
53238
53239
53240
53241
53242
53243
53244
53245
53246
53247
53248
53249
53250
53251
53252
53253
53254
53255
53256
53257
53258
53259
53260
53261
53262
53263
53264
53265
53266
53267
53268
53269
53270
53271
53272
53273
53274
53275
53276
53277
53278
53279
53280
53281
53282
53283
53284
53285
53286
53287
53288
53289
53290
53291
53292
53293
53294
53295
53296
53297
53298
53299
53301
53302
53303
53304
53305
53306
53307
53308
53309
53310
53311
53312
53313
53314
53315
53316
53317
53318
53319
53320
53321
53322
53323
53324
53325
53326
53327
53328
53329
53330
53331
53332
53333
53334
53335
53336
53337
53338
53339
53340
53341
53342
53343
53344
53345
53346
53347
53348
53349
53350
53351
53352
53353
53354
53355
53356
53357
53358
53359
53360
53361
53362
53363
53364
53365
53366
53367
53368
53369
53370
53371
53372
53373
53374
53375
53376
53377
53378
53379
53380
53381
53382
53383
53384
53385
53386
53387
53388
53389
53390
53391
53392
53393
53394
53395
53396
53397
53398
53399
53401
53402
53403
53404
53405
53406
53407
53408
53409
53410
53411
53412
53413
53414
53415
53416
53417
53418
53419
53420
53421
53422
53423
53424
53425
53426
53427
53428
53429
53430
53431
53432
53433
53434
53435
53436
53437
53438
53439
53440
53441
53442
53443
53444
53445
53446
53447
53448
53449
53450
53451
53452
53453
53454
53455
53456
53457
53458
53459
53460
53461
53462
53463
53464
53465
53466
53467
53468
53469
53470
53471
53472
53473
53474
53475
53476
53477
53478
53479
53480
53481
53482
53483
53484
53485
53486
53487
53488
53489
53490
53491
53492
53493
53494
53495
53496
53497
53498
53499
53501
53502
53503
53504
53505
53506
53507
53508
53509
53510
53511
53512
53513
53514
53515
53516
53517
53518
53519
53520
53521
53522
53523
53524
53525
53526
53527
53528
53529
53530
53531
53532
53533
53534
53535
53536
53537
53538
53539
53540
53541
53542
53543
53544
53545
53546
53547
53548
53549
53550
53551
53552
53553
53554
53555
53556
53557
53558
53559
53560
53561
53562
53563
53564
53565
53566
53567
53568
53569
53570
53571
53572
53573
53574
53575
53576
53577
53578
53579
53580
53581
53582
53583
53584
53585
53586
53587
53588
53589
53590
53591
53592
53593
53594
53595
53596
53597
53598
53599
53601
53602
53603
53604
53605
53606
53607
53608
53609
53610
53611
53612
53613
53614
53615
53616
53617
53618
53619
53620
53621
53622
53623
53624
53625
53626
53627
53628
53629
53630
53631
53632
53633
53634
53635
53636
53637
53638
53639
53640
53641
53642
53643
53644
53645
53646
53647
53648
53649
53650
53651
53652
53653
53654
53655
53656
53657
53658
53659
53660
53661
53662
53663
53664
53665
53666
53667
53668
53669
53670
53671
53672
53673
53674
53675
53676
53677
53678
53679
53680
53681
53682
53683
53684
53685
53686
53687
53688
53689
53690
53691
53692
53693
53694
53695
53696
53697
53698
53699
53701
53702
53703
53704
53705
53706
53707
53708
53709
53710
53711
53712
53713
53714
53715
53716
53717
53718
53719
53720
53721
53722
53723
53724
53725
53726
53727
53728
53729
53730
53731
53732
53733
53734
53735
53736
53737
53738
53739
53740
53741
53742
53743
53744
53745
53746
53747
53748
53749
53750
53751
53752
53753
53754
53755
53756
53757
53758
53759
53760
53761
53762
53763
53764
53765
53766
53767
53768
53769
53770
53771
53772
53773
53774
53775
53776
53777
53778
53779
53780
53781
53782
53783
53784
53785
53786
53787
53788
53789
53790
53791
53792
53793
53794
53795
53796
53797
53798
53799
53801
53802
53803
53804
53805
53806
53807
53808
53809
53810
53811
53812
53813
53814
53815
53816
53817
53818
53819
53820
53821
53822
53823
53824
53825
53826
53827
53828
53829
53830
53831
53832
53833
53834
53835
53836
53837
53838
53839
53840
53841
53842
53843
53844
53845
53846
53847
53848
53849
53850
53851
53852
53853
53854
53855
53856
53857
53858
53859
53860
53861
53862
53863
53864
53865
53866
53867
53868
53869
53870
53871
53872
53873
53874
53875
53876
53877
53878
53879
53880
53881
53882
53883
53884
53885
53886
53887
53888
53889
53890
53891
53892
53893
53894
53895
53896
53897
53898
53899
53901
53902
53903
53904
53905
53906
53907
53908
53909
53910
53911
53912
53913
53914
53915
53916
53917
53918
53919
53920
53921
53922
53923
53924
53925
53926
53927
53928
53929
53930
53931
53932
53933
53934
53935
53936
53937
53938
53939
53940
53941
53942
53943
53944
53945
53946
53947
53948
53949
53950
53951
53952
53953
53954
53955
53956
53957
53958
53959
53960
53961
53962
53963
53964
53965
53966
53967
53968
53969
53970
53971
53972
53973
53974
53975
53976
53977
53978
53979
53980
53981
53982
53983
53984
53985
53986
53987
53988
53989
53990
53991
53992
53993
53994
53995
53996
53997
53998
53999
54001
54002
54003
54004
54005
54006
54007
54008
54009
54010
54011
54012
54013
54014
54015
54016
54017
54018
54019
54020
54021
54022
54023
54024
54025
54026
54027
54028
54029
54030
54031
54032
54033
54034
54035
54036
54037
54038
54039
54040
54041
54042
54043
54044
54045
54046
54047
54048
54049
54050
54051
54052
54053
54054
54055
54056
54057
54058
54059
54060
54061
54062
54063
54064
54065
54066
54067
54068
54069
54070
54071
54072
54073
54074
54075
54076
54077
54078
54079
54080
54081
54082
54083
54084
54085
54086
54087
54088
54089
54090
54091
54092
54093
54094
54095
54096
54097
54098
54099
54101
54102
54103
54104
54105
54106
54107
54108
54109
54110
54111
54112
54113
54114
54115
54116
54117
54118
54119
54120
54121
54122
54123
54124
54125
54126
54127
54128
54129
54130
54131
54132
54133
54134
54135
54136
54137
54138
54139
54140
54141
54142
54143
54144
54145
54146
54147
54148
54149
54150
54151
54152
54153
54154
54155
54156
54157
54158
54159
54160
54161
54162
54163
54164
54165
54166
54167
54168
54169
54170
54171
54172
54173
54174
54175
54176
54177
54178
54179
54180
54181
54182
54183
54184
54185
54186
54187
54188
54189
54190
54191
54192
54193
54194
54195
54196
54197
54198
54199
54201
54202
54203
54204
54205
54206
54207
54208
54209
54210
54211
54212
54213
54214
54215
54216
54217
54218
54219
54220
54221
54222
54223
54224
54225
54226
54227
54228
54229
54230
54231
54232
54233
54234
54235
54236
54237
54238
54239
54240
54241
54242
54243
54244
54245
54246
54247
54248
54249
54250
54251
54252
54253
54254
54255
54256
54257
54258
54259
54260
54261
54262
54263
54264
54265
54266
54267
54268
54269
54270
54271
54272
54273
54274
54275
54276
54277
54278
54279
54280
54281
54282
54283
54284
54285
54286
54287
54288
54289
54290
54291
54292
54293
54294
54295
54296
54297
54298
54299
54301
54302
54303
54304
54305
54306
54307
54308
54309
54310
54311
54312
54313
54314
54315
54316
54317
54318
54319
54320
54321
54322
54323
54324
54325
54326
54327
54328
54329
54330
54331
54332
54333
54334
54335
54336
54337
54338
54339
54340
54341
54342
54343
54344
54345
54346
54347
54348
54349
54350
54351
54352
54353
54354
54355
54356
54357
54358
54359
54360
54361
54362
54363
54364
54365
54366
54367
54368
54369
54370
54371
54372
54373
54374
54375
54376
54377
54378
54379
54380
54381
54382
54383
54384
54385
54386
54387
54388
54389
54390
54391
54392
54393
54394
54395
54396
54397
54398
54399
54401
54402
54403
54404
54405
54406
54407
54408
54409
54410
54411
54412
54413
54414
54415
54416
54417
54418
54419
54420
54421
54422
54423
54424
54425
54426
54427
54428
54429
54430
54431
54432
54433
54434
54435
54436
54437
54438
54439
54440
54441
54442
54443
54444
54445
54446
54447
54448
54449
54450
54451
54452
54453
54454
54455
54456
54457
54458
54459
54460
54461
54462
54463
54464
54465
54466
54467
54468
54469
54470
54471
54472
54473
54474
54475
54476
54477
54478
54479
54480
54481
54482
54483
54484
54485
54486
54487
54488
54489
54490
54491
54492
54493
54494
54495
54496
54497
54498
54499
54501
54502
54503
54504
54505
54506
54507
54508
54509
54510
54511
54512
54513
54514
54515
54516
54517
54518
54519
54520
54521
54522
54523
54524
54525
54526
54527
54528
54529
54530
54531
54532
54533
54534
54535
54536
54537
54538
54539
54540
54541
54542
54543
54544
54545
54546
54547
54548
54549
54550
54551
54552
54553
54554
54555
54556
54557
54558
54559
54560
54561
54562
54563
54564
54565
54566
54567
54568
54569
54570
54571
54572
54573
54574
54575
54576
54577
54578
54579
54580
54581
54582
54583
54584
54585
54586
54587
54588
54589
54590
54591
54592
54593
54594
54595
54596
54597
54598
54599
54601
54602
54603
54604
54605
54606
54607
54608
54609
54610
54611
54612
54613
54614
54615
54616
54617
54618
54619
54620
54621
54622
54623
54624
54625
54626
54627
54628
54629
54630
54631
54632
54633
54634
54635
54636
54637
54638
54639
54640
54641
54642
54643
54644
54645
54646
54647
54648
54649
54650
54651
54652
54653
54654
54655
54656
54657
54658
54659
54660
54661
54662
54663
54664
54665
54666
54667
54668
54669
54670
54671
54672
54673
54674
54675
54676
54677
54678
54679
54680
54681
54682
54683
54684
54685
54686
54687
54688
54689
54690
54691
54692
54693
54694
54695
54696
54697
54698
54699
54701
54702
54703
54704
54705
54706
54707
54708
54709
54710
54711
54712
54713
54714
54715
54716
54717
54718
54719
54720
54721
54722
54723
54724
54725
54726
54727
54728
54729
54730
54731
54732
54733
54734
54735
54736
54737
54738
54739
54740
54741
54742
54743
54744
54745
54746
54747
54748
54749
54750
54751
54752
54753
54754
54755
54756
54757
54758
54759
54760
54761
54762
54763
54764
54765
54766
54767
54768
54769
54770
54771
54772
54773
54774
54775
54776
54777
54778
54779
54780
54781
54782
54783
54784
54785
54786
54787
54788
54789
54790
54791
54792
54793
54794
54795
54796
54797
54798
54799
54801
54803
54805
54807
54809
54811
54813
54815
54817
54819
54821
54823
54825
54827
54829
54831
54833
54835
54837
54839
54841
54843
54845
54847
54849
54851
54853
54855
54857
54859
54861
54863
54865
54867
54869
54871
54873
54875
54877
54879
54881
54883
54885
54887
54889
54891
54893
54895
54897
199351
199352
199353
199354
199355
199356
199357
199358
199359
199360
199361
199362
199363
199364
199365
199366
199367
199368
199369
199370
199371
199372
199373
199374
199375
199376
199377
199378
199379
199380
199381
199382
199383
199384
199385
199386
199387
199388
199389
199390
199391
199392
199393
199394
199395
199396
199397
199398
199399
199400
199401
199402
199403
199404
199405
199406
199407
199408
199409
199410
199411
199412
199413
199414
199415
199416
199417
199418
199419
199420
199421
199422
199423
199424
199425
199426
199427
199428
199429
199430
199431
199432
199433
199434
199435
199436
199437
199438
199439
199440
199441
199442
199443
199444
199445
199446
199447
199448
199449
199450
199451
199452
199453
199454
199455
199456
199457
199458
199459
199460
199461
199462
199463
199464
199465
199466
199467
199468
199469
199470
199471
199472
199473
199474
199475
199476
199477
199478
199479
199480
199481
199482
199483
199484
199485
199486
199487
199488
199489
199490
199491
199492
199493
199494
199495
199496
199497
199498
199499
199500
199501
199502
199503
199504
199505
199506
199507
199508
199509
199510
199511
199512
199513
199514
199515
199516
199517
199518
199519
199520
199521
199522
199523
199524
199525
199526
199527
199528
199529
199530
199531
199532
199533
199534
199535
199536
199537
199538
199539
199540
199541
199542
199543
199544
199545
199546
199547
199548
199549
199550
199551
199552
199553
199554
199555
199556
199557
199558
199559
199560
199561
199562
199563
199564
199565
199566
199567
199568
199569
199570
199571
199572
199573
199574
199575
199576
199577
199578
199579
199580
199581
199582
199583
199584
199585
199586
199587
199588
199589
199590
199591
199592
199593
199594
199595
199596
199597
199598
199599
199600
199601
199602
199603
199604
199605
199606
199607
199608
199609
199610
199611
199612
199613
199614
199615
199616
199617
199618
199619
199620
199621
199622
199623
199624
199625
199626
199627
199628
199629
199630
199631
199632
199633
199634
199635
199636
199637
199638
199639
199640
199641
199642
199643
199644
199645
199646
199647
199648
199649
199650
199651
199652
199653
199654
199655
199656
199657
199658
199659
199660
199661
199662
199663
199664
199665
199666
199667
199668
199669
199670
199671
199672
199673
199674
199675
199676
199677
199678
199679
199680
199681
199682
199683
199684
199685
199686
199687
199688
199689
199690
199691
199692
199693
199694
199695
199696
199697
199698
199699
199700
199701
199702
199703
199704
199705
199706
199707
199708
199709
199710
199711
199712
199713
199714
199715
199716
199717
199718
199719
199720
199721
199722
199723
199724
199725
199726
199727
199728
199729
199730
199731
199732
199733
199734
199735
199736
199737
199738
199739
199740
199741
199742
199743
199744
199745
199746
199747
199748
199749
199750
199751
199752
199753
199754
199755
199756
199757
199758
199759
199760
199761
199762
199763
199764
199765
199766
199767
199768
199769
199770
199771
199772
199773
199774
199775
199776
199777
199778
199779
199780
199781
199782
199783
199784
199785
199786
199787
199788
199789
199790
199791
199792
199793
199794
199795
199796
199797
199798
199799
199800
199801
199802
199803
199804
199805
199806
199807
199808
199809
199810
199811
199812
199813
199814
199815
199816
199817
199818
199819
199820
199821
199822
199823
199824
199825
199826
199827
199828
199829
199830
199831
199832
199833
199834
199835
199836
199837
199838
199839
199840
199841
199842
199843
199844
199845
199846
199847
199848
199849
199850
199851
199852
199853
199854
199855
199856
199857
199858
199859
199860
199861
199862
199863
199864
199865
199866
199867
199868
199869
199870
199871
199872
199873
199874
199875
199876
199877
199878
199879
199880
199881
199882
199883
199884
199885
199886
199887
199888
199889
199890
199891
199892
199893
199894
199895
199896
199897
199898
199899
199900
199901
199902
199903
199904
199905
199906
199907
199908
199909
199910
199911
199912
199913
199914
199915
199916
199917
199918
199919
199920
199921
199922
199923
199924
199925
199926
199927
199928
199929
199930
199931
199932
199933
199934
199935
199936
199937
199938
199939
199940
199941
199942
199943
199944
199945
199946
199947
199948
199949
199950
199951
199952
199953
199954
199955
199956
199957
199958
199959
199960
199961
199962
199963
199964
199965
199966
199967
199968
199969
199970
199971
199972
199973
199974
199975
199976
199977
199978
199979
199980
199981
199982
199983
199984
199985
199986
199987
199988
199989
199990
199991
199992
199993
199994
199995
199996
199997
199998
199999
200000
200001
200002
200003
200004
200005
200006
200007
200008
200009
200010
200011
200012
200013
200014
200015
200016
200017
200018
200019
200020
200021
200022
200023
200024
200025
200026
200027
200028
200029
200030
200031
200032
200033
200034
200035
200036
200037
200038
200039
200040
200041
200042
200043
200044
200045
200046
200047
200048
200049
200050
200051
200052
200053
200054
200055
200056
200057
200058
200059
200060
200061
200062
200063
200064
200065
200066
200067
200068
200069
200070
200071
200072
200073
200074
200075
200076
200077
200078
200079
200080
200081
200082
200083
200084
200085
200086
200087
200088
200089
200090
200091
200092
200093
200094
200095
200096
200097
200098
200099
200100
200101
200102
200103
200104
200105
200106
200107
200108
200109
200110
200111
200112
200113
200114
200115
200116
200117
200118
200119
200120
200121
200122
200123
200124
200125
200126
200127
200128
200129
200130
200131
200132
200133
200134
200135
200136
200137
200138
200139
200140
200141
200142
200143
200144
200145
200146
200147
200148
200149
200150
200151
200152
200153
200154
200155
200156
200157
200158
200159
200160
200161
200162
200163
200164
200165
200166
200167
200168
200169
200170
200171
200172
200173
200174
200175
200176
200177
200178
200179
200180
200181
200182
200183
200184
200185
200186
200187
200188
200189
200190
200191
200192
200193
200194
200195
200196
200197
200198
200199
200200
200201
200202
200203
200204
200205
200206
200207
200208
200209
200210
200211
200212
200213
200214
200215
200216
200217
200218
200219
200220
200221
200222
200223
200224
200225
200226
200227
200228
200229
200230
200231
200232
200233
200234
200235
200236
200237
200238
200239
200240
200241
200242
200243
200244
200245
200246
200247
200248
200249
200250
200251
200252
200253
200254
200255
200256
200257
200258
200259
200260
200261
200262
200263
200264
200265
200266
200267
200268
200269
200270
200271
200272
200273
200274
200275
200276
200277
200278
200279
200280
200281
200282
200283
200284
200285
200286
200287
200288
200289
200290
200291
200292
200293
200294
200295
200296
200297
200298
200299
200300
200301
200302
200303
200304
200305
200306
200307
200308
200309
200310
200311
200312
200313
200314
200315
200316
200317
200318
200319
200320
200321
200322
200323
200324
200325
200326
200327
200328
200329
200330
200331
200332
200333
200334
200335
200336
200337
200338
200339
200340
200341
200342
200343
200344
200345
200346
200347
200348
200349
200350
200351
200352
200353
200354
200355
200356
200357
200358
200359
200360
200361
200362
200363
200364
200365
200366
200367
200368
200369
200370
200371
200372
200373
200374
200375
200376
200377
200378
200379
200380
200381
200382
200383
200384
200385
200386
200387
200388
200389
200390
200391
200392
200393
200394
200395
200396
200397
200398
200399
200400
200401
200402
200403
200404
200405
200406
200407
200408
200409
200410
200411
200412
200413
200414
200415
200416
200417
200418
200419
200420
200421
200422
200423
200424
200425
200426
200427
200428
200429
200430
200431
200432
200433
200434
200435
200436
200437
200438
200439
200440
200441
200442
200443
200444
200445
200446
200447
200448
200449
200450
200451
200452
200453
200454
200455
200456
200457
200458
200459
200460
200461
200462
200463
200464
200465
200466
200467
200468
200469
200470
200471
200472
200473
200474
200475
200476
200477
200478
200479
200480
200481
200482
200483
200484
200485
200486
200487
200488
200489
200490
200491
200492
200493
200494
200495
200496
200497
200498
200499
200500
200501
200502
200503
200504
200505
200506
200507
200508
200509
200510
200511
200512
200513
200514
200515
200516
200517
200518
200519
200520
200521
200522
200523
200524
200525
200526
200527
200528
200529
200530
200531
200532
200533
200534
200535
200536
200537
200538
200539
200540
200541
200542
200543
200544
200545
200546
200547
200548
200549
200550
200551
200552
200553
200554
200555
200556
200557
200558
200559
200560
200561
200562
200563
200564
200565
200566
200567
200568
200569
200570
200571
200572
200573
200574
200575
200576
200577
200578
200579
200580
200581
200582
200583
200584
200585
200586
200587
200588
200589
200590
200591
200592
200593
200594
200595
200596
200597
200598
200599
200600
200601
200602
200603
200604
200605
200606
200607
200608
200609
200610
200611
200612
200613
200614
200615
200616
200617
200618
200619
200620
200621
200622
200623
200624
200625
200626
200627
200628
200629
200630
200631
200632
200633
200634
200635
200636
200637
200638
200639
200640
200641
200642
200643
200644
200645
200646
200647
200648
200649
200650
200651
200652
200653
200654
200655
200656
200657
200658
200659
200660
200661
200662
200663
200664
200665
200666
200667
200668
200669
200670
200671
200672
200673
200674
200675
200676
200677
200678
200679
200680
200681
200682
200683
200684
200685
200686
200687
200688
200689
200690
200691
200692
200693
200694
200695
200696
200697
200698
200699
200700
200701
200702
200703
200704
200705
200706
200707
200708
200709
200710
200711
200712
200713
200714
200715
200716
200717
200718
200719
200720
200721
200722
200723
200724
200725
200726
200727
200728
200729
200730
200731
200732
200733
200734
200735
200736
200737
200738
200739
200740
200741
200742
200743
200744
200745
200746
200747
200748
200749
200750
200751
200752
200753
200754
200755
200756
200757
200758
200759
200760
200761
200762
200763
200764
200765
200766
200767
200768
200769
200770
200771
200772
200773
200774
200775
200776
200777
200778
200779
200780
200781
200782
200783
200784
200785
200786
200787
200788
200789
200790
200791
200792
200793
200794
200795
200796
200797
200798
200799
200800
200801
200802
200803
200804
200805
200806
200807
200808
200809
200810
200811
200812
200813
200814
200815
200816
200817
200818
200819
200820
200821
200822
200823
200824
200825
200826
200827
200828
200829
200830
200831
200832
200833
200834
200835
200836
200837
200838
200839
200840
200841
200842
200843
200844
200845
200846
200847
200848
200849
200850
200851
200852
200853
200854
200855
200856
200857
200858
200859
200860
200861
200862
200863
200864
200865
200866
200867
200868
200869
200870
200871
200872
200873
200874
200875
200876
200877
200878
200879
200880
200881
200882
200883
200884
200885
200886
200887
200888
200889
200890
200891
200892
200893
200894
200895
200896
200897
200898
200899
200900
200901
200902
200903
200904
200905
200906
200907
200908
200909
200910
200911
200912
200913
200914
200915
200916
200917
200918
200919
200920
200921
200922
200923
200924
200925
200926
200927
200928
200929
200930
200931
200932
200933
200934
200935
200936
200937
200938
200939
200940
200941
200942
200943
200944
200945
200946
200947
200948
200949
200950
200951
200952
200953
200954
200955
200956
200957
200958
200959
200960
200961
200962
200963
200964
200965
200966
200967
200968
200969
200970
200971
200972
200973
200974
200975
200976
200977
200978
200979
200980
200981
200982
200983
200984
200985
200986
200987
200988
200989
200990
200991
200992
200993
200994
200995
200996
200997
200998
200999
201000
201001
201002
201003
201004
201005
201006
201007
201008
201009
201010
201011
201012
201013
201014
201015
201016
201017
201018
201019
201020
201021
201022
201023
201024
201025
201026
201027
201028
201029
201030
201031
201032
201033
201034
201035
201036
201037
201038
201039
201040
201041
201042
201043
201044
201045
201046
201047
201048
201049
201050
201051
201052
201053
201054
201055
201056
201057
201058
201059
201060
201061
201062
201063
201064
201065
201066
201067
201068
201069
201070
201071
201072
201073
201074
201075
201076
201077
201078
201079
201080
201081
201082
201083
201084
201085
201086
201087
201088
201089
201090
201091
201092
201093
201094
201095
201096
201097
201098
201099
201100
201101
201102
201103
201104
201105
201106
201107
201108
201109
201110
201111
201112
201113
201114
201115
201116
201117
201118
201119
201120
201121
201122
201123
201124
201125
201126
201127
201128
201129
201130
201131
201132
201133
201134
201135
201136
201137
201138
201139
201140
201141
201142
201143
201144
201145
201146
201147
201148
201149
201150
201151
201152
201153
201154
201155
201156
201157
201158
201159
201160
201161
201162
201163
201164
201165
201166
201167
201168
201169
201170
201171
201172
201173
201174
201175
201176
201177
201178
201179
201180
201181
201182
201183
201184
201185
201186
201187
201188
201189
201190
201191
201192
201193
201194
201195
201196
201197
201198
201199
201200
201201
201202
201203
201204
201205
201206
201207
201208
201209
201210
201211
201212
201213
201214
201215
201216
201217
201218
201219
201220
201221
201222
201223
201224
201225
201226
201227
201228
201229
201230
201231
201232
201233
201234
201235
201236
201237
201238
201239
201240
201241
201242
201243
201244
201245
201246
201247
201248
201249
201250
201251
201252
201253
201254
201255
201256
201257
201258
201259
201260
201261
201262
201263
201264
201265
201266
201267
201268
201269
201270
201271
201272
201273
201274
201275
201276
201277
201278
201279
201280
201281
201282
201283
201284
201285
201286
201287
201288
201289
201290
201291
201292
201293
201294
201295
201296
201297
201298
201299
201300
201301
201302
201303
201304
201305
201306
201307
201308
201309
201310
201311
201312
201313
201314
201315
201316
201317
201318
201319
201320
201321
201322
201323
201324
201325
201326
201327
201328
201329
201330
201331
201332
201333
201334
201335
201336
201337
201338
201339
201340
201341
201342
201343
201344
201345
201346
201347
201348
201349
201350
201351
201352
201353
201354
201355
201356
201357
201358
201359
201360
201361
201362
201363
201364
201365
201366
201367
201368
201369
201370
201371
201372
201373
201374
201375
201376
201377
201378
201379
201380
201381
201382
201383
201384
201385
201386
201387
201388
201389
201390
201391
201392
201393
201394
201395
201396
201397
201398
201399
201400
201401
201402
201403
201404
201405
201406
201407
201408
201409
201410
201411
201412
201413
201414
201415
201416
201417
201418
201419
201420
201421
201422
201423
201424
201425
201426
201427
201428
201429
201430
201431
201432
201433
201434
201435
201436
201437
201438
201439
201440
201441
201442
201443
201444
201445
201446
201447
201448
201449
201450
201451
201452
201453
201454
201455
201456
201457
201458
201459
201460
201461
201462
201463
201464
201465
201466
201467
201468
201469
201470
201471
201472
201473
201474
201475
201476
201477
201478
201479
201480
201481
201482
201483
201484
201485
201486
201487
201488
201489
201490
201491
201492
201493
201494
201495
201496
201497
201498
201499
201500
201501
201502
201503
201504
201505
201506
201507
201508
201509
201510
201511
201512
201513
201514
201515
201516
201517
201518
201519
201520
201521
201522
201523
201524
201525
201526
201527
201528
201529
201530
201531
201532
201533
201534
201535
201536
201537
201538
201539
201540
201541
201542
201543
201544
201545
201546
201547
201548
201549
201550
201551
201552
201553
201554
201555
201556
201557
201558
201559
201560
201561
201562
201563
201564
201565
201566
201567
201568
201569
201570
201571
201572
201573
201574
201575
201576
201577
201578
201579
201580
201581
201582
201583
201584
201585
201586
201587
201588
201589
201590
201591
201592
201593
201594
201595
201596
201597
201598
201599
201600
201601
201602
201603
201604
201605
201606
201607
201608
201609
201610
201611
201612
201613
201614
201615
201616
201617
201618
201619
201620
201621
201622
201623
201624
201625
201626
201627
201628
201629
201630
201631
201632
201633
201634
201635
201636
201637
201638
201639
201640
201641
201642
201643
201644
201645
201646
201647
201648
201649
201650
201651
201652
201653
201654
201655
201656
201657
201658
201659
201660
201661
201662
201663
201664
201665
201666
201667
201668
201669
201670
201671
201672
201673
201674
201675
201676
201677
201678
201679
201680
201681
201682
201683
201684
201685
201686
201687
201688
201689
201690
201691
201692
201693
201694
201695
201696
201697
201698
201699
201700
201701
201702
201703
201704
201705
201706
201707
201708
201709
201710
201711
201712
201713
201714
201715
201716
201717
201718
201719
201720
201721
201722
201723
201724
201725
201726
201727
201728
201729
201730
201731
201732
201733
201734
201735
201736
201737
201738
201739
201740
201741
201742
201743
201744
201745
201746
201747
201748
201749
201750
201751
201752
201753
201754
201755
201756
201757
201758
201759
201760
201761
201762
201763
201764
201765
201766
201767
201768
201769
201770
201771
201772
201773
201774
201775
201776
201777
201778
201779
201780
201781
201782
201783
201784
201785
201786
201787
201788
201789
201790
201791
201792
201793
201794
201795
201796
201797
201798
201799
201800
201801
201802
201803
201804
201805
201806
201807
201808
201809
201810
201811
201812
201813
201814
201815
201816
201817
201818
201819
201820
201821
201822
201823
201824
201825
201826
201827
201828
201829
201830
201831
201832
201833
201834
201835
201836
201837
201838
201839
201840
201841
201842
201843
201844
201845
201846
201847
201848
201849
201850
286851
286852
286853
286854
286855
286856
286857
286858
286859
286860
286861
286862
286863
286864
286865
286866
286867
286868
286869
286870
286871
286872
286873
286874
286875
286876
286877
286878
286879
286880
286881
286882
286883
286884
286885
286886
286887
286888
286889
286890
286891
286892
286893
286894
286895
286896
286897
286898
286899
286900
286901
286902
286903
286904
286905
286906
286907
286908
286909
286910
286911
286912
286913
286914
286915
286916
286917
286918
286919
286920
286921
286922
286923
286924
286925
286926
286927
286928
286929
286930
286931
286932
286933
286934
286935
286936
286937
286938
286939
286940
286941
286942
286943
286944
286945
286946
286947
286948
286949
286950
286951
286952
286953
286954
286955
286956
286957
286958
286959
286960
286961
286962
286963
286964
286965
286966
286967
286968
286969
286970
286971
286972
286973
286974
286975
286976
286977
286978
286979
286980
286981
286982
286983
286984
286985
286986
286987
286988
286989
286990
286991
286992
286993
286994
286995
286996
286997
286998
286999
287000
287001
287002
287003
287004
287005
287006
287007
287008
287009
287010
287011
287012
287013
287014
287015
287016
287017
287018
287019
287020
287021
287022
287023
287024
287025
287026
287027
287028
287029
287030
287031
287032
287033
287034
287035
287036
287037
287038
287039
287040
287041
287042
287043
287044
287045
287046
287047
287048
287049
287050
287051
287052
287053
287054
287055
287056
287057
287058
287059
287060
287061
287062
287063
287064
287065
287066
287067
287068
287069
287070
287071
287072
287073
287074
287075
287076
287077
287078
287079
287080
287081
287082
287083
287084
287085
287086
287087
287088
287089
287090
287091
287092
287093
287094
287095
287096
287097
287098
287099
287100
287101
287102
287103
287104
287105
287106
287107
287108
287109
287110
287111
287112
287113
287114
287115
287116
287117
287118
287119
287120
287121
287122
287123
287124
287125
287126
287127
287128
287129
287130
287131
287132
287133
287134
287135
287136
287137
287138
287139
287140
287141
287142
287143
287144
287145
287146
287147
287148
287149
287150
287151
287152
287153
287154
287155
287156
287157
287158
287159
287160
287161
287162
287163
287164
287165
287166
287167
287168
287169
287170
287171
287172
287173
287174
287175
287176
287177
287178
287179
287180
287181
287182
287183
287184
287185
287186
287187
287188
287189
287190
287191
287192
287193
287194
287195
287196
287197
287198
287199
287200
287201
287202
287203
287204
287205
287206
287207
287208
287209
287210
287211
287212
287213
287214
287215
287216
287217
287218
287219
287220
287221
287222
287223
287224
287225
287226
287227
287228
287229
287230
287231
287232
287233
287234
287235
287236
287237
287238
287239
287240
287241
287242
287243
287244
287245
287246
287247
287248
287249
287250
287251
287252
287253
287254
287255
287256
287257
287258
287259
287260
287261
287262
287263
287264
287265
287266
287267
287268
287269
287270
287271
287272
287273
287274
287275
287276
287277
287278
287279
287280
287281
287282
287283
287284
287285
287286
287287
287288
287289
287290
287291
287292
287293
287294
287295
287296
287297
287298
287299
287300
287301
287302
287303
287304
287305
287306
287307
287308
287309
287310
287311
287312
287313
287314
287315
287316
287317
287318
287319
287320
287321
287322
287323
287324
287325
287326
287327
287328
287329
287330
287331
287332
287333
287334
287335
287336
287337
287338
287339
287340
287341
287342
287343
287344
287345
287346
287347
287348
287349
287350
287351
287352
287353
287354
287355
287356
287357
287358
287359
287360
287361
287362
287363
287364
287365
287366
287367
287368
287369
287370
287371
287372
287373
287374
287375
287376
287377
287378
287379
287380
287381
287382
287383
287384
287385
287386
287387
287388
287389
287390
287391
287392
287393
287394
287395
287396
287397
287398
287399
287400
287401
287402
287403
287404
287405
287406
287407
287408
287409
287410
287411
287412
287413
287414
287415
287416
287417
287418
287419
287420
287421
287422
287423
287424
287425
287426
287427
287428
287429
287430
287431
287432
287433
287434
287435
287436
287437
287438
287439
287440
287441
287442
287443
287444
287445
287446
287447
287448
287449
287450
287451
287452
287453
287454
287455
287456
287457
287458
287459
287460
287461
287462
287463
287464
287465
287466
287467
287468
287469
287470
287471
287472
287473
287474
287475
287476
287477
287478
287479
287480
287481
287482
287483
287484
287485
287486
287487
287488
287489
287490
287491
287492
287493
287494
287495
287496
287497
287498
287499
287500
287501
287502
287503
287504
287505
287506
287507
287508
287509
287510
287511
287512
287513
287514
287515
287516
287517
287518
287519
287520
287521
287522
287523
287524
287525
287526
287527
287528
287529
287530
287531
287532
287533
287534
287535
287536
287537
287538
287539
287540
287541
287542
287543
287544
287545
287546
287547
287548
287549
287550
287551
287552
287553
287554
287555
287556
287557
287558
287559
287560
287561
287562
287563
287564
287565
287566
287567
287568
287569
287570
287571
287572
287573
287574
287575
287576
287577
287578
287579
287580
287581
287582
287583
287584
287585
287586
287587
287588
287589
287590
287591
287592
287593
287594
287595
287596
287597
287598
287599
287600
287601
287602
287603
287604
287605
287606
287607
287608
287609
287610
287611
287612
287613
287614
287615
287616
287617
287618
287619
287620
287621
287622
287623
287624
287625
287626
287627
287628
287629
287630
287631
287632
287633
287634
287635
287636
287637
287638
287639
287640
287641
287642
287643
287644
287645
287646
287647
287648
287649
287650
287651
287652
287653
287654
287655
287656
287657
287658
287659
287660
287661
287662
287663
287664
287665
287666
287667
287668
287669
287670
287671
287672
287673
287674
287675
287676
287677
287678
287679
287680
287681
287682
287683
287684
287685
287686
287687
287688
287689
287690
287691
287692
287693
287694
287695
287696
287697
287698
287699
287700
287701
287702
287703
287704
287705
287706
287707
287708
287709
287710
287711
287712
287713
287714
287715
287716
287717
287718
287719
287720
287721
287722
287723
287724
287725
287726
287727
287728
287729
287730
287731
287732
287733
287734
287735
287736
287737
287738
287739
287740
287741
287742
287743
287744
287745
287746
287747
287748
287749
287750
287751
287752
287753
287754
287755
287756
287757
287758
287759
287760
287761
287762
287763
287764
287765
287766
287767
287768
287769
287770
287771
287772
287773
287774
287775
287776
287777
287778
287779
287780
287781
287782
287783
287784
287785
287786
287787
287788
287789
287790
287791
287792
287793
287794
287795
287796
287797
287798
287799
287800
287801
287802
287803
287804
287805
287806
287807
287808
287809
287810
287811
287812
287813
287814
287815
287816
287817
287818
287819
287820
287821
287822
287823
287824
287825
287826
287827
287828
287829
287830
287831
287832
287833
287834
287835
287836
287837
287838
287839
287840
287841
287842
287843
287844
287845
287846
287847
287848
287849
287850
287851
287852
287853
287854
287855
287856
287857
287858
287859
287860
287861
287862
287863
287864
287865
287866
287867
287868
287869
287870
287871
287872
287873
287874
287875
287876
287877
287878
287879
287880
287881
287882
287883
287884
287885
287886
287887
287888
287889
287890
287891
287892
287893
287894
287895
287896
287897
287898
287899
287900
287901
287902
287903
287904
287905
287906
287907
287908
287909
287910
287911
287912
287913
287914
287915
287916
287917
287918
287919
287920
287921
287922
287923
287924
287925
287926
287927
287928
287929
287930
287931
287932
287933
287934
287935
287936
287937
287938
287939
287940
287941
287942
287943
287944
287945
287946
287947
287948
287949
287950
287951
287952
287953
287954
287955
287956
287957
287958
287959
287960
287961
287962
287963
287964
287965
287966
287967
287968
287969
287970
287971
287972
287973
287974
287975
287976
287977
287978
287979
287980
287981
287982
287983
287984
287985
287986
287987
287988
287989
287990
287991
287992
287993
287994
287995
287996
287997
287998
287999
288000
288001
288002
288003
288004
288005
288006
288007
288008
288009
288010
288011
288012
288013
288014
288015
288016
288017
288018
288019
288020
288021
288022
288023
288024
288025
288026
288027
288028
288029
288030
288031
288032
288033
288034
288035
288036
288037
288038
288039
288040
288041
288042
288043
288044
288045
288046
288047
288048
288049
288050
288051
288052
288053
288054
288055
288056
288057
288058
288059
288060
288061
288062
288063
288064
288065
288066
288067
288068
288069
288070
288071
288072
288073
288074
288075
288076
288077
288078
288079
288080
288081
288082
288083
288084
288085
288086
288087
288088
288089
288090
288091
288092
288093
288094
288095
288096
288097
288098
288099
288100
288101
288102
288103
288104
288105
288106
288107
288108
288109
288110
288111
288112
288113
288114
288115
288116
288117
288118
288119
288120
288121
288122
288123
288124
288125
288126
288127
288128
288129
288130
288131
288132
288133
288134
288135
288136
288137
288138
288139
288140
288141
288142
288143
288144
288145
288146
288147
288148
288149
288150
288151
288152
288153
288154
288155
288156
288157
288158
288159
288160
288161
288162
288163
288164
288165
288166
288167
288168
288169
288170
288171
288172
288173
288174
288175
288176
288177
288178
288179
288180
288181
288182
288183
288184
288185
288186
288187
288188
288189
288190
288191
288192
288193
288194
288195
288196
288197
288198
288199
288200
288201
288202
288203
288204
288205
288206
288207
288208
288209
288210
288211
288212
288213
288214
288215
288216
288217
288218
288219
288220
288221
288222
288223
288224
288225
288226
288227
288228
288229
288230
288231
288232
288233
288234
288235
288236
288237
288238
288239
288240
288241
288242
288243
288244
288245
288246
288247
288248
288249
288250
288251
288252
288253
288254
288255
288256
288257
288258
288259
288260
288261
288262
288263
288264
288265
288266
288267
288268
288269
288270
288271
288272
288273
288274
288275
288276
288277
288278
288279
288280
288281
288282
288283
288284
288285
288286
288287
288288
288289
288290
288291
288292
288293
288294
288295
288296
288297
288298
288299
288300
288301
288302
288303
288304
288305
288306
288307
288308
288309
288310
288311
288312
288313
288314
288315
288316
288317
288318
288319
288320
288321
288322
288323
288324
288325
288326
288327
288328
288329
288330
288331
288332
288333
288334
288335
288336
288337
288338
288339
288340
288341
288342
288343
288344
288345
288346
288347
288348
288349
288350
288351
288352
288353
288354
288355
288356
288357
288358
288359
288360
288361
288362
288363
288364
288365
288366
288367
288368
288369
288370
288371
288372
288373
288374
288375
288376
288377
288378
288379
288380
288381
288382
288383
288384
288385
288386
288387
288388
288389
288390
288391
288392
288393
288394
288395
288396
288397
288398
288399
288400
288401
288402
288403
288404
288405
288406
288407
288408
288409
288410
288411
288412
288413
288414
288415
288416
288417
288418
288419
288420
288421
288422
288423
288424
288425
288426
288427
288428
288429
288430
288431
288432
288433
288434
288435
288436
288437
288438
288439
288440
288441
288442
288443
288444
288445
288446
288447
288448
288449
288450
288451
288452
288453
288454
288455
288456
288457
288458
288459
288460
288461
288462
288463
288464
288465
288466
288467
288468
288469
288470
288471
288472
288473
288474
288475
288476
288477
288478
288479
288480
288481
288482
288483
288484
288485
288486
288487
288488
288489
288490
288491
288492
288493
288494
288495
288496
288497
288498
288499
288500
288501
288502
288503
288504
288505
288506
288507
288508
288509
288510
288511
288512
288513
288514
288515
288516
288517
288518
288519
288520
288521
288522
288523
288524
288525
288526
288527
288528
288529
288530
288531
288532
288533
288534
288535
288536
288537
288538
288539
288540
288541
288542
288543
288544
288545
288546
288547
288548
288549
288550
288551
288552
288553
288554
288555
288556
288557
288558
288559
288560
288561
288562
288563
288564
288565
288566
288567
288568
288569
288570
288571
288572
288573
288574
288575
288576
288577
288578
288579
288580
288581
288582
288583
288584
288585
288586
288587
288588
288589
288590
288591
288592
288593
288594
288595
288596
288597
288598
288599
288600
288601
288602
288603
288604
288605
288606
288607
288608
288609
288610
288611
288612
288613
288614
288615
288616
288617
288618
288619
288620
288621
288622
288623
288624
288625
288626
288627
288628
288629
288630
288631
288632
288633
288634
288635
288636
288637
288638
288639
288640
288641
288642
288643
288644
288645
288646
288647
288648
288649
288650
288651
288652
288653
288654
288655
288656
288657
288658
288659
288660
288661
288662
288663
288664
288665
288666
288667
288668
288669
288670
288671
288672
288673
288674
288675
288676
288677
288678
288679
288680
288681
288682
288683
288684
288685
288686
288687
288688
288689
288690
288691
288692
288693
288694
288695
288696
288697
288698
288699
288700
288701
288702
288703
288704
288705
288706
288707
288708
288709
288710
288711
288712
288713
288714
288715
288716
288717
288718
288719
288720
288721
288722
288723
288724
288725
288726
288727
288728
288729
288730
288731
288732
288733
288734
288735
288736
288737
288738
288739
288740
288741
288742
288743
288744
288745
288746
288747
288748
288749
288750
288751
288752
288753
288754
288755
288756
288757
288758
288759
288760
288761
288762
288763
288764
288765
288766
288767
288768
288769
288770
288771
288772
288773
288774
288775
288776
288777
288778
288779
288780
288781
288782
288783
288784
288785
288786
288787
288788
288789
288790
288791
288792
288793
288794
288795
288796
288797
288798
288799
288800
288801
288802
288803
288804
288805
288806
288807
288808
288809
288810
288811
288812
288813
288814
288815
288816
288817
288818
288819
288820
288821
288822
288823
288824
288825
288826
288827
288828
288829
288830
288831
288832
288833
288834
288835
288836
288837
288838
288839
288840
288841
288842
288843
288844
288845
288846
288847
288848
288849
288850
288851
288852
288853
288854
288855
288856
288857
288858
288859
288860
288861
288862
288863
288864
288865
288866
288867
288868
288869
288870
288871
288872
288873
288874
288875
288876
288877
288878
288879
288880
288881
288882
288883
288884
288885
288886
288887
288888
288889
288890
288891
288892
288893
288894
288895
288896
288897
288898
288899
288900
288901
288902
288903
288904
288905
288906
288907
288908
288909
288910
288911
288912
288913
288914
288915
288916
288917
288918
288919
288920
288921
288922
288923
288924
288925
288926
288927
288928
288929
288930
288931
288932
288933
288934
288935
288936
288937
288938
288939
288940
288941
288942
288943
288944
288945
288946
288947
288948
288949
288950
288951
288952
288953
288954
288955
288956
288957
288958
288959
288960
288961
288962
288963
288964
288965
288966
288967
288968
288969
288970
288971
288972
288973
288974
288975
288976
288977
288978
288979
288980
288981
288982
288983
288984
288985
288986
288987
288988
288989
288990
288991
288992
288993
288994
288995
288996
288997
288998
288999
289000
289001
289002
289003
289004
289005
289006
289007
289008
289009
289010
289011
289012
289013
289014
289015
289016
289017
289018
289019
289020
289021
289022
289023
289024
289025
289026
289027
289028
289029
289030
289031
289032
289033
289034
289035
289036
289037
289038
289039
289040
289041
289042
289043
289044
289045
289046
289047
289048
289049
289050
289051
289052
289053
289054
289055
289056
289057
289058
289059
289060
289061
289062
289063
289064
289065
289066
289067
289068
289069
289070
289071
289072
289073
289074
289075
289076
289077
289078
289079
289080
289081
289082
289083
289084
289085
289086
289087
289088
289089
289090
289091
289092
289093
289094
289095
289096
289097
289098
289099
289100
289101
289102
289103
289104
289105
289106
289107
289108
289109
289110
289111
289112
289113
289114
289115
289116
289117
289118
289119
289120
289121
289122
289123
289124
289125
289126
289127
289128
289129
289130
289131
289132
289133
289134
289135
289136
289137
289138
289139
289140
289141
289142
289143
289144
289145
289146
289147
289148
289149
289150
289151
289152
289153
289154
289155
289156
289157
289158
289159
289160
289161
289162
289163
289164
289165
289166
289167
289168
289169
289170
289171
289172
289173
289174
289175
289176
289177
289178
289179
289180
289181
289182
289183
289184
289185
289186
289187
289188
289189
289190
289191
289192
289193
289194
289195
289196
289197
289198
289199
289200
289201
289202
289203
289204
289205
289206
289207
289208
289209
289210
289211
289212
289213
289214
289215
289216
289217
289218
289219
289220
289221
289222
289223
289224
289225
289226
289227
289228
289229
289230
289231
289232
289233
289234
289235
289236
289237
289238
289239
289240
289241
289242
289243
289244
289245
289246
289247
289248
289249
289250
289251
289252
289253
289254
289255
289256
289257
289258
289259
289260
289261
289262
289263
289264
289265
289266
289267
289268
289269
289270
289271
289272
289273
289274
289275
289276
289277
289278
289279
289280
289281
289282
289283
289284
289285
289286
289287
289288
289289
289290
289291
289292
289293
289294
289295
289296
289297
289298
289299
289300
289301
289302
289303
289304
289305
289306
289307
289308
289309
289310
289311
289312
289313
289314
289315
289316
289317
289318
289319
289320
289321
289322
289323
289324
289325
289326
289327
289328
289329
289330
289331
289332
289333
289334
289335
289336
289337
289338
289339
289340
289341
289342
289343
289344
289345
289346
289347
289348
289349
289350
50000
50100
50200
50300
50400
50500
50600
50700
50800
50900
51000
51100
51200
51300
51400
51500
51600
51700
51800
51900
52000
52100
52200
52300
52400
52500
52600
52700
52800
52900
53000
53100
53200
53300
53400
53500
53600
53700
53800
53900
54000
54100
54200
54300
54400
54500
54600
54700
54800
54899
-45000
-45100
-45200
-45300
-45400
-45500
-45600
-45700
-45800
-45900
-46000
-46100
-46200
-46300
-46400
-46500
-46600
-46700
-46800
-46900
-47000
-47100
-47200
-47300
-47400
-47500
-47600
-47700
-47800
-47900
-48000
-48100
-48200
-48300
-48400
-48500
-48600
-48700
-48800
-48900
-49000
-49100
-49200
-49300
-49400
-49500
-49600
-49700
-49800
-49899
54802
54804
54806
54808
54810
54812
54814
54816
54818
54820
54822
54824
54826
54828
54830
54832
54834
54836
54838
54840
54842
54844
54846
54848
54850
54852
54854
54856
54858
54860
54862
54864
54866
54868
54870
54872
54874
54876
54878
54880
54882
54884
54886
54888
54890
54892
54894
54896
54898
54900
-34852
-34854
-34856
-34858
-34860
-34862
-34864
-34866
-34868
-34870
-34872
-34874
-34876
-34878
-34880
-34882
-34884
-34886
-34888
-34890
-34892
-34894
-34896
-34898
-34900
-34902
-34904
-34906
-34908
-34910
-34912
-34914
-34916
-34918
-34920
-34922
-34924
-34926
-34928
-34930
-34932
-34934
-34936
-34938
-34940
-34942
-34944
-34946
-34948
-34950
)


// ************************************************************************* //
