/*--------------------------------*- C++ -*----------------------------------*\
| =========                 |                                                 |
| \\      /  F ield         | OpenFOAM: The Open Source CFD Toolbox           |
|  \\    /   O peration     | Version:  v1906                                 |
|   \\  /    A nd           | Web:      www.OpenFOAM.com                      |
|    \\/     M anipulation  |                                                 |
\*---------------------------------------------------------------------------*/
FoamFile
{
    version     2.0;
    format      ascii;
    class       labelList;
    location    "constant/cs9/polyMesh";
    object      faceRegionAddressing;
}
// * * * * * * * * * * * * * * * * * * * * * * * * * * * * * * * * * * * * * //


10100
(
44901
44902
44903
44904
44905
44906
44907
44908
44909
44910
44911
44912
44913
44914
44915
44916
44917
44918
44919
44920
44921
44922
44923
44924
44925
44926
44927
44928
44929
44930
44931
44932
44933
44934
44935
44936
44937
44938
44939
44940
44941
44942
44943
44944
44945
44946
44947
44948
44949
44950
44951
44952
44953
44954
44955
44956
44957
44958
44959
44960
44961
44962
44963
44964
44965
44966
44967
44968
44969
44970
44971
44972
44973
44974
44975
44976
44977
44978
44979
44980
44981
44982
44983
44984
44985
44986
44987
44988
44989
44990
44991
44992
44993
44994
44995
44996
44997
44998
44999
45001
45002
45003
45004
45005
45006
45007
45008
45009
45010
45011
45012
45013
45014
45015
45016
45017
45018
45019
45020
45021
45022
45023
45024
45025
45026
45027
45028
45029
45030
45031
45032
45033
45034
45035
45036
45037
45038
45039
45040
45041
45042
45043
45044
45045
45046
45047
45048
45049
45050
45051
45052
45053
45054
45055
45056
45057
45058
45059
45060
45061
45062
45063
45064
45065
45066
45067
45068
45069
45070
45071
45072
45073
45074
45075
45076
45077
45078
45079
45080
45081
45082
45083
45084
45085
45086
45087
45088
45089
45090
45091
45092
45093
45094
45095
45096
45097
45098
45099
45101
45102
45103
45104
45105
45106
45107
45108
45109
45110
45111
45112
45113
45114
45115
45116
45117
45118
45119
45120
45121
45122
45123
45124
45125
45126
45127
45128
45129
45130
45131
45132
45133
45134
45135
45136
45137
45138
45139
45140
45141
45142
45143
45144
45145
45146
45147
45148
45149
45150
45151
45152
45153
45154
45155
45156
45157
45158
45159
45160
45161
45162
45163
45164
45165
45166
45167
45168
45169
45170
45171
45172
45173
45174
45175
45176
45177
45178
45179
45180
45181
45182
45183
45184
45185
45186
45187
45188
45189
45190
45191
45192
45193
45194
45195
45196
45197
45198
45199
45201
45202
45203
45204
45205
45206
45207
45208
45209
45210
45211
45212
45213
45214
45215
45216
45217
45218
45219
45220
45221
45222
45223
45224
45225
45226
45227
45228
45229
45230
45231
45232
45233
45234
45235
45236
45237
45238
45239
45240
45241
45242
45243
45244
45245
45246
45247
45248
45249
45250
45251
45252
45253
45254
45255
45256
45257
45258
45259
45260
45261
45262
45263
45264
45265
45266
45267
45268
45269
45270
45271
45272
45273
45274
45275
45276
45277
45278
45279
45280
45281
45282
45283
45284
45285
45286
45287
45288
45289
45290
45291
45292
45293
45294
45295
45296
45297
45298
45299
45301
45302
45303
45304
45305
45306
45307
45308
45309
45310
45311
45312
45313
45314
45315
45316
45317
45318
45319
45320
45321
45322
45323
45324
45325
45326
45327
45328
45329
45330
45331
45332
45333
45334
45335
45336
45337
45338
45339
45340
45341
45342
45343
45344
45345
45346
45347
45348
45349
45350
45351
45352
45353
45354
45355
45356
45357
45358
45359
45360
45361
45362
45363
45364
45365
45366
45367
45368
45369
45370
45371
45372
45373
45374
45375
45376
45377
45378
45379
45380
45381
45382
45383
45384
45385
45386
45387
45388
45389
45390
45391
45392
45393
45394
45395
45396
45397
45398
45399
45401
45402
45403
45404
45405
45406
45407
45408
45409
45410
45411
45412
45413
45414
45415
45416
45417
45418
45419
45420
45421
45422
45423
45424
45425
45426
45427
45428
45429
45430
45431
45432
45433
45434
45435
45436
45437
45438
45439
45440
45441
45442
45443
45444
45445
45446
45447
45448
45449
45450
45451
45452
45453
45454
45455
45456
45457
45458
45459
45460
45461
45462
45463
45464
45465
45466
45467
45468
45469
45470
45471
45472
45473
45474
45475
45476
45477
45478
45479
45480
45481
45482
45483
45484
45485
45486
45487
45488
45489
45490
45491
45492
45493
45494
45495
45496
45497
45498
45499
45501
45502
45503
45504
45505
45506
45507
45508
45509
45510
45511
45512
45513
45514
45515
45516
45517
45518
45519
45520
45521
45522
45523
45524
45525
45526
45527
45528
45529
45530
45531
45532
45533
45534
45535
45536
45537
45538
45539
45540
45541
45542
45543
45544
45545
45546
45547
45548
45549
45550
45551
45552
45553
45554
45555
45556
45557
45558
45559
45560
45561
45562
45563
45564
45565
45566
45567
45568
45569
45570
45571
45572
45573
45574
45575
45576
45577
45578
45579
45580
45581
45582
45583
45584
45585
45586
45587
45588
45589
45590
45591
45592
45593
45594
45595
45596
45597
45598
45599
45601
45602
45603
45604
45605
45606
45607
45608
45609
45610
45611
45612
45613
45614
45615
45616
45617
45618
45619
45620
45621
45622
45623
45624
45625
45626
45627
45628
45629
45630
45631
45632
45633
45634
45635
45636
45637
45638
45639
45640
45641
45642
45643
45644
45645
45646
45647
45648
45649
45650
45651
45652
45653
45654
45655
45656
45657
45658
45659
45660
45661
45662
45663
45664
45665
45666
45667
45668
45669
45670
45671
45672
45673
45674
45675
45676
45677
45678
45679
45680
45681
45682
45683
45684
45685
45686
45687
45688
45689
45690
45691
45692
45693
45694
45695
45696
45697
45698
45699
45701
45702
45703
45704
45705
45706
45707
45708
45709
45710
45711
45712
45713
45714
45715
45716
45717
45718
45719
45720
45721
45722
45723
45724
45725
45726
45727
45728
45729
45730
45731
45732
45733
45734
45735
45736
45737
45738
45739
45740
45741
45742
45743
45744
45745
45746
45747
45748
45749
45750
45751
45752
45753
45754
45755
45756
45757
45758
45759
45760
45761
45762
45763
45764
45765
45766
45767
45768
45769
45770
45771
45772
45773
45774
45775
45776
45777
45778
45779
45780
45781
45782
45783
45784
45785
45786
45787
45788
45789
45790
45791
45792
45793
45794
45795
45796
45797
45798
45799
45801
45802
45803
45804
45805
45806
45807
45808
45809
45810
45811
45812
45813
45814
45815
45816
45817
45818
45819
45820
45821
45822
45823
45824
45825
45826
45827
45828
45829
45830
45831
45832
45833
45834
45835
45836
45837
45838
45839
45840
45841
45842
45843
45844
45845
45846
45847
45848
45849
45850
45851
45852
45853
45854
45855
45856
45857
45858
45859
45860
45861
45862
45863
45864
45865
45866
45867
45868
45869
45870
45871
45872
45873
45874
45875
45876
45877
45878
45879
45880
45881
45882
45883
45884
45885
45886
45887
45888
45889
45890
45891
45892
45893
45894
45895
45896
45897
45898
45899
45901
45902
45903
45904
45905
45906
45907
45908
45909
45910
45911
45912
45913
45914
45915
45916
45917
45918
45919
45920
45921
45922
45923
45924
45925
45926
45927
45928
45929
45930
45931
45932
45933
45934
45935
45936
45937
45938
45939
45940
45941
45942
45943
45944
45945
45946
45947
45948
45949
45950
45951
45952
45953
45954
45955
45956
45957
45958
45959
45960
45961
45962
45963
45964
45965
45966
45967
45968
45969
45970
45971
45972
45973
45974
45975
45976
45977
45978
45979
45980
45981
45982
45983
45984
45985
45986
45987
45988
45989
45990
45991
45992
45993
45994
45995
45996
45997
45998
45999
46001
46002
46003
46004
46005
46006
46007
46008
46009
46010
46011
46012
46013
46014
46015
46016
46017
46018
46019
46020
46021
46022
46023
46024
46025
46026
46027
46028
46029
46030
46031
46032
46033
46034
46035
46036
46037
46038
46039
46040
46041
46042
46043
46044
46045
46046
46047
46048
46049
46050
46051
46052
46053
46054
46055
46056
46057
46058
46059
46060
46061
46062
46063
46064
46065
46066
46067
46068
46069
46070
46071
46072
46073
46074
46075
46076
46077
46078
46079
46080
46081
46082
46083
46084
46085
46086
46087
46088
46089
46090
46091
46092
46093
46094
46095
46096
46097
46098
46099
46101
46102
46103
46104
46105
46106
46107
46108
46109
46110
46111
46112
46113
46114
46115
46116
46117
46118
46119
46120
46121
46122
46123
46124
46125
46126
46127
46128
46129
46130
46131
46132
46133
46134
46135
46136
46137
46138
46139
46140
46141
46142
46143
46144
46145
46146
46147
46148
46149
46150
46151
46152
46153
46154
46155
46156
46157
46158
46159
46160
46161
46162
46163
46164
46165
46166
46167
46168
46169
46170
46171
46172
46173
46174
46175
46176
46177
46178
46179
46180
46181
46182
46183
46184
46185
46186
46187
46188
46189
46190
46191
46192
46193
46194
46195
46196
46197
46198
46199
46201
46202
46203
46204
46205
46206
46207
46208
46209
46210
46211
46212
46213
46214
46215
46216
46217
46218
46219
46220
46221
46222
46223
46224
46225
46226
46227
46228
46229
46230
46231
46232
46233
46234
46235
46236
46237
46238
46239
46240
46241
46242
46243
46244
46245
46246
46247
46248
46249
46250
46251
46252
46253
46254
46255
46256
46257
46258
46259
46260
46261
46262
46263
46264
46265
46266
46267
46268
46269
46270
46271
46272
46273
46274
46275
46276
46277
46278
46279
46280
46281
46282
46283
46284
46285
46286
46287
46288
46289
46290
46291
46292
46293
46294
46295
46296
46297
46298
46299
46301
46302
46303
46304
46305
46306
46307
46308
46309
46310
46311
46312
46313
46314
46315
46316
46317
46318
46319
46320
46321
46322
46323
46324
46325
46326
46327
46328
46329
46330
46331
46332
46333
46334
46335
46336
46337
46338
46339
46340
46341
46342
46343
46344
46345
46346
46347
46348
46349
46350
46351
46352
46353
46354
46355
46356
46357
46358
46359
46360
46361
46362
46363
46364
46365
46366
46367
46368
46369
46370
46371
46372
46373
46374
46375
46376
46377
46378
46379
46380
46381
46382
46383
46384
46385
46386
46387
46388
46389
46390
46391
46392
46393
46394
46395
46396
46397
46398
46399
46401
46402
46403
46404
46405
46406
46407
46408
46409
46410
46411
46412
46413
46414
46415
46416
46417
46418
46419
46420
46421
46422
46423
46424
46425
46426
46427
46428
46429
46430
46431
46432
46433
46434
46435
46436
46437
46438
46439
46440
46441
46442
46443
46444
46445
46446
46447
46448
46449
46450
46451
46452
46453
46454
46455
46456
46457
46458
46459
46460
46461
46462
46463
46464
46465
46466
46467
46468
46469
46470
46471
46472
46473
46474
46475
46476
46477
46478
46479
46480
46481
46482
46483
46484
46485
46486
46487
46488
46489
46490
46491
46492
46493
46494
46495
46496
46497
46498
46499
46501
46502
46503
46504
46505
46506
46507
46508
46509
46510
46511
46512
46513
46514
46515
46516
46517
46518
46519
46520
46521
46522
46523
46524
46525
46526
46527
46528
46529
46530
46531
46532
46533
46534
46535
46536
46537
46538
46539
46540
46541
46542
46543
46544
46545
46546
46547
46548
46549
46550
46551
46552
46553
46554
46555
46556
46557
46558
46559
46560
46561
46562
46563
46564
46565
46566
46567
46568
46569
46570
46571
46572
46573
46574
46575
46576
46577
46578
46579
46580
46581
46582
46583
46584
46585
46586
46587
46588
46589
46590
46591
46592
46593
46594
46595
46596
46597
46598
46599
46601
46602
46603
46604
46605
46606
46607
46608
46609
46610
46611
46612
46613
46614
46615
46616
46617
46618
46619
46620
46621
46622
46623
46624
46625
46626
46627
46628
46629
46630
46631
46632
46633
46634
46635
46636
46637
46638
46639
46640
46641
46642
46643
46644
46645
46646
46647
46648
46649
46650
46651
46652
46653
46654
46655
46656
46657
46658
46659
46660
46661
46662
46663
46664
46665
46666
46667
46668
46669
46670
46671
46672
46673
46674
46675
46676
46677
46678
46679
46680
46681
46682
46683
46684
46685
46686
46687
46688
46689
46690
46691
46692
46693
46694
46695
46696
46697
46698
46699
46701
46702
46703
46704
46705
46706
46707
46708
46709
46710
46711
46712
46713
46714
46715
46716
46717
46718
46719
46720
46721
46722
46723
46724
46725
46726
46727
46728
46729
46730
46731
46732
46733
46734
46735
46736
46737
46738
46739
46740
46741
46742
46743
46744
46745
46746
46747
46748
46749
46750
46751
46752
46753
46754
46755
46756
46757
46758
46759
46760
46761
46762
46763
46764
46765
46766
46767
46768
46769
46770
46771
46772
46773
46774
46775
46776
46777
46778
46779
46780
46781
46782
46783
46784
46785
46786
46787
46788
46789
46790
46791
46792
46793
46794
46795
46796
46797
46798
46799
46801
46802
46803
46804
46805
46806
46807
46808
46809
46810
46811
46812
46813
46814
46815
46816
46817
46818
46819
46820
46821
46822
46823
46824
46825
46826
46827
46828
46829
46830
46831
46832
46833
46834
46835
46836
46837
46838
46839
46840
46841
46842
46843
46844
46845
46846
46847
46848
46849
46850
46851
46852
46853
46854
46855
46856
46857
46858
46859
46860
46861
46862
46863
46864
46865
46866
46867
46868
46869
46870
46871
46872
46873
46874
46875
46876
46877
46878
46879
46880
46881
46882
46883
46884
46885
46886
46887
46888
46889
46890
46891
46892
46893
46894
46895
46896
46897
46898
46899
46901
46902
46903
46904
46905
46906
46907
46908
46909
46910
46911
46912
46913
46914
46915
46916
46917
46918
46919
46920
46921
46922
46923
46924
46925
46926
46927
46928
46929
46930
46931
46932
46933
46934
46935
46936
46937
46938
46939
46940
46941
46942
46943
46944
46945
46946
46947
46948
46949
46950
46951
46952
46953
46954
46955
46956
46957
46958
46959
46960
46961
46962
46963
46964
46965
46966
46967
46968
46969
46970
46971
46972
46973
46974
46975
46976
46977
46978
46979
46980
46981
46982
46983
46984
46985
46986
46987
46988
46989
46990
46991
46992
46993
46994
46995
46996
46997
46998
46999
47001
47002
47003
47004
47005
47006
47007
47008
47009
47010
47011
47012
47013
47014
47015
47016
47017
47018
47019
47020
47021
47022
47023
47024
47025
47026
47027
47028
47029
47030
47031
47032
47033
47034
47035
47036
47037
47038
47039
47040
47041
47042
47043
47044
47045
47046
47047
47048
47049
47050
47051
47052
47053
47054
47055
47056
47057
47058
47059
47060
47061
47062
47063
47064
47065
47066
47067
47068
47069
47070
47071
47072
47073
47074
47075
47076
47077
47078
47079
47080
47081
47082
47083
47084
47085
47086
47087
47088
47089
47090
47091
47092
47093
47094
47095
47096
47097
47098
47099
47101
47102
47103
47104
47105
47106
47107
47108
47109
47110
47111
47112
47113
47114
47115
47116
47117
47118
47119
47120
47121
47122
47123
47124
47125
47126
47127
47128
47129
47130
47131
47132
47133
47134
47135
47136
47137
47138
47139
47140
47141
47142
47143
47144
47145
47146
47147
47148
47149
47150
47151
47152
47153
47154
47155
47156
47157
47158
47159
47160
47161
47162
47163
47164
47165
47166
47167
47168
47169
47170
47171
47172
47173
47174
47175
47176
47177
47178
47179
47180
47181
47182
47183
47184
47185
47186
47187
47188
47189
47190
47191
47192
47193
47194
47195
47196
47197
47198
47199
47201
47202
47203
47204
47205
47206
47207
47208
47209
47210
47211
47212
47213
47214
47215
47216
47217
47218
47219
47220
47221
47222
47223
47224
47225
47226
47227
47228
47229
47230
47231
47232
47233
47234
47235
47236
47237
47238
47239
47240
47241
47242
47243
47244
47245
47246
47247
47248
47249
47250
47251
47252
47253
47254
47255
47256
47257
47258
47259
47260
47261
47262
47263
47264
47265
47266
47267
47268
47269
47270
47271
47272
47273
47274
47275
47276
47277
47278
47279
47280
47281
47282
47283
47284
47285
47286
47287
47288
47289
47290
47291
47292
47293
47294
47295
47296
47297
47298
47299
47301
47302
47303
47304
47305
47306
47307
47308
47309
47310
47311
47312
47313
47314
47315
47316
47317
47318
47319
47320
47321
47322
47323
47324
47325
47326
47327
47328
47329
47330
47331
47332
47333
47334
47335
47336
47337
47338
47339
47340
47341
47342
47343
47344
47345
47346
47347
47348
47349
47350
47351
47352
47353
47354
47355
47356
47357
47358
47359
47360
47361
47362
47363
47364
47365
47366
47367
47368
47369
47370
47371
47372
47373
47374
47375
47376
47377
47378
47379
47380
47381
47382
47383
47384
47385
47386
47387
47388
47389
47390
47391
47392
47393
47394
47395
47396
47397
47398
47399
47401
47402
47403
47404
47405
47406
47407
47408
47409
47410
47411
47412
47413
47414
47415
47416
47417
47418
47419
47420
47421
47422
47423
47424
47425
47426
47427
47428
47429
47430
47431
47432
47433
47434
47435
47436
47437
47438
47439
47440
47441
47442
47443
47444
47445
47446
47447
47448
47449
47450
47451
47452
47453
47454
47455
47456
47457
47458
47459
47460
47461
47462
47463
47464
47465
47466
47467
47468
47469
47470
47471
47472
47473
47474
47475
47476
47477
47478
47479
47480
47481
47482
47483
47484
47485
47486
47487
47488
47489
47490
47491
47492
47493
47494
47495
47496
47497
47498
47499
47501
47502
47503
47504
47505
47506
47507
47508
47509
47510
47511
47512
47513
47514
47515
47516
47517
47518
47519
47520
47521
47522
47523
47524
47525
47526
47527
47528
47529
47530
47531
47532
47533
47534
47535
47536
47537
47538
47539
47540
47541
47542
47543
47544
47545
47546
47547
47548
47549
47550
47551
47552
47553
47554
47555
47556
47557
47558
47559
47560
47561
47562
47563
47564
47565
47566
47567
47568
47569
47570
47571
47572
47573
47574
47575
47576
47577
47578
47579
47580
47581
47582
47583
47584
47585
47586
47587
47588
47589
47590
47591
47592
47593
47594
47595
47596
47597
47598
47599
47601
47602
47603
47604
47605
47606
47607
47608
47609
47610
47611
47612
47613
47614
47615
47616
47617
47618
47619
47620
47621
47622
47623
47624
47625
47626
47627
47628
47629
47630
47631
47632
47633
47634
47635
47636
47637
47638
47639
47640
47641
47642
47643
47644
47645
47646
47647
47648
47649
47650
47651
47652
47653
47654
47655
47656
47657
47658
47659
47660
47661
47662
47663
47664
47665
47666
47667
47668
47669
47670
47671
47672
47673
47674
47675
47676
47677
47678
47679
47680
47681
47682
47683
47684
47685
47686
47687
47688
47689
47690
47691
47692
47693
47694
47695
47696
47697
47698
47699
47701
47702
47703
47704
47705
47706
47707
47708
47709
47710
47711
47712
47713
47714
47715
47716
47717
47718
47719
47720
47721
47722
47723
47724
47725
47726
47727
47728
47729
47730
47731
47732
47733
47734
47735
47736
47737
47738
47739
47740
47741
47742
47743
47744
47745
47746
47747
47748
47749
47750
47751
47752
47753
47754
47755
47756
47757
47758
47759
47760
47761
47762
47763
47764
47765
47766
47767
47768
47769
47770
47771
47772
47773
47774
47775
47776
47777
47778
47779
47780
47781
47782
47783
47784
47785
47786
47787
47788
47789
47790
47791
47792
47793
47794
47795
47796
47797
47798
47799
47801
47802
47803
47804
47805
47806
47807
47808
47809
47810
47811
47812
47813
47814
47815
47816
47817
47818
47819
47820
47821
47822
47823
47824
47825
47826
47827
47828
47829
47830
47831
47832
47833
47834
47835
47836
47837
47838
47839
47840
47841
47842
47843
47844
47845
47846
47847
47848
47849
47850
47851
47852
47853
47854
47855
47856
47857
47858
47859
47860
47861
47862
47863
47864
47865
47866
47867
47868
47869
47870
47871
47872
47873
47874
47875
47876
47877
47878
47879
47880
47881
47882
47883
47884
47885
47886
47887
47888
47889
47890
47891
47892
47893
47894
47895
47896
47897
47898
47899
47901
47902
47903
47904
47905
47906
47907
47908
47909
47910
47911
47912
47913
47914
47915
47916
47917
47918
47919
47920
47921
47922
47923
47924
47925
47926
47927
47928
47929
47930
47931
47932
47933
47934
47935
47936
47937
47938
47939
47940
47941
47942
47943
47944
47945
47946
47947
47948
47949
47950
47951
47952
47953
47954
47955
47956
47957
47958
47959
47960
47961
47962
47963
47964
47965
47966
47967
47968
47969
47970
47971
47972
47973
47974
47975
47976
47977
47978
47979
47980
47981
47982
47983
47984
47985
47986
47987
47988
47989
47990
47991
47992
47993
47994
47995
47996
47997
47998
47999
48001
48002
48003
48004
48005
48006
48007
48008
48009
48010
48011
48012
48013
48014
48015
48016
48017
48018
48019
48020
48021
48022
48023
48024
48025
48026
48027
48028
48029
48030
48031
48032
48033
48034
48035
48036
48037
48038
48039
48040
48041
48042
48043
48044
48045
48046
48047
48048
48049
48050
48051
48052
48053
48054
48055
48056
48057
48058
48059
48060
48061
48062
48063
48064
48065
48066
48067
48068
48069
48070
48071
48072
48073
48074
48075
48076
48077
48078
48079
48080
48081
48082
48083
48084
48085
48086
48087
48088
48089
48090
48091
48092
48093
48094
48095
48096
48097
48098
48099
48101
48102
48103
48104
48105
48106
48107
48108
48109
48110
48111
48112
48113
48114
48115
48116
48117
48118
48119
48120
48121
48122
48123
48124
48125
48126
48127
48128
48129
48130
48131
48132
48133
48134
48135
48136
48137
48138
48139
48140
48141
48142
48143
48144
48145
48146
48147
48148
48149
48150
48151
48152
48153
48154
48155
48156
48157
48158
48159
48160
48161
48162
48163
48164
48165
48166
48167
48168
48169
48170
48171
48172
48173
48174
48175
48176
48177
48178
48179
48180
48181
48182
48183
48184
48185
48186
48187
48188
48189
48190
48191
48192
48193
48194
48195
48196
48197
48198
48199
48201
48202
48203
48204
48205
48206
48207
48208
48209
48210
48211
48212
48213
48214
48215
48216
48217
48218
48219
48220
48221
48222
48223
48224
48225
48226
48227
48228
48229
48230
48231
48232
48233
48234
48235
48236
48237
48238
48239
48240
48241
48242
48243
48244
48245
48246
48247
48248
48249
48250
48251
48252
48253
48254
48255
48256
48257
48258
48259
48260
48261
48262
48263
48264
48265
48266
48267
48268
48269
48270
48271
48272
48273
48274
48275
48276
48277
48278
48279
48280
48281
48282
48283
48284
48285
48286
48287
48288
48289
48290
48291
48292
48293
48294
48295
48296
48297
48298
48299
48301
48302
48303
48304
48305
48306
48307
48308
48309
48310
48311
48312
48313
48314
48315
48316
48317
48318
48319
48320
48321
48322
48323
48324
48325
48326
48327
48328
48329
48330
48331
48332
48333
48334
48335
48336
48337
48338
48339
48340
48341
48342
48343
48344
48345
48346
48347
48348
48349
48350
48351
48352
48353
48354
48355
48356
48357
48358
48359
48360
48361
48362
48363
48364
48365
48366
48367
48368
48369
48370
48371
48372
48373
48374
48375
48376
48377
48378
48379
48380
48381
48382
48383
48384
48385
48386
48387
48388
48389
48390
48391
48392
48393
48394
48395
48396
48397
48398
48399
48401
48402
48403
48404
48405
48406
48407
48408
48409
48410
48411
48412
48413
48414
48415
48416
48417
48418
48419
48420
48421
48422
48423
48424
48425
48426
48427
48428
48429
48430
48431
48432
48433
48434
48435
48436
48437
48438
48439
48440
48441
48442
48443
48444
48445
48446
48447
48448
48449
48450
48451
48452
48453
48454
48455
48456
48457
48458
48459
48460
48461
48462
48463
48464
48465
48466
48467
48468
48469
48470
48471
48472
48473
48474
48475
48476
48477
48478
48479
48480
48481
48482
48483
48484
48485
48486
48487
48488
48489
48490
48491
48492
48493
48494
48495
48496
48497
48498
48499
48501
48502
48503
48504
48505
48506
48507
48508
48509
48510
48511
48512
48513
48514
48515
48516
48517
48518
48519
48520
48521
48522
48523
48524
48525
48526
48527
48528
48529
48530
48531
48532
48533
48534
48535
48536
48537
48538
48539
48540
48541
48542
48543
48544
48545
48546
48547
48548
48549
48550
48551
48552
48553
48554
48555
48556
48557
48558
48559
48560
48561
48562
48563
48564
48565
48566
48567
48568
48569
48570
48571
48572
48573
48574
48575
48576
48577
48578
48579
48580
48581
48582
48583
48584
48585
48586
48587
48588
48589
48590
48591
48592
48593
48594
48595
48596
48597
48598
48599
48601
48602
48603
48604
48605
48606
48607
48608
48609
48610
48611
48612
48613
48614
48615
48616
48617
48618
48619
48620
48621
48622
48623
48624
48625
48626
48627
48628
48629
48630
48631
48632
48633
48634
48635
48636
48637
48638
48639
48640
48641
48642
48643
48644
48645
48646
48647
48648
48649
48650
48651
48652
48653
48654
48655
48656
48657
48658
48659
48660
48661
48662
48663
48664
48665
48666
48667
48668
48669
48670
48671
48672
48673
48674
48675
48676
48677
48678
48679
48680
48681
48682
48683
48684
48685
48686
48687
48688
48689
48690
48691
48692
48693
48694
48695
48696
48697
48698
48699
48701
48702
48703
48704
48705
48706
48707
48708
48709
48710
48711
48712
48713
48714
48715
48716
48717
48718
48719
48720
48721
48722
48723
48724
48725
48726
48727
48728
48729
48730
48731
48732
48733
48734
48735
48736
48737
48738
48739
48740
48741
48742
48743
48744
48745
48746
48747
48748
48749
48750
48751
48752
48753
48754
48755
48756
48757
48758
48759
48760
48761
48762
48763
48764
48765
48766
48767
48768
48769
48770
48771
48772
48773
48774
48775
48776
48777
48778
48779
48780
48781
48782
48783
48784
48785
48786
48787
48788
48789
48790
48791
48792
48793
48794
48795
48796
48797
48798
48799
48801
48802
48803
48804
48805
48806
48807
48808
48809
48810
48811
48812
48813
48814
48815
48816
48817
48818
48819
48820
48821
48822
48823
48824
48825
48826
48827
48828
48829
48830
48831
48832
48833
48834
48835
48836
48837
48838
48839
48840
48841
48842
48843
48844
48845
48846
48847
48848
48849
48850
48851
48852
48853
48854
48855
48856
48857
48858
48859
48860
48861
48862
48863
48864
48865
48866
48867
48868
48869
48870
48871
48872
48873
48874
48875
48876
48877
48878
48879
48880
48881
48882
48883
48884
48885
48886
48887
48888
48889
48890
48891
48892
48893
48894
48895
48896
48897
48898
48899
48901
48902
48903
48904
48905
48906
48907
48908
48909
48910
48911
48912
48913
48914
48915
48916
48917
48918
48919
48920
48921
48922
48923
48924
48925
48926
48927
48928
48929
48930
48931
48932
48933
48934
48935
48936
48937
48938
48939
48940
48941
48942
48943
48944
48945
48946
48947
48948
48949
48950
48951
48952
48953
48954
48955
48956
48957
48958
48959
48960
48961
48962
48963
48964
48965
48966
48967
48968
48969
48970
48971
48972
48973
48974
48975
48976
48977
48978
48979
48980
48981
48982
48983
48984
48985
48986
48987
48988
48989
48990
48991
48992
48993
48994
48995
48996
48997
48998
48999
49001
49002
49003
49004
49005
49006
49007
49008
49009
49010
49011
49012
49013
49014
49015
49016
49017
49018
49019
49020
49021
49022
49023
49024
49025
49026
49027
49028
49029
49030
49031
49032
49033
49034
49035
49036
49037
49038
49039
49040
49041
49042
49043
49044
49045
49046
49047
49048
49049
49050
49051
49052
49053
49054
49055
49056
49057
49058
49059
49060
49061
49062
49063
49064
49065
49066
49067
49068
49069
49070
49071
49072
49073
49074
49075
49076
49077
49078
49079
49080
49081
49082
49083
49084
49085
49086
49087
49088
49089
49090
49091
49092
49093
49094
49095
49096
49097
49098
49099
49101
49102
49103
49104
49105
49106
49107
49108
49109
49110
49111
49112
49113
49114
49115
49116
49117
49118
49119
49120
49121
49122
49123
49124
49125
49126
49127
49128
49129
49130
49131
49132
49133
49134
49135
49136
49137
49138
49139
49140
49141
49142
49143
49144
49145
49146
49147
49148
49149
49150
49151
49152
49153
49154
49155
49156
49157
49158
49159
49160
49161
49162
49163
49164
49165
49166
49167
49168
49169
49170
49171
49172
49173
49174
49175
49176
49177
49178
49179
49180
49181
49182
49183
49184
49185
49186
49187
49188
49189
49190
49191
49192
49193
49194
49195
49196
49197
49198
49199
49201
49202
49203
49204
49205
49206
49207
49208
49209
49210
49211
49212
49213
49214
49215
49216
49217
49218
49219
49220
49221
49222
49223
49224
49225
49226
49227
49228
49229
49230
49231
49232
49233
49234
49235
49236
49237
49238
49239
49240
49241
49242
49243
49244
49245
49246
49247
49248
49249
49250
49251
49252
49253
49254
49255
49256
49257
49258
49259
49260
49261
49262
49263
49264
49265
49266
49267
49268
49269
49270
49271
49272
49273
49274
49275
49276
49277
49278
49279
49280
49281
49282
49283
49284
49285
49286
49287
49288
49289
49290
49291
49292
49293
49294
49295
49296
49297
49298
49299
49301
49302
49303
49304
49305
49306
49307
49308
49309
49310
49311
49312
49313
49314
49315
49316
49317
49318
49319
49320
49321
49322
49323
49324
49325
49326
49327
49328
49329
49330
49331
49332
49333
49334
49335
49336
49337
49338
49339
49340
49341
49342
49343
49344
49345
49346
49347
49348
49349
49350
49351
49352
49353
49354
49355
49356
49357
49358
49359
49360
49361
49362
49363
49364
49365
49366
49367
49368
49369
49370
49371
49372
49373
49374
49375
49376
49377
49378
49379
49380
49381
49382
49383
49384
49385
49386
49387
49388
49389
49390
49391
49392
49393
49394
49395
49396
49397
49398
49399
49401
49402
49403
49404
49405
49406
49407
49408
49409
49410
49411
49412
49413
49414
49415
49416
49417
49418
49419
49420
49421
49422
49423
49424
49425
49426
49427
49428
49429
49430
49431
49432
49433
49434
49435
49436
49437
49438
49439
49440
49441
49442
49443
49444
49445
49446
49447
49448
49449
49450
49451
49452
49453
49454
49455
49456
49457
49458
49459
49460
49461
49462
49463
49464
49465
49466
49467
49468
49469
49470
49471
49472
49473
49474
49475
49476
49477
49478
49479
49480
49481
49482
49483
49484
49485
49486
49487
49488
49489
49490
49491
49492
49493
49494
49495
49496
49497
49498
49499
49501
49502
49503
49504
49505
49506
49507
49508
49509
49510
49511
49512
49513
49514
49515
49516
49517
49518
49519
49520
49521
49522
49523
49524
49525
49526
49527
49528
49529
49530
49531
49532
49533
49534
49535
49536
49537
49538
49539
49540
49541
49542
49543
49544
49545
49546
49547
49548
49549
49550
49551
49552
49553
49554
49555
49556
49557
49558
49559
49560
49561
49562
49563
49564
49565
49566
49567
49568
49569
49570
49571
49572
49573
49574
49575
49576
49577
49578
49579
49580
49581
49582
49583
49584
49585
49586
49587
49588
49589
49590
49591
49592
49593
49594
49595
49596
49597
49598
49599
49601
49602
49603
49604
49605
49606
49607
49608
49609
49610
49611
49612
49613
49614
49615
49616
49617
49618
49619
49620
49621
49622
49623
49624
49625
49626
49627
49628
49629
49630
49631
49632
49633
49634
49635
49636
49637
49638
49639
49640
49641
49642
49643
49644
49645
49646
49647
49648
49649
49650
49651
49652
49653
49654
49655
49656
49657
49658
49659
49660
49661
49662
49663
49664
49665
49666
49667
49668
49669
49670
49671
49672
49673
49674
49675
49676
49677
49678
49679
49680
49681
49682
49683
49684
49685
49686
49687
49688
49689
49690
49691
49692
49693
49694
49695
49696
49697
49698
49699
49701
49702
49703
49704
49705
49706
49707
49708
49709
49710
49711
49712
49713
49714
49715
49716
49717
49718
49719
49720
49721
49722
49723
49724
49725
49726
49727
49728
49729
49730
49731
49732
49733
49734
49735
49736
49737
49738
49739
49740
49741
49742
49743
49744
49745
49746
49747
49748
49749
49750
49751
49752
49753
49754
49755
49756
49757
49758
49759
49760
49761
49762
49763
49764
49765
49766
49767
49768
49769
49770
49771
49772
49773
49774
49775
49776
49777
49778
49779
49780
49781
49782
49783
49784
49785
49786
49787
49788
49789
49790
49791
49792
49793
49794
49795
49796
49797
49798
49799
49801
49803
49805
49807
49809
49811
49813
49815
49817
49819
49821
49823
49825
49827
49829
49831
49833
49835
49837
49839
49841
49843
49845
49847
49849
49851
49853
49855
49857
49859
49861
49863
49865
49867
49869
49871
49873
49875
49877
49879
49881
49883
49885
49887
49889
49891
49893
49895
49897
196851
196852
196853
196854
196855
196856
196857
196858
196859
196860
196861
196862
196863
196864
196865
196866
196867
196868
196869
196870
196871
196872
196873
196874
196875
196876
196877
196878
196879
196880
196881
196882
196883
196884
196885
196886
196887
196888
196889
196890
196891
196892
196893
196894
196895
196896
196897
196898
196899
196900
196901
196902
196903
196904
196905
196906
196907
196908
196909
196910
196911
196912
196913
196914
196915
196916
196917
196918
196919
196920
196921
196922
196923
196924
196925
196926
196927
196928
196929
196930
196931
196932
196933
196934
196935
196936
196937
196938
196939
196940
196941
196942
196943
196944
196945
196946
196947
196948
196949
196950
196951
196952
196953
196954
196955
196956
196957
196958
196959
196960
196961
196962
196963
196964
196965
196966
196967
196968
196969
196970
196971
196972
196973
196974
196975
196976
196977
196978
196979
196980
196981
196982
196983
196984
196985
196986
196987
196988
196989
196990
196991
196992
196993
196994
196995
196996
196997
196998
196999
197000
197001
197002
197003
197004
197005
197006
197007
197008
197009
197010
197011
197012
197013
197014
197015
197016
197017
197018
197019
197020
197021
197022
197023
197024
197025
197026
197027
197028
197029
197030
197031
197032
197033
197034
197035
197036
197037
197038
197039
197040
197041
197042
197043
197044
197045
197046
197047
197048
197049
197050
197051
197052
197053
197054
197055
197056
197057
197058
197059
197060
197061
197062
197063
197064
197065
197066
197067
197068
197069
197070
197071
197072
197073
197074
197075
197076
197077
197078
197079
197080
197081
197082
197083
197084
197085
197086
197087
197088
197089
197090
197091
197092
197093
197094
197095
197096
197097
197098
197099
197100
197101
197102
197103
197104
197105
197106
197107
197108
197109
197110
197111
197112
197113
197114
197115
197116
197117
197118
197119
197120
197121
197122
197123
197124
197125
197126
197127
197128
197129
197130
197131
197132
197133
197134
197135
197136
197137
197138
197139
197140
197141
197142
197143
197144
197145
197146
197147
197148
197149
197150
197151
197152
197153
197154
197155
197156
197157
197158
197159
197160
197161
197162
197163
197164
197165
197166
197167
197168
197169
197170
197171
197172
197173
197174
197175
197176
197177
197178
197179
197180
197181
197182
197183
197184
197185
197186
197187
197188
197189
197190
197191
197192
197193
197194
197195
197196
197197
197198
197199
197200
197201
197202
197203
197204
197205
197206
197207
197208
197209
197210
197211
197212
197213
197214
197215
197216
197217
197218
197219
197220
197221
197222
197223
197224
197225
197226
197227
197228
197229
197230
197231
197232
197233
197234
197235
197236
197237
197238
197239
197240
197241
197242
197243
197244
197245
197246
197247
197248
197249
197250
197251
197252
197253
197254
197255
197256
197257
197258
197259
197260
197261
197262
197263
197264
197265
197266
197267
197268
197269
197270
197271
197272
197273
197274
197275
197276
197277
197278
197279
197280
197281
197282
197283
197284
197285
197286
197287
197288
197289
197290
197291
197292
197293
197294
197295
197296
197297
197298
197299
197300
197301
197302
197303
197304
197305
197306
197307
197308
197309
197310
197311
197312
197313
197314
197315
197316
197317
197318
197319
197320
197321
197322
197323
197324
197325
197326
197327
197328
197329
197330
197331
197332
197333
197334
197335
197336
197337
197338
197339
197340
197341
197342
197343
197344
197345
197346
197347
197348
197349
197350
197351
197352
197353
197354
197355
197356
197357
197358
197359
197360
197361
197362
197363
197364
197365
197366
197367
197368
197369
197370
197371
197372
197373
197374
197375
197376
197377
197378
197379
197380
197381
197382
197383
197384
197385
197386
197387
197388
197389
197390
197391
197392
197393
197394
197395
197396
197397
197398
197399
197400
197401
197402
197403
197404
197405
197406
197407
197408
197409
197410
197411
197412
197413
197414
197415
197416
197417
197418
197419
197420
197421
197422
197423
197424
197425
197426
197427
197428
197429
197430
197431
197432
197433
197434
197435
197436
197437
197438
197439
197440
197441
197442
197443
197444
197445
197446
197447
197448
197449
197450
197451
197452
197453
197454
197455
197456
197457
197458
197459
197460
197461
197462
197463
197464
197465
197466
197467
197468
197469
197470
197471
197472
197473
197474
197475
197476
197477
197478
197479
197480
197481
197482
197483
197484
197485
197486
197487
197488
197489
197490
197491
197492
197493
197494
197495
197496
197497
197498
197499
197500
197501
197502
197503
197504
197505
197506
197507
197508
197509
197510
197511
197512
197513
197514
197515
197516
197517
197518
197519
197520
197521
197522
197523
197524
197525
197526
197527
197528
197529
197530
197531
197532
197533
197534
197535
197536
197537
197538
197539
197540
197541
197542
197543
197544
197545
197546
197547
197548
197549
197550
197551
197552
197553
197554
197555
197556
197557
197558
197559
197560
197561
197562
197563
197564
197565
197566
197567
197568
197569
197570
197571
197572
197573
197574
197575
197576
197577
197578
197579
197580
197581
197582
197583
197584
197585
197586
197587
197588
197589
197590
197591
197592
197593
197594
197595
197596
197597
197598
197599
197600
197601
197602
197603
197604
197605
197606
197607
197608
197609
197610
197611
197612
197613
197614
197615
197616
197617
197618
197619
197620
197621
197622
197623
197624
197625
197626
197627
197628
197629
197630
197631
197632
197633
197634
197635
197636
197637
197638
197639
197640
197641
197642
197643
197644
197645
197646
197647
197648
197649
197650
197651
197652
197653
197654
197655
197656
197657
197658
197659
197660
197661
197662
197663
197664
197665
197666
197667
197668
197669
197670
197671
197672
197673
197674
197675
197676
197677
197678
197679
197680
197681
197682
197683
197684
197685
197686
197687
197688
197689
197690
197691
197692
197693
197694
197695
197696
197697
197698
197699
197700
197701
197702
197703
197704
197705
197706
197707
197708
197709
197710
197711
197712
197713
197714
197715
197716
197717
197718
197719
197720
197721
197722
197723
197724
197725
197726
197727
197728
197729
197730
197731
197732
197733
197734
197735
197736
197737
197738
197739
197740
197741
197742
197743
197744
197745
197746
197747
197748
197749
197750
197751
197752
197753
197754
197755
197756
197757
197758
197759
197760
197761
197762
197763
197764
197765
197766
197767
197768
197769
197770
197771
197772
197773
197774
197775
197776
197777
197778
197779
197780
197781
197782
197783
197784
197785
197786
197787
197788
197789
197790
197791
197792
197793
197794
197795
197796
197797
197798
197799
197800
197801
197802
197803
197804
197805
197806
197807
197808
197809
197810
197811
197812
197813
197814
197815
197816
197817
197818
197819
197820
197821
197822
197823
197824
197825
197826
197827
197828
197829
197830
197831
197832
197833
197834
197835
197836
197837
197838
197839
197840
197841
197842
197843
197844
197845
197846
197847
197848
197849
197850
197851
197852
197853
197854
197855
197856
197857
197858
197859
197860
197861
197862
197863
197864
197865
197866
197867
197868
197869
197870
197871
197872
197873
197874
197875
197876
197877
197878
197879
197880
197881
197882
197883
197884
197885
197886
197887
197888
197889
197890
197891
197892
197893
197894
197895
197896
197897
197898
197899
197900
197901
197902
197903
197904
197905
197906
197907
197908
197909
197910
197911
197912
197913
197914
197915
197916
197917
197918
197919
197920
197921
197922
197923
197924
197925
197926
197927
197928
197929
197930
197931
197932
197933
197934
197935
197936
197937
197938
197939
197940
197941
197942
197943
197944
197945
197946
197947
197948
197949
197950
197951
197952
197953
197954
197955
197956
197957
197958
197959
197960
197961
197962
197963
197964
197965
197966
197967
197968
197969
197970
197971
197972
197973
197974
197975
197976
197977
197978
197979
197980
197981
197982
197983
197984
197985
197986
197987
197988
197989
197990
197991
197992
197993
197994
197995
197996
197997
197998
197999
198000
198001
198002
198003
198004
198005
198006
198007
198008
198009
198010
198011
198012
198013
198014
198015
198016
198017
198018
198019
198020
198021
198022
198023
198024
198025
198026
198027
198028
198029
198030
198031
198032
198033
198034
198035
198036
198037
198038
198039
198040
198041
198042
198043
198044
198045
198046
198047
198048
198049
198050
198051
198052
198053
198054
198055
198056
198057
198058
198059
198060
198061
198062
198063
198064
198065
198066
198067
198068
198069
198070
198071
198072
198073
198074
198075
198076
198077
198078
198079
198080
198081
198082
198083
198084
198085
198086
198087
198088
198089
198090
198091
198092
198093
198094
198095
198096
198097
198098
198099
198100
198101
198102
198103
198104
198105
198106
198107
198108
198109
198110
198111
198112
198113
198114
198115
198116
198117
198118
198119
198120
198121
198122
198123
198124
198125
198126
198127
198128
198129
198130
198131
198132
198133
198134
198135
198136
198137
198138
198139
198140
198141
198142
198143
198144
198145
198146
198147
198148
198149
198150
198151
198152
198153
198154
198155
198156
198157
198158
198159
198160
198161
198162
198163
198164
198165
198166
198167
198168
198169
198170
198171
198172
198173
198174
198175
198176
198177
198178
198179
198180
198181
198182
198183
198184
198185
198186
198187
198188
198189
198190
198191
198192
198193
198194
198195
198196
198197
198198
198199
198200
198201
198202
198203
198204
198205
198206
198207
198208
198209
198210
198211
198212
198213
198214
198215
198216
198217
198218
198219
198220
198221
198222
198223
198224
198225
198226
198227
198228
198229
198230
198231
198232
198233
198234
198235
198236
198237
198238
198239
198240
198241
198242
198243
198244
198245
198246
198247
198248
198249
198250
198251
198252
198253
198254
198255
198256
198257
198258
198259
198260
198261
198262
198263
198264
198265
198266
198267
198268
198269
198270
198271
198272
198273
198274
198275
198276
198277
198278
198279
198280
198281
198282
198283
198284
198285
198286
198287
198288
198289
198290
198291
198292
198293
198294
198295
198296
198297
198298
198299
198300
198301
198302
198303
198304
198305
198306
198307
198308
198309
198310
198311
198312
198313
198314
198315
198316
198317
198318
198319
198320
198321
198322
198323
198324
198325
198326
198327
198328
198329
198330
198331
198332
198333
198334
198335
198336
198337
198338
198339
198340
198341
198342
198343
198344
198345
198346
198347
198348
198349
198350
198351
198352
198353
198354
198355
198356
198357
198358
198359
198360
198361
198362
198363
198364
198365
198366
198367
198368
198369
198370
198371
198372
198373
198374
198375
198376
198377
198378
198379
198380
198381
198382
198383
198384
198385
198386
198387
198388
198389
198390
198391
198392
198393
198394
198395
198396
198397
198398
198399
198400
198401
198402
198403
198404
198405
198406
198407
198408
198409
198410
198411
198412
198413
198414
198415
198416
198417
198418
198419
198420
198421
198422
198423
198424
198425
198426
198427
198428
198429
198430
198431
198432
198433
198434
198435
198436
198437
198438
198439
198440
198441
198442
198443
198444
198445
198446
198447
198448
198449
198450
198451
198452
198453
198454
198455
198456
198457
198458
198459
198460
198461
198462
198463
198464
198465
198466
198467
198468
198469
198470
198471
198472
198473
198474
198475
198476
198477
198478
198479
198480
198481
198482
198483
198484
198485
198486
198487
198488
198489
198490
198491
198492
198493
198494
198495
198496
198497
198498
198499
198500
198501
198502
198503
198504
198505
198506
198507
198508
198509
198510
198511
198512
198513
198514
198515
198516
198517
198518
198519
198520
198521
198522
198523
198524
198525
198526
198527
198528
198529
198530
198531
198532
198533
198534
198535
198536
198537
198538
198539
198540
198541
198542
198543
198544
198545
198546
198547
198548
198549
198550
198551
198552
198553
198554
198555
198556
198557
198558
198559
198560
198561
198562
198563
198564
198565
198566
198567
198568
198569
198570
198571
198572
198573
198574
198575
198576
198577
198578
198579
198580
198581
198582
198583
198584
198585
198586
198587
198588
198589
198590
198591
198592
198593
198594
198595
198596
198597
198598
198599
198600
198601
198602
198603
198604
198605
198606
198607
198608
198609
198610
198611
198612
198613
198614
198615
198616
198617
198618
198619
198620
198621
198622
198623
198624
198625
198626
198627
198628
198629
198630
198631
198632
198633
198634
198635
198636
198637
198638
198639
198640
198641
198642
198643
198644
198645
198646
198647
198648
198649
198650
198651
198652
198653
198654
198655
198656
198657
198658
198659
198660
198661
198662
198663
198664
198665
198666
198667
198668
198669
198670
198671
198672
198673
198674
198675
198676
198677
198678
198679
198680
198681
198682
198683
198684
198685
198686
198687
198688
198689
198690
198691
198692
198693
198694
198695
198696
198697
198698
198699
198700
198701
198702
198703
198704
198705
198706
198707
198708
198709
198710
198711
198712
198713
198714
198715
198716
198717
198718
198719
198720
198721
198722
198723
198724
198725
198726
198727
198728
198729
198730
198731
198732
198733
198734
198735
198736
198737
198738
198739
198740
198741
198742
198743
198744
198745
198746
198747
198748
198749
198750
198751
198752
198753
198754
198755
198756
198757
198758
198759
198760
198761
198762
198763
198764
198765
198766
198767
198768
198769
198770
198771
198772
198773
198774
198775
198776
198777
198778
198779
198780
198781
198782
198783
198784
198785
198786
198787
198788
198789
198790
198791
198792
198793
198794
198795
198796
198797
198798
198799
198800
198801
198802
198803
198804
198805
198806
198807
198808
198809
198810
198811
198812
198813
198814
198815
198816
198817
198818
198819
198820
198821
198822
198823
198824
198825
198826
198827
198828
198829
198830
198831
198832
198833
198834
198835
198836
198837
198838
198839
198840
198841
198842
198843
198844
198845
198846
198847
198848
198849
198850
198851
198852
198853
198854
198855
198856
198857
198858
198859
198860
198861
198862
198863
198864
198865
198866
198867
198868
198869
198870
198871
198872
198873
198874
198875
198876
198877
198878
198879
198880
198881
198882
198883
198884
198885
198886
198887
198888
198889
198890
198891
198892
198893
198894
198895
198896
198897
198898
198899
198900
198901
198902
198903
198904
198905
198906
198907
198908
198909
198910
198911
198912
198913
198914
198915
198916
198917
198918
198919
198920
198921
198922
198923
198924
198925
198926
198927
198928
198929
198930
198931
198932
198933
198934
198935
198936
198937
198938
198939
198940
198941
198942
198943
198944
198945
198946
198947
198948
198949
198950
198951
198952
198953
198954
198955
198956
198957
198958
198959
198960
198961
198962
198963
198964
198965
198966
198967
198968
198969
198970
198971
198972
198973
198974
198975
198976
198977
198978
198979
198980
198981
198982
198983
198984
198985
198986
198987
198988
198989
198990
198991
198992
198993
198994
198995
198996
198997
198998
198999
199000
199001
199002
199003
199004
199005
199006
199007
199008
199009
199010
199011
199012
199013
199014
199015
199016
199017
199018
199019
199020
199021
199022
199023
199024
199025
199026
199027
199028
199029
199030
199031
199032
199033
199034
199035
199036
199037
199038
199039
199040
199041
199042
199043
199044
199045
199046
199047
199048
199049
199050
199051
199052
199053
199054
199055
199056
199057
199058
199059
199060
199061
199062
199063
199064
199065
199066
199067
199068
199069
199070
199071
199072
199073
199074
199075
199076
199077
199078
199079
199080
199081
199082
199083
199084
199085
199086
199087
199088
199089
199090
199091
199092
199093
199094
199095
199096
199097
199098
199099
199100
199101
199102
199103
199104
199105
199106
199107
199108
199109
199110
199111
199112
199113
199114
199115
199116
199117
199118
199119
199120
199121
199122
199123
199124
199125
199126
199127
199128
199129
199130
199131
199132
199133
199134
199135
199136
199137
199138
199139
199140
199141
199142
199143
199144
199145
199146
199147
199148
199149
199150
199151
199152
199153
199154
199155
199156
199157
199158
199159
199160
199161
199162
199163
199164
199165
199166
199167
199168
199169
199170
199171
199172
199173
199174
199175
199176
199177
199178
199179
199180
199181
199182
199183
199184
199185
199186
199187
199188
199189
199190
199191
199192
199193
199194
199195
199196
199197
199198
199199
199200
199201
199202
199203
199204
199205
199206
199207
199208
199209
199210
199211
199212
199213
199214
199215
199216
199217
199218
199219
199220
199221
199222
199223
199224
199225
199226
199227
199228
199229
199230
199231
199232
199233
199234
199235
199236
199237
199238
199239
199240
199241
199242
199243
199244
199245
199246
199247
199248
199249
199250
199251
199252
199253
199254
199255
199256
199257
199258
199259
199260
199261
199262
199263
199264
199265
199266
199267
199268
199269
199270
199271
199272
199273
199274
199275
199276
199277
199278
199279
199280
199281
199282
199283
199284
199285
199286
199287
199288
199289
199290
199291
199292
199293
199294
199295
199296
199297
199298
199299
199300
199301
199302
199303
199304
199305
199306
199307
199308
199309
199310
199311
199312
199313
199314
199315
199316
199317
199318
199319
199320
199321
199322
199323
199324
199325
199326
199327
199328
199329
199330
199331
199332
199333
199334
199335
199336
199337
199338
199339
199340
199341
199342
199343
199344
199345
199346
199347
199348
199349
199350
284351
284352
284353
284354
284355
284356
284357
284358
284359
284360
284361
284362
284363
284364
284365
284366
284367
284368
284369
284370
284371
284372
284373
284374
284375
284376
284377
284378
284379
284380
284381
284382
284383
284384
284385
284386
284387
284388
284389
284390
284391
284392
284393
284394
284395
284396
284397
284398
284399
284400
284401
284402
284403
284404
284405
284406
284407
284408
284409
284410
284411
284412
284413
284414
284415
284416
284417
284418
284419
284420
284421
284422
284423
284424
284425
284426
284427
284428
284429
284430
284431
284432
284433
284434
284435
284436
284437
284438
284439
284440
284441
284442
284443
284444
284445
284446
284447
284448
284449
284450
284451
284452
284453
284454
284455
284456
284457
284458
284459
284460
284461
284462
284463
284464
284465
284466
284467
284468
284469
284470
284471
284472
284473
284474
284475
284476
284477
284478
284479
284480
284481
284482
284483
284484
284485
284486
284487
284488
284489
284490
284491
284492
284493
284494
284495
284496
284497
284498
284499
284500
284501
284502
284503
284504
284505
284506
284507
284508
284509
284510
284511
284512
284513
284514
284515
284516
284517
284518
284519
284520
284521
284522
284523
284524
284525
284526
284527
284528
284529
284530
284531
284532
284533
284534
284535
284536
284537
284538
284539
284540
284541
284542
284543
284544
284545
284546
284547
284548
284549
284550
284551
284552
284553
284554
284555
284556
284557
284558
284559
284560
284561
284562
284563
284564
284565
284566
284567
284568
284569
284570
284571
284572
284573
284574
284575
284576
284577
284578
284579
284580
284581
284582
284583
284584
284585
284586
284587
284588
284589
284590
284591
284592
284593
284594
284595
284596
284597
284598
284599
284600
284601
284602
284603
284604
284605
284606
284607
284608
284609
284610
284611
284612
284613
284614
284615
284616
284617
284618
284619
284620
284621
284622
284623
284624
284625
284626
284627
284628
284629
284630
284631
284632
284633
284634
284635
284636
284637
284638
284639
284640
284641
284642
284643
284644
284645
284646
284647
284648
284649
284650
284651
284652
284653
284654
284655
284656
284657
284658
284659
284660
284661
284662
284663
284664
284665
284666
284667
284668
284669
284670
284671
284672
284673
284674
284675
284676
284677
284678
284679
284680
284681
284682
284683
284684
284685
284686
284687
284688
284689
284690
284691
284692
284693
284694
284695
284696
284697
284698
284699
284700
284701
284702
284703
284704
284705
284706
284707
284708
284709
284710
284711
284712
284713
284714
284715
284716
284717
284718
284719
284720
284721
284722
284723
284724
284725
284726
284727
284728
284729
284730
284731
284732
284733
284734
284735
284736
284737
284738
284739
284740
284741
284742
284743
284744
284745
284746
284747
284748
284749
284750
284751
284752
284753
284754
284755
284756
284757
284758
284759
284760
284761
284762
284763
284764
284765
284766
284767
284768
284769
284770
284771
284772
284773
284774
284775
284776
284777
284778
284779
284780
284781
284782
284783
284784
284785
284786
284787
284788
284789
284790
284791
284792
284793
284794
284795
284796
284797
284798
284799
284800
284801
284802
284803
284804
284805
284806
284807
284808
284809
284810
284811
284812
284813
284814
284815
284816
284817
284818
284819
284820
284821
284822
284823
284824
284825
284826
284827
284828
284829
284830
284831
284832
284833
284834
284835
284836
284837
284838
284839
284840
284841
284842
284843
284844
284845
284846
284847
284848
284849
284850
284851
284852
284853
284854
284855
284856
284857
284858
284859
284860
284861
284862
284863
284864
284865
284866
284867
284868
284869
284870
284871
284872
284873
284874
284875
284876
284877
284878
284879
284880
284881
284882
284883
284884
284885
284886
284887
284888
284889
284890
284891
284892
284893
284894
284895
284896
284897
284898
284899
284900
284901
284902
284903
284904
284905
284906
284907
284908
284909
284910
284911
284912
284913
284914
284915
284916
284917
284918
284919
284920
284921
284922
284923
284924
284925
284926
284927
284928
284929
284930
284931
284932
284933
284934
284935
284936
284937
284938
284939
284940
284941
284942
284943
284944
284945
284946
284947
284948
284949
284950
284951
284952
284953
284954
284955
284956
284957
284958
284959
284960
284961
284962
284963
284964
284965
284966
284967
284968
284969
284970
284971
284972
284973
284974
284975
284976
284977
284978
284979
284980
284981
284982
284983
284984
284985
284986
284987
284988
284989
284990
284991
284992
284993
284994
284995
284996
284997
284998
284999
285000
285001
285002
285003
285004
285005
285006
285007
285008
285009
285010
285011
285012
285013
285014
285015
285016
285017
285018
285019
285020
285021
285022
285023
285024
285025
285026
285027
285028
285029
285030
285031
285032
285033
285034
285035
285036
285037
285038
285039
285040
285041
285042
285043
285044
285045
285046
285047
285048
285049
285050
285051
285052
285053
285054
285055
285056
285057
285058
285059
285060
285061
285062
285063
285064
285065
285066
285067
285068
285069
285070
285071
285072
285073
285074
285075
285076
285077
285078
285079
285080
285081
285082
285083
285084
285085
285086
285087
285088
285089
285090
285091
285092
285093
285094
285095
285096
285097
285098
285099
285100
285101
285102
285103
285104
285105
285106
285107
285108
285109
285110
285111
285112
285113
285114
285115
285116
285117
285118
285119
285120
285121
285122
285123
285124
285125
285126
285127
285128
285129
285130
285131
285132
285133
285134
285135
285136
285137
285138
285139
285140
285141
285142
285143
285144
285145
285146
285147
285148
285149
285150
285151
285152
285153
285154
285155
285156
285157
285158
285159
285160
285161
285162
285163
285164
285165
285166
285167
285168
285169
285170
285171
285172
285173
285174
285175
285176
285177
285178
285179
285180
285181
285182
285183
285184
285185
285186
285187
285188
285189
285190
285191
285192
285193
285194
285195
285196
285197
285198
285199
285200
285201
285202
285203
285204
285205
285206
285207
285208
285209
285210
285211
285212
285213
285214
285215
285216
285217
285218
285219
285220
285221
285222
285223
285224
285225
285226
285227
285228
285229
285230
285231
285232
285233
285234
285235
285236
285237
285238
285239
285240
285241
285242
285243
285244
285245
285246
285247
285248
285249
285250
285251
285252
285253
285254
285255
285256
285257
285258
285259
285260
285261
285262
285263
285264
285265
285266
285267
285268
285269
285270
285271
285272
285273
285274
285275
285276
285277
285278
285279
285280
285281
285282
285283
285284
285285
285286
285287
285288
285289
285290
285291
285292
285293
285294
285295
285296
285297
285298
285299
285300
285301
285302
285303
285304
285305
285306
285307
285308
285309
285310
285311
285312
285313
285314
285315
285316
285317
285318
285319
285320
285321
285322
285323
285324
285325
285326
285327
285328
285329
285330
285331
285332
285333
285334
285335
285336
285337
285338
285339
285340
285341
285342
285343
285344
285345
285346
285347
285348
285349
285350
285351
285352
285353
285354
285355
285356
285357
285358
285359
285360
285361
285362
285363
285364
285365
285366
285367
285368
285369
285370
285371
285372
285373
285374
285375
285376
285377
285378
285379
285380
285381
285382
285383
285384
285385
285386
285387
285388
285389
285390
285391
285392
285393
285394
285395
285396
285397
285398
285399
285400
285401
285402
285403
285404
285405
285406
285407
285408
285409
285410
285411
285412
285413
285414
285415
285416
285417
285418
285419
285420
285421
285422
285423
285424
285425
285426
285427
285428
285429
285430
285431
285432
285433
285434
285435
285436
285437
285438
285439
285440
285441
285442
285443
285444
285445
285446
285447
285448
285449
285450
285451
285452
285453
285454
285455
285456
285457
285458
285459
285460
285461
285462
285463
285464
285465
285466
285467
285468
285469
285470
285471
285472
285473
285474
285475
285476
285477
285478
285479
285480
285481
285482
285483
285484
285485
285486
285487
285488
285489
285490
285491
285492
285493
285494
285495
285496
285497
285498
285499
285500
285501
285502
285503
285504
285505
285506
285507
285508
285509
285510
285511
285512
285513
285514
285515
285516
285517
285518
285519
285520
285521
285522
285523
285524
285525
285526
285527
285528
285529
285530
285531
285532
285533
285534
285535
285536
285537
285538
285539
285540
285541
285542
285543
285544
285545
285546
285547
285548
285549
285550
285551
285552
285553
285554
285555
285556
285557
285558
285559
285560
285561
285562
285563
285564
285565
285566
285567
285568
285569
285570
285571
285572
285573
285574
285575
285576
285577
285578
285579
285580
285581
285582
285583
285584
285585
285586
285587
285588
285589
285590
285591
285592
285593
285594
285595
285596
285597
285598
285599
285600
285601
285602
285603
285604
285605
285606
285607
285608
285609
285610
285611
285612
285613
285614
285615
285616
285617
285618
285619
285620
285621
285622
285623
285624
285625
285626
285627
285628
285629
285630
285631
285632
285633
285634
285635
285636
285637
285638
285639
285640
285641
285642
285643
285644
285645
285646
285647
285648
285649
285650
285651
285652
285653
285654
285655
285656
285657
285658
285659
285660
285661
285662
285663
285664
285665
285666
285667
285668
285669
285670
285671
285672
285673
285674
285675
285676
285677
285678
285679
285680
285681
285682
285683
285684
285685
285686
285687
285688
285689
285690
285691
285692
285693
285694
285695
285696
285697
285698
285699
285700
285701
285702
285703
285704
285705
285706
285707
285708
285709
285710
285711
285712
285713
285714
285715
285716
285717
285718
285719
285720
285721
285722
285723
285724
285725
285726
285727
285728
285729
285730
285731
285732
285733
285734
285735
285736
285737
285738
285739
285740
285741
285742
285743
285744
285745
285746
285747
285748
285749
285750
285751
285752
285753
285754
285755
285756
285757
285758
285759
285760
285761
285762
285763
285764
285765
285766
285767
285768
285769
285770
285771
285772
285773
285774
285775
285776
285777
285778
285779
285780
285781
285782
285783
285784
285785
285786
285787
285788
285789
285790
285791
285792
285793
285794
285795
285796
285797
285798
285799
285800
285801
285802
285803
285804
285805
285806
285807
285808
285809
285810
285811
285812
285813
285814
285815
285816
285817
285818
285819
285820
285821
285822
285823
285824
285825
285826
285827
285828
285829
285830
285831
285832
285833
285834
285835
285836
285837
285838
285839
285840
285841
285842
285843
285844
285845
285846
285847
285848
285849
285850
285851
285852
285853
285854
285855
285856
285857
285858
285859
285860
285861
285862
285863
285864
285865
285866
285867
285868
285869
285870
285871
285872
285873
285874
285875
285876
285877
285878
285879
285880
285881
285882
285883
285884
285885
285886
285887
285888
285889
285890
285891
285892
285893
285894
285895
285896
285897
285898
285899
285900
285901
285902
285903
285904
285905
285906
285907
285908
285909
285910
285911
285912
285913
285914
285915
285916
285917
285918
285919
285920
285921
285922
285923
285924
285925
285926
285927
285928
285929
285930
285931
285932
285933
285934
285935
285936
285937
285938
285939
285940
285941
285942
285943
285944
285945
285946
285947
285948
285949
285950
285951
285952
285953
285954
285955
285956
285957
285958
285959
285960
285961
285962
285963
285964
285965
285966
285967
285968
285969
285970
285971
285972
285973
285974
285975
285976
285977
285978
285979
285980
285981
285982
285983
285984
285985
285986
285987
285988
285989
285990
285991
285992
285993
285994
285995
285996
285997
285998
285999
286000
286001
286002
286003
286004
286005
286006
286007
286008
286009
286010
286011
286012
286013
286014
286015
286016
286017
286018
286019
286020
286021
286022
286023
286024
286025
286026
286027
286028
286029
286030
286031
286032
286033
286034
286035
286036
286037
286038
286039
286040
286041
286042
286043
286044
286045
286046
286047
286048
286049
286050
286051
286052
286053
286054
286055
286056
286057
286058
286059
286060
286061
286062
286063
286064
286065
286066
286067
286068
286069
286070
286071
286072
286073
286074
286075
286076
286077
286078
286079
286080
286081
286082
286083
286084
286085
286086
286087
286088
286089
286090
286091
286092
286093
286094
286095
286096
286097
286098
286099
286100
286101
286102
286103
286104
286105
286106
286107
286108
286109
286110
286111
286112
286113
286114
286115
286116
286117
286118
286119
286120
286121
286122
286123
286124
286125
286126
286127
286128
286129
286130
286131
286132
286133
286134
286135
286136
286137
286138
286139
286140
286141
286142
286143
286144
286145
286146
286147
286148
286149
286150
286151
286152
286153
286154
286155
286156
286157
286158
286159
286160
286161
286162
286163
286164
286165
286166
286167
286168
286169
286170
286171
286172
286173
286174
286175
286176
286177
286178
286179
286180
286181
286182
286183
286184
286185
286186
286187
286188
286189
286190
286191
286192
286193
286194
286195
286196
286197
286198
286199
286200
286201
286202
286203
286204
286205
286206
286207
286208
286209
286210
286211
286212
286213
286214
286215
286216
286217
286218
286219
286220
286221
286222
286223
286224
286225
286226
286227
286228
286229
286230
286231
286232
286233
286234
286235
286236
286237
286238
286239
286240
286241
286242
286243
286244
286245
286246
286247
286248
286249
286250
286251
286252
286253
286254
286255
286256
286257
286258
286259
286260
286261
286262
286263
286264
286265
286266
286267
286268
286269
286270
286271
286272
286273
286274
286275
286276
286277
286278
286279
286280
286281
286282
286283
286284
286285
286286
286287
286288
286289
286290
286291
286292
286293
286294
286295
286296
286297
286298
286299
286300
286301
286302
286303
286304
286305
286306
286307
286308
286309
286310
286311
286312
286313
286314
286315
286316
286317
286318
286319
286320
286321
286322
286323
286324
286325
286326
286327
286328
286329
286330
286331
286332
286333
286334
286335
286336
286337
286338
286339
286340
286341
286342
286343
286344
286345
286346
286347
286348
286349
286350
286351
286352
286353
286354
286355
286356
286357
286358
286359
286360
286361
286362
286363
286364
286365
286366
286367
286368
286369
286370
286371
286372
286373
286374
286375
286376
286377
286378
286379
286380
286381
286382
286383
286384
286385
286386
286387
286388
286389
286390
286391
286392
286393
286394
286395
286396
286397
286398
286399
286400
286401
286402
286403
286404
286405
286406
286407
286408
286409
286410
286411
286412
286413
286414
286415
286416
286417
286418
286419
286420
286421
286422
286423
286424
286425
286426
286427
286428
286429
286430
286431
286432
286433
286434
286435
286436
286437
286438
286439
286440
286441
286442
286443
286444
286445
286446
286447
286448
286449
286450
286451
286452
286453
286454
286455
286456
286457
286458
286459
286460
286461
286462
286463
286464
286465
286466
286467
286468
286469
286470
286471
286472
286473
286474
286475
286476
286477
286478
286479
286480
286481
286482
286483
286484
286485
286486
286487
286488
286489
286490
286491
286492
286493
286494
286495
286496
286497
286498
286499
286500
286501
286502
286503
286504
286505
286506
286507
286508
286509
286510
286511
286512
286513
286514
286515
286516
286517
286518
286519
286520
286521
286522
286523
286524
286525
286526
286527
286528
286529
286530
286531
286532
286533
286534
286535
286536
286537
286538
286539
286540
286541
286542
286543
286544
286545
286546
286547
286548
286549
286550
286551
286552
286553
286554
286555
286556
286557
286558
286559
286560
286561
286562
286563
286564
286565
286566
286567
286568
286569
286570
286571
286572
286573
286574
286575
286576
286577
286578
286579
286580
286581
286582
286583
286584
286585
286586
286587
286588
286589
286590
286591
286592
286593
286594
286595
286596
286597
286598
286599
286600
286601
286602
286603
286604
286605
286606
286607
286608
286609
286610
286611
286612
286613
286614
286615
286616
286617
286618
286619
286620
286621
286622
286623
286624
286625
286626
286627
286628
286629
286630
286631
286632
286633
286634
286635
286636
286637
286638
286639
286640
286641
286642
286643
286644
286645
286646
286647
286648
286649
286650
286651
286652
286653
286654
286655
286656
286657
286658
286659
286660
286661
286662
286663
286664
286665
286666
286667
286668
286669
286670
286671
286672
286673
286674
286675
286676
286677
286678
286679
286680
286681
286682
286683
286684
286685
286686
286687
286688
286689
286690
286691
286692
286693
286694
286695
286696
286697
286698
286699
286700
286701
286702
286703
286704
286705
286706
286707
286708
286709
286710
286711
286712
286713
286714
286715
286716
286717
286718
286719
286720
286721
286722
286723
286724
286725
286726
286727
286728
286729
286730
286731
286732
286733
286734
286735
286736
286737
286738
286739
286740
286741
286742
286743
286744
286745
286746
286747
286748
286749
286750
286751
286752
286753
286754
286755
286756
286757
286758
286759
286760
286761
286762
286763
286764
286765
286766
286767
286768
286769
286770
286771
286772
286773
286774
286775
286776
286777
286778
286779
286780
286781
286782
286783
286784
286785
286786
286787
286788
286789
286790
286791
286792
286793
286794
286795
286796
286797
286798
286799
286800
286801
286802
286803
286804
286805
286806
286807
286808
286809
286810
286811
286812
286813
286814
286815
286816
286817
286818
286819
286820
286821
286822
286823
286824
286825
286826
286827
286828
286829
286830
286831
286832
286833
286834
286835
286836
286837
286838
286839
286840
286841
286842
286843
286844
286845
286846
286847
286848
286849
286850
45000
45100
45200
45300
45400
45500
45600
45700
45800
45900
46000
46100
46200
46300
46400
46500
46600
46700
46800
46900
47000
47100
47200
47300
47400
47500
47600
47700
47800
47900
48000
48100
48200
48300
48400
48500
48600
48700
48800
48900
49000
49100
49200
49300
49400
49500
49600
49700
49800
49899
-40000
-40100
-40200
-40300
-40400
-40500
-40600
-40700
-40800
-40900
-41000
-41100
-41200
-41300
-41400
-41500
-41600
-41700
-41800
-41900
-42000
-42100
-42200
-42300
-42400
-42500
-42600
-42700
-42800
-42900
-43000
-43100
-43200
-43300
-43400
-43500
-43600
-43700
-43800
-43900
-44000
-44100
-44200
-44300
-44400
-44500
-44600
-44700
-44800
-44899
49802
49804
49806
49808
49810
49812
49814
49816
49818
49820
49822
49824
49826
49828
49830
49832
49834
49836
49838
49840
49842
49844
49846
49848
49850
49852
49854
49856
49858
49860
49862
49864
49866
49868
49870
49872
49874
49876
49878
49880
49882
49884
49886
49888
49890
49892
49894
49896
49898
49900
-29852
-29854
-29856
-29858
-29860
-29862
-29864
-29866
-29868
-29870
-29872
-29874
-29876
-29878
-29880
-29882
-29884
-29886
-29888
-29890
-29892
-29894
-29896
-29898
-29900
-29902
-29904
-29906
-29908
-29910
-29912
-29914
-29916
-29918
-29920
-29922
-29924
-29926
-29928
-29930
-29932
-29934
-29936
-29938
-29940
-29942
-29944
-29946
-29948
-29950
)


// ************************************************************************* //
