/*--------------------------------*- C++ -*----------------------------------*\
| =========                 |                                                 |
| \\      /  F ield         | OpenFOAM: The Open Source CFD Toolbox           |
|  \\    /   O peration     | Version:  v1906                                 |
|   \\  /    A nd           | Web:      www.OpenFOAM.com                      |
|    \\/     M anipulation  |                                                 |
\*---------------------------------------------------------------------------*/
FoamFile
{
    version     2.0;
    format      ascii;
    class       labelList;
    location    "constant/impp23/polyMesh";
    object      faceRegionAddressing;
}
// * * * * * * * * * * * * * * * * * * * * * * * * * * * * * * * * * * * * * //


10100
(
114751
114752
114753
114754
114755
114756
114757
114758
114759
114760
114761
114762
114763
114764
114765
114766
114767
114768
114769
114770
114771
114772
114773
114774
114775
114776
114777
114778
114779
114780
114781
114782
114783
114784
114785
114786
114787
114788
114789
114790
114791
114792
114793
114794
114795
114796
114797
114798
114799
114800
114801
114802
114803
114804
114805
114806
114807
114808
114809
114810
114811
114812
114813
114814
114815
114816
114817
114818
114819
114820
114821
114822
114823
114824
114825
114826
114827
114828
114829
114830
114831
114832
114833
114834
114835
114836
114837
114838
114839
114840
114841
114842
114843
114844
114845
114846
114847
114848
114849
114850
114851
114852
114853
114854
114855
114856
114857
114858
114859
114860
114861
114862
114863
114864
114865
114866
114867
114868
114869
114870
114871
114872
114873
114874
114875
114876
114877
114878
114879
114880
114881
114882
114883
114884
114885
114886
114887
114888
114889
114890
114891
114892
114893
114894
114895
114896
114897
114898
114899
114900
114901
114902
114903
114904
114905
114906
114907
114908
114909
114910
114911
114912
114913
114914
114915
114916
114917
114918
114919
114920
114921
114922
114923
114924
114925
114926
114927
114928
114929
114930
114931
114932
114933
114934
114935
114936
114937
114938
114939
114940
114941
114942
114943
114944
114945
114946
114947
114948
114949
114950
114951
114952
114953
114954
114955
114956
114957
114958
114959
114960
114961
114962
114963
114964
114965
114966
114967
114968
114969
114970
114971
114972
114973
114974
114975
114976
114977
114978
114979
114980
114981
114982
114983
114984
114985
114986
114987
114988
114989
114990
114991
114992
114993
114994
114995
114996
114997
114998
114999
115000
115001
115002
115003
115004
115005
115006
115007
115008
115009
115010
115011
115012
115013
115014
115015
115016
115017
115018
115019
115020
115021
115022
115023
115024
115025
115026
115027
115028
115029
115030
115031
115032
115033
115034
115035
115036
115037
115038
115039
115040
115041
115042
115043
115044
115045
115046
115047
115048
115049
115050
115051
115052
115053
115054
115055
115056
115057
115058
115059
115060
115061
115062
115063
115064
115065
115066
115067
115068
115069
115070
115071
115072
115073
115074
115075
115076
115077
115078
115079
115080
115081
115082
115083
115084
115085
115086
115087
115088
115089
115090
115091
115092
115093
115094
115095
115096
115097
115098
115099
115100
115101
115102
115103
115104
115105
115106
115107
115108
115109
115110
115111
115112
115113
115114
115115
115116
115117
115118
115119
115120
115121
115122
115123
115124
115125
115126
115127
115128
115129
115130
115131
115132
115133
115134
115135
115136
115137
115138
115139
115140
115141
115142
115143
115144
115145
115146
115147
115148
115149
115150
115151
115152
115153
115154
115155
115156
115157
115158
115159
115160
115161
115162
115163
115164
115165
115166
115167
115168
115169
115170
115171
115172
115173
115174
115175
115176
115177
115178
115179
115180
115181
115182
115183
115184
115185
115186
115187
115188
115189
115190
115191
115192
115193
115194
115195
115196
115197
115198
115199
115200
115201
115202
115203
115204
115205
115206
115207
115208
115209
115210
115211
115212
115213
115214
115215
115216
115217
115218
115219
115220
115221
115222
115223
115224
115225
115226
115227
115228
115229
115230
115231
115232
115233
115234
115235
115236
115237
115238
115239
115240
115241
115242
115243
115244
115245
115246
115247
115248
115249
115250
115251
115252
115253
115254
115255
115256
115257
115258
115259
115260
115261
115262
115263
115264
115265
115266
115267
115268
115269
115270
115271
115272
115273
115274
115275
115276
115277
115278
115279
115280
115281
115282
115283
115284
115285
115286
115287
115288
115289
115290
115291
115292
115293
115294
115295
115296
115297
115298
115299
115300
115301
115302
115303
115304
115305
115306
115307
115308
115309
115310
115311
115312
115313
115314
115315
115316
115317
115318
115319
115320
115321
115322
115323
115324
115325
115326
115327
115328
115329
115330
115331
115332
115333
115334
115335
115336
115337
115338
115339
115340
115341
115342
115343
115344
115345
115346
115347
115348
115349
115350
115351
115352
115353
115354
115355
115356
115357
115358
115359
115360
115361
115362
115363
115364
115365
115366
115367
115368
115369
115370
115371
115372
115373
115374
115375
115376
115377
115378
115379
115380
115381
115382
115383
115384
115385
115386
115387
115388
115389
115390
115391
115392
115393
115394
115395
115396
115397
115398
115399
115400
115401
115402
115403
115404
115405
115406
115407
115408
115409
115410
115411
115412
115413
115414
115415
115416
115417
115418
115419
115420
115421
115422
115423
115424
115425
115426
115427
115428
115429
115430
115431
115432
115433
115434
115435
115436
115437
115438
115439
115440
115441
115442
115443
115444
115445
115446
115447
115448
115449
115450
115451
115452
115453
115454
115455
115456
115457
115458
115459
115460
115461
115462
115463
115464
115465
115466
115467
115468
115469
115470
115471
115472
115473
115474
115475
115476
115477
115478
115479
115480
115481
115482
115483
115484
115485
115486
115487
115488
115489
115490
115491
115492
115493
115494
115495
115496
115497
115498
115499
115500
115501
115502
115503
115504
115505
115506
115507
115508
115509
115510
115511
115512
115513
115514
115515
115516
115517
115518
115519
115520
115521
115522
115523
115524
115525
115526
115527
115528
115529
115530
115531
115532
115533
115534
115535
115536
115537
115538
115539
115540
115541
115542
115543
115544
115545
115546
115547
115548
115549
115550
115551
115552
115553
115554
115555
115556
115557
115558
115559
115560
115561
115562
115563
115564
115565
115566
115567
115568
115569
115570
115571
115572
115573
115574
115575
115576
115577
115578
115579
115580
115581
115582
115583
115584
115585
115586
115587
115588
115589
115590
115591
115592
115593
115594
115595
115596
115597
115598
115599
115600
115601
115602
115603
115604
115605
115606
115607
115608
115609
115610
115611
115612
115613
115614
115615
115616
115617
115618
115619
115620
115621
115622
115623
115624
115625
115626
115627
115628
115629
115630
115631
115632
115633
115634
115635
115636
115637
115638
115639
115640
115641
115642
115643
115644
115645
115646
115647
115648
115649
115650
115651
115652
115653
115654
115655
115656
115657
115658
115659
115660
115661
115662
115663
115664
115665
115666
115667
115668
115669
115670
115671
115672
115673
115674
115675
115676
115677
115678
115679
115680
115681
115682
115683
115684
115685
115686
115687
115688
115689
115690
115691
115692
115693
115694
115695
115696
115697
115698
115699
115700
115701
115702
115703
115704
115705
115706
115707
115708
115709
115710
115711
115712
115713
115714
115715
115716
115717
115718
115719
115720
115721
115722
115723
115724
115725
115726
115727
115728
115729
115730
115731
115732
115733
115734
115735
115736
115737
115738
115739
115740
115741
115742
115743
115744
115745
115746
115747
115748
115749
115750
115751
115752
115753
115754
115755
115756
115757
115758
115759
115760
115761
115762
115763
115764
115765
115766
115767
115768
115769
115770
115771
115772
115773
115774
115775
115776
115777
115778
115779
115780
115781
115782
115783
115784
115785
115786
115787
115788
115789
115790
115791
115792
115793
115794
115795
115796
115797
115798
115799
115800
115801
115802
115803
115804
115805
115806
115807
115808
115809
115810
115811
115812
115813
115814
115815
115816
115817
115818
115819
115820
115821
115822
115823
115824
115825
115826
115827
115828
115829
115830
115831
115832
115833
115834
115835
115836
115837
115838
115839
115840
115841
115842
115843
115844
115845
115846
115847
115848
115849
115850
115851
115852
115853
115854
115855
115856
115857
115858
115859
115860
115861
115862
115863
115864
115865
115866
115867
115868
115869
115870
115871
115872
115873
115874
115875
115876
115877
115878
115879
115880
115881
115882
115883
115884
115885
115886
115887
115888
115889
115890
115891
115892
115893
115894
115895
115896
115897
115898
115899
115900
115901
115902
115903
115904
115905
115906
115907
115908
115909
115910
115911
115912
115913
115914
115915
115916
115917
115918
115919
115920
115921
115922
115923
115924
115925
115926
115927
115928
115929
115930
115931
115932
115933
115934
115935
115936
115937
115938
115939
115940
115941
115942
115943
115944
115945
115946
115947
115948
115949
115950
115951
115952
115953
115954
115955
115956
115957
115958
115959
115960
115961
115962
115963
115964
115965
115966
115967
115968
115969
115970
115971
115972
115973
115974
115975
115976
115977
115978
115979
115980
115981
115982
115983
115984
115985
115986
115987
115988
115989
115990
115991
115992
115993
115994
115995
115996
115997
115998
115999
116000
116001
116002
116003
116004
116005
116006
116007
116008
116009
116010
116011
116012
116013
116014
116015
116016
116017
116018
116019
116020
116021
116022
116023
116024
116025
116026
116027
116028
116029
116030
116031
116032
116033
116034
116035
116036
116037
116038
116039
116040
116041
116042
116043
116044
116045
116046
116047
116048
116049
116050
116051
116052
116053
116054
116055
116056
116057
116058
116059
116060
116061
116062
116063
116064
116065
116066
116067
116068
116069
116070
116071
116072
116073
116074
116075
116076
116077
116078
116079
116080
116081
116082
116083
116084
116085
116086
116087
116088
116089
116090
116091
116092
116093
116094
116095
116096
116097
116098
116099
116100
116101
116102
116103
116104
116105
116106
116107
116108
116109
116110
116111
116112
116113
116114
116115
116116
116117
116118
116119
116120
116121
116122
116123
116124
116125
116126
116127
116128
116129
116130
116131
116132
116133
116134
116135
116136
116137
116138
116139
116140
116141
116142
116143
116144
116145
116146
116147
116148
116149
116150
116151
116152
116153
116154
116155
116156
116157
116158
116159
116160
116161
116162
116163
116164
116165
116166
116167
116168
116169
116170
116171
116172
116173
116174
116175
116176
116177
116178
116179
116180
116181
116182
116183
116184
116185
116186
116187
116188
116189
116190
116191
116192
116193
116194
116195
116196
116197
116198
116199
116200
116201
116202
116203
116204
116205
116206
116207
116208
116209
116210
116211
116212
116213
116214
116215
116216
116217
116218
116219
116220
116221
116222
116223
116224
116225
116226
116227
116228
116229
116230
116231
116232
116233
116234
116235
116236
116237
116238
116239
116240
116241
116242
116243
116244
116245
116246
116247
116248
116249
116250
116251
116252
116253
116254
116255
116256
116257
116258
116259
116260
116261
116262
116263
116264
116265
116266
116267
116268
116269
116270
116271
116272
116273
116274
116275
116276
116277
116278
116279
116280
116281
116282
116283
116284
116285
116286
116287
116288
116289
116290
116291
116292
116293
116294
116295
116296
116297
116298
116299
116300
116301
116302
116303
116304
116305
116306
116307
116308
116309
116310
116311
116312
116313
116314
116315
116316
116317
116318
116319
116320
116321
116322
116323
116324
116325
116326
116327
116328
116329
116330
116331
116332
116333
116334
116335
116336
116337
116338
116339
116340
116341
116342
116343
116344
116345
116346
116347
116348
116349
116350
116351
116352
116353
116354
116355
116356
116357
116358
116359
116360
116361
116362
116363
116364
116365
116366
116367
116368
116369
116370
116371
116372
116373
116374
116375
116376
116377
116378
116379
116380
116381
116382
116383
116384
116385
116386
116387
116388
116389
116390
116391
116392
116393
116394
116395
116396
116397
116398
116399
116400
116401
116402
116403
116404
116405
116406
116407
116408
116409
116410
116411
116412
116413
116414
116415
116416
116417
116418
116419
116420
116421
116422
116423
116424
116425
116426
116427
116428
116429
116430
116431
116432
116433
116434
116435
116436
116437
116438
116439
116440
116441
116442
116443
116444
116445
116446
116447
116448
116449
116450
116451
116452
116453
116454
116455
116456
116457
116458
116459
116460
116461
116462
116463
116464
116465
116466
116467
116468
116469
116470
116471
116472
116473
116474
116475
116476
116477
116478
116479
116480
116481
116482
116483
116484
116485
116486
116487
116488
116489
116490
116491
116492
116493
116494
116495
116496
116497
116498
116499
116500
116501
116502
116503
116504
116505
116506
116507
116508
116509
116510
116511
116512
116513
116514
116515
116516
116517
116518
116519
116520
116521
116522
116523
116524
116525
116526
116527
116528
116529
116530
116531
116532
116533
116534
116535
116536
116537
116538
116539
116540
116541
116542
116543
116544
116545
116546
116547
116548
116549
116550
116551
116552
116553
116554
116555
116556
116557
116558
116559
116560
116561
116562
116563
116564
116565
116566
116567
116568
116569
116570
116571
116572
116573
116574
116575
116576
116577
116578
116579
116580
116581
116582
116583
116584
116585
116586
116587
116588
116589
116590
116591
116592
116593
116594
116595
116596
116597
116598
116599
116600
116601
116602
116603
116604
116605
116606
116607
116608
116609
116610
116611
116612
116613
116614
116615
116616
116617
116618
116619
116620
116621
116622
116623
116624
116625
116626
116627
116628
116629
116630
116631
116632
116633
116634
116635
116636
116637
116638
116639
116640
116641
116642
116643
116644
116645
116646
116647
116648
116649
116650
116651
116652
116653
116654
116655
116656
116657
116658
116659
116660
116661
116662
116663
116664
116665
116666
116667
116668
116669
116670
116671
116672
116673
116674
116675
116676
116677
116678
116679
116680
116681
116682
116683
116684
116685
116686
116687
116688
116689
116690
116691
116692
116693
116694
116695
116696
116697
116698
116699
116700
116701
116702
116703
116704
116705
116706
116707
116708
116709
116710
116711
116712
116713
116714
116715
116716
116717
116718
116719
116720
116721
116722
116723
116724
116725
116726
116727
116728
116729
116730
116731
116732
116733
116734
116735
116736
116737
116738
116739
116740
116741
116742
116743
116744
116745
116746
116747
116748
116749
116750
116751
116752
116753
116754
116755
116756
116757
116758
116759
116760
116761
116762
116763
116764
116765
116766
116767
116768
116769
116770
116771
116772
116773
116774
116775
116776
116777
116778
116779
116780
116781
116782
116783
116784
116785
116786
116787
116788
116789
116790
116791
116792
116793
116794
116795
116796
116797
116798
116799
116800
116801
116802
116803
116804
116805
116806
116807
116808
116809
116810
116811
116812
116813
116814
116815
116816
116817
116818
116819
116820
116821
116822
116823
116824
116825
116826
116827
116828
116829
116830
116831
116832
116833
116834
116835
116836
116837
116838
116839
116840
116841
116842
116843
116844
116845
116846
116847
116848
116849
116850
116851
116852
116853
116854
116855
116856
116857
116858
116859
116860
116861
116862
116863
116864
116865
116866
116867
116868
116869
116870
116871
116872
116873
116874
116875
116876
116877
116878
116879
116880
116881
116882
116883
116884
116885
116886
116887
116888
116889
116890
116891
116892
116893
116894
116895
116896
116897
116898
116899
116900
116901
116902
116903
116904
116905
116906
116907
116908
116909
116910
116911
116912
116913
116914
116915
116916
116917
116918
116919
116920
116921
116922
116923
116924
116925
116926
116927
116928
116929
116930
116931
116932
116933
116934
116935
116936
116937
116938
116939
116940
116941
116942
116943
116944
116945
116946
116947
116948
116949
116950
116951
116952
116953
116954
116955
116956
116957
116958
116959
116960
116961
116962
116963
116964
116965
116966
116967
116968
116969
116970
116971
116972
116973
116974
116975
116976
116977
116978
116979
116980
116981
116982
116983
116984
116985
116986
116987
116988
116989
116990
116991
116992
116993
116994
116995
116996
116997
116998
116999
117000
117001
117002
117003
117004
117005
117006
117007
117008
117009
117010
117011
117012
117013
117014
117015
117016
117017
117018
117019
117020
117021
117022
117023
117024
117025
117026
117027
117028
117029
117030
117031
117032
117033
117034
117035
117036
117037
117038
117039
117040
117041
117042
117043
117044
117045
117046
117047
117048
117049
117050
117051
117052
117053
117054
117055
117056
117057
117058
117059
117060
117061
117062
117063
117064
117065
117066
117067
117068
117069
117070
117071
117072
117073
117074
117075
117076
117077
117078
117079
117080
117081
117082
117083
117084
117085
117086
117087
117088
117089
117090
117091
117092
117093
117094
117095
117096
117097
117098
117099
117100
117101
117102
117103
117104
117105
117106
117107
117108
117109
117110
117111
117112
117113
117114
117115
117116
117117
117118
117119
117120
117121
117122
117123
117124
117125
117126
117127
117128
117129
117130
117131
117132
117133
117134
117135
117136
117137
117138
117139
117140
117141
117142
117143
117144
117145
117146
117147
117148
117149
117150
117151
117152
117153
117154
117155
117156
117157
117158
117159
117160
117161
117162
117163
117164
117165
117166
117167
117168
117169
117170
117171
117172
117173
117174
117175
117176
117177
117178
117179
117180
117181
117182
117183
117184
117185
117186
117187
117188
117189
117190
117191
117192
117193
117194
117195
117196
117197
117198
117199
117200
117201
117202
117203
117204
117205
117206
117207
117208
117209
117210
117211
117212
117213
117214
117215
117216
117217
117218
117219
117220
117221
117222
117223
117224
117225
117226
117227
117228
117229
117230
117231
117232
117233
117234
117235
117236
117237
117238
117239
117240
117241
117242
117243
117244
117245
117246
117247
117248
117249
117250
117251
117252
117253
117254
117255
117256
117257
117258
117259
117260
117261
117262
117263
117264
117265
117266
117267
117268
117269
117270
117271
117272
117273
117274
117275
117276
117277
117278
117279
117280
117281
117282
117283
117284
117285
117286
117287
117288
117289
117290
117291
117292
117293
117294
117295
117296
117297
117298
117299
117300
117301
117302
117303
117304
117305
117306
117307
117308
117309
117310
117311
117312
117313
117314
117315
117316
117317
117318
117319
117320
117321
117322
117323
117324
117325
117326
117327
117328
117329
117330
117331
117332
117333
117334
117335
117336
117337
117338
117339
117340
117341
117342
117343
117344
117345
117346
117347
117348
117349
117350
117351
117352
117353
117354
117355
117356
117357
117358
117359
117360
117361
117362
117363
117364
117365
117366
117367
117368
117369
117370
117371
117372
117373
117374
117375
117376
117377
117378
117379
117380
117381
117382
117383
117384
117385
117386
117387
117388
117389
117390
117391
117392
117393
117394
117395
117396
117397
117398
117399
117400
117401
117402
117403
117404
117405
117406
117407
117408
117409
117410
117411
117412
117413
117414
117415
117416
117417
117418
117419
117420
117421
117422
117423
117424
117425
117426
117427
117428
117429
117430
117431
117432
117433
117434
117435
117436
117437
117438
117439
117440
117441
117442
117443
117444
117445
117446
117447
117448
117449
117450
117451
117452
117453
117454
117455
117456
117457
117458
117459
117460
117461
117462
117463
117464
117465
117466
117467
117468
117469
117470
117471
117472
117473
117474
117475
117476
117477
117478
117479
117480
117481
117482
117483
117484
117485
117486
117487
117488
117489
117490
117491
117492
117493
117494
117495
117496
117497
117498
117499
117500
117501
117502
117503
117504
117505
117506
117507
117508
117509
117510
117511
117512
117513
117514
117515
117516
117517
117518
117519
117520
117521
117522
117523
117524
117525
117526
117527
117528
117529
117530
117531
117532
117533
117534
117535
117536
117537
117538
117539
117540
117541
117542
117543
117544
117545
117546
117547
117548
117549
117550
117551
117552
117553
117554
117555
117556
117557
117558
117559
117560
117561
117562
117563
117564
117565
117566
117567
117568
117569
117570
117571
117572
117573
117574
117575
117576
117577
117578
117579
117580
117581
117582
117583
117584
117585
117586
117587
117588
117589
117590
117591
117592
117593
117594
117595
117596
117597
117598
117599
117600
117601
117602
117603
117604
117605
117606
117607
117608
117609
117610
117611
117612
117613
117614
117615
117616
117617
117618
117619
117620
117621
117622
117623
117624
117625
117626
117627
117628
117629
117630
117631
117632
117633
117634
117635
117636
117637
117638
117639
117640
117641
117642
117643
117644
117645
117646
117647
117648
117649
117650
117651
117652
117653
117654
117655
117656
117657
117658
117659
117660
117661
117662
117663
117664
117665
117666
117667
117668
117669
117670
117671
117672
117673
117674
117675
117676
117677
117678
117679
117680
117681
117682
117683
117684
117685
117686
117687
117688
117689
117690
117691
117692
117693
117694
117695
117696
117697
117698
117699
117700
117701
117702
117703
117704
117705
117706
117707
117708
117709
117710
117711
117712
117713
117714
117715
117716
117717
117718
117719
117720
117721
117722
117723
117724
117725
117726
117727
117728
117729
117730
117731
117732
117733
117734
117735
117736
117737
117738
117739
117740
117741
117742
117743
117744
117745
117746
117747
117748
117749
117750
117751
117752
117753
117754
117755
117756
117757
117758
117759
117760
117761
117762
117763
117764
117765
117766
117767
117768
117769
117770
117771
117772
117773
117774
117775
117776
117777
117778
117779
117780
117781
117782
117783
117784
117785
117786
117787
117788
117789
117790
117791
117792
117793
117794
117795
117796
117797
117798
117799
117800
117801
117802
117803
117804
117805
117806
117807
117808
117809
117810
117811
117812
117813
117814
117815
117816
117817
117818
117819
117820
117821
117822
117823
117824
117825
117826
117827
117828
117829
117830
117831
117832
117833
117834
117835
117836
117837
117838
117839
117840
117841
117842
117843
117844
117845
117846
117847
117848
117849
117850
117851
117852
117853
117854
117855
117856
117857
117858
117859
117860
117861
117862
117863
117864
117865
117866
117867
117868
117869
117870
117871
117872
117873
117874
117875
117876
117877
117878
117879
117880
117881
117882
117883
117884
117885
117886
117887
117888
117889
117890
117891
117892
117893
117894
117895
117896
117897
117898
117899
117900
117901
117902
117903
117904
117905
117906
117907
117908
117909
117910
117911
117912
117913
117914
117915
117916
117917
117918
117919
117920
117921
117922
117923
117924
117925
117926
117927
117928
117929
117930
117931
117932
117933
117934
117935
117936
117937
117938
117939
117940
117941
117942
117943
117944
117945
117946
117947
117948
117949
117950
117951
117952
117953
117954
117955
117956
117957
117958
117959
117960
117961
117962
117963
117964
117965
117966
117967
117968
117969
117970
117971
117972
117973
117974
117975
117976
117977
117978
117979
117980
117981
117982
117983
117984
117985
117986
117987
117988
117989
117990
117991
117992
117993
117994
117995
117996
117997
117998
117999
118000
118001
118002
118003
118004
118005
118006
118007
118008
118009
118010
118011
118012
118013
118014
118015
118016
118017
118018
118019
118020
118021
118022
118023
118024
118025
118026
118027
118028
118029
118030
118031
118032
118033
118034
118035
118036
118037
118038
118039
118040
118041
118042
118043
118044
118045
118046
118047
118048
118049
118050
118051
118052
118053
118054
118055
118056
118057
118058
118059
118060
118061
118062
118063
118064
118065
118066
118067
118068
118069
118070
118071
118072
118073
118074
118075
118076
118077
118078
118079
118080
118081
118082
118083
118084
118085
118086
118087
118088
118089
118090
118091
118092
118093
118094
118095
118096
118097
118098
118099
118100
118101
118102
118103
118104
118105
118106
118107
118108
118109
118110
118111
118112
118113
118114
118115
118116
118117
118118
118119
118120
118121
118122
118123
118124
118125
118126
118127
118128
118129
118130
118131
118132
118133
118134
118135
118136
118137
118138
118139
118140
118141
118142
118143
118144
118145
118146
118147
118148
118149
118150
118151
118152
118153
118154
118155
118156
118157
118158
118159
118160
118161
118162
118163
118164
118165
118166
118167
118168
118169
118170
118171
118172
118173
118174
118175
118176
118177
118178
118179
118180
118181
118182
118183
118184
118185
118186
118187
118188
118189
118190
118191
118192
118193
118194
118195
118196
118197
118198
118199
118200
118201
118202
118203
118204
118205
118206
118207
118208
118209
118210
118211
118212
118213
118214
118215
118216
118217
118218
118219
118220
118221
118222
118223
118224
118225
118226
118227
118228
118229
118230
118231
118232
118233
118234
118235
118236
118237
118238
118239
118240
118241
118242
118243
118244
118245
118246
118247
118248
118249
118250
118251
118252
118253
118254
118255
118256
118257
118258
118259
118260
118261
118262
118263
118264
118265
118266
118267
118268
118269
118270
118271
118272
118273
118274
118275
118276
118277
118278
118279
118280
118281
118282
118283
118284
118285
118286
118287
118288
118289
118290
118291
118292
118293
118294
118295
118296
118297
118298
118299
118300
118301
118302
118303
118304
118305
118306
118307
118308
118309
118310
118311
118312
118313
118314
118315
118316
118317
118318
118319
118320
118321
118322
118323
118324
118325
118326
118327
118328
118329
118330
118331
118332
118333
118334
118335
118336
118337
118338
118339
118340
118341
118342
118343
118344
118345
118346
118347
118348
118349
118350
118351
118352
118353
118354
118355
118356
118357
118358
118359
118360
118361
118362
118363
118364
118365
118366
118367
118368
118369
118370
118371
118372
118373
118374
118375
118376
118377
118378
118379
118380
118381
118382
118383
118384
118385
118386
118387
118388
118389
118390
118391
118392
118393
118394
118395
118396
118397
118398
118399
118400
118401
118402
118403
118404
118405
118406
118407
118408
118409
118410
118411
118412
118413
118414
118415
118416
118417
118418
118419
118420
118421
118422
118423
118424
118425
118426
118427
118428
118429
118430
118431
118432
118433
118434
118435
118436
118437
118438
118439
118440
118441
118442
118443
118444
118445
118446
118447
118448
118449
118450
118451
118452
118453
118454
118455
118456
118457
118458
118459
118460
118461
118462
118463
118464
118465
118466
118467
118468
118469
118470
118471
118472
118473
118474
118475
118476
118477
118478
118479
118480
118481
118482
118483
118484
118485
118486
118487
118488
118489
118490
118491
118492
118493
118494
118495
118496
118497
118498
118499
118500
118501
118502
118503
118504
118505
118506
118507
118508
118509
118510
118511
118512
118513
118514
118515
118516
118517
118518
118519
118520
118521
118522
118523
118524
118525
118526
118527
118528
118529
118530
118531
118532
118533
118534
118535
118536
118537
118538
118539
118540
118541
118542
118543
118544
118545
118546
118547
118548
118549
118550
118551
118552
118553
118554
118555
118556
118557
118558
118559
118560
118561
118562
118563
118564
118565
118566
118567
118568
118569
118570
118571
118572
118573
118574
118575
118576
118577
118578
118579
118580
118581
118582
118583
118584
118585
118586
118587
118588
118589
118590
118591
118592
118593
118594
118595
118596
118597
118598
118599
118600
118601
118602
118603
118604
118605
118606
118607
118608
118609
118610
118611
118612
118613
118614
118615
118616
118617
118618
118619
118620
118621
118622
118623
118624
118625
118626
118627
118628
118629
118630
118631
118632
118633
118634
118635
118636
118637
118638
118639
118640
118641
118642
118643
118644
118645
118646
118647
118648
118649
118650
118651
118652
118653
118654
118655
118656
118657
118658
118659
118660
118661
118662
118663
118664
118665
118666
118667
118668
118669
118670
118671
118672
118673
118674
118675
118676
118677
118678
118679
118680
118681
118682
118683
118684
118685
118686
118687
118688
118689
118690
118691
118692
118693
118694
118695
118696
118697
118698
118699
118700
118701
118702
118703
118704
118705
118706
118707
118708
118709
118710
118711
118712
118713
118714
118715
118716
118717
118718
118719
118720
118721
118722
118723
118724
118725
118726
118727
118728
118729
118730
118731
118732
118733
118734
118735
118736
118737
118738
118739
118740
118741
118742
118743
118744
118745
118746
118747
118748
118749
118750
118751
118752
118753
118754
118755
118756
118757
118758
118759
118760
118761
118762
118763
118764
118765
118766
118767
118768
118769
118770
118771
118772
118773
118774
118775
118776
118777
118778
118779
118780
118781
118782
118783
118784
118785
118786
118787
118788
118789
118790
118791
118792
118793
118794
118795
118796
118797
118798
118799
118800
118801
118802
118803
118804
118805
118806
118807
118808
118809
118810
118811
118812
118813
118814
118815
118816
118817
118818
118819
118820
118821
118822
118823
118824
118825
118826
118827
118828
118829
118830
118831
118832
118833
118834
118835
118836
118837
118838
118839
118840
118841
118842
118843
118844
118845
118846
118847
118848
118849
118850
118851
118852
118853
118854
118855
118856
118857
118858
118859
118860
118861
118862
118863
118864
118865
118866
118867
118868
118869
118870
118871
118872
118873
118874
118875
118876
118877
118878
118879
118880
118881
118882
118883
118884
118885
118886
118887
118888
118889
118890
118891
118892
118893
118894
118895
118896
118897
118898
118899
118900
118901
118902
118903
118904
118905
118906
118907
118908
118909
118910
118911
118912
118913
118914
118915
118916
118917
118918
118919
118920
118921
118922
118923
118924
118925
118926
118927
118928
118929
118930
118931
118932
118933
118934
118935
118936
118937
118938
118939
118940
118941
118942
118943
118944
118945
118946
118947
118948
118949
118950
118951
118952
118953
118954
118955
118956
118957
118958
118959
118960
118961
118962
118963
118964
118965
118966
118967
118968
118969
118970
118971
118972
118973
118974
118975
118976
118977
118978
118979
118980
118981
118982
118983
118984
118985
118986
118987
118988
118989
118990
118991
118992
118993
118994
118995
118996
118997
118998
118999
119000
119001
119002
119003
119004
119005
119006
119007
119008
119009
119010
119011
119012
119013
119014
119015
119016
119017
119018
119019
119020
119021
119022
119023
119024
119025
119026
119027
119028
119029
119030
119031
119032
119033
119034
119035
119036
119037
119038
119039
119040
119041
119042
119043
119044
119045
119046
119047
119048
119049
119050
119051
119052
119053
119054
119055
119056
119057
119058
119059
119060
119061
119062
119063
119064
119065
119066
119067
119068
119069
119070
119071
119072
119073
119074
119075
119076
119077
119078
119079
119080
119081
119082
119083
119084
119085
119086
119087
119088
119089
119090
119091
119092
119093
119094
119095
119096
119097
119098
119099
119100
119101
119102
119103
119104
119105
119106
119107
119108
119109
119110
119111
119112
119113
119114
119115
119116
119117
119118
119119
119120
119121
119122
119123
119124
119125
119126
119127
119128
119129
119130
119131
119132
119133
119134
119135
119136
119137
119138
119139
119140
119141
119142
119143
119144
119145
119146
119147
119148
119149
119150
119151
119152
119153
119154
119155
119156
119157
119158
119159
119160
119161
119162
119163
119164
119165
119166
119167
119168
119169
119170
119171
119172
119173
119174
119175
119176
119177
119178
119179
119180
119181
119182
119183
119184
119185
119186
119187
119188
119189
119190
119191
119192
119193
119194
119195
119196
119197
119198
119199
119200
119201
119202
119203
119204
119205
119206
119207
119208
119209
119210
119211
119212
119213
119214
119215
119216
119217
119218
119219
119220
119221
119222
119223
119224
119225
119226
119227
119228
119229
119230
119231
119232
119233
119234
119235
119236
119237
119238
119239
119240
119241
119242
119243
119244
119245
119246
119247
119248
119249
119250
119251
119252
119253
119254
119255
119256
119257
119258
119259
119260
119261
119262
119263
119264
119265
119266
119267
119268
119269
119270
119271
119272
119273
119274
119275
119276
119277
119278
119279
119280
119281
119282
119283
119284
119285
119286
119287
119288
119289
119290
119291
119292
119293
119294
119295
119296
119297
119298
119299
119300
119301
119302
119303
119304
119305
119306
119307
119308
119309
119310
119311
119312
119313
119314
119315
119316
119317
119318
119319
119320
119321
119322
119323
119324
119325
119326
119327
119328
119329
119330
119331
119332
119333
119334
119335
119336
119337
119338
119339
119340
119341
119342
119343
119344
119345
119346
119347
119348
119349
119350
119351
119352
119353
119354
119355
119356
119357
119358
119359
119360
119361
119362
119363
119364
119365
119366
119367
119368
119369
119370
119371
119372
119373
119374
119375
119376
119377
119378
119379
119380
119381
119382
119383
119384
119385
119386
119387
119388
119389
119390
119391
119392
119393
119394
119395
119396
119397
119398
119399
119400
119401
119402
119403
119404
119405
119406
119407
119408
119409
119410
119411
119412
119413
119414
119415
119416
119417
119418
119419
119420
119421
119422
119423
119424
119425
119426
119427
119428
119429
119430
119431
119432
119433
119434
119435
119436
119437
119438
119439
119440
119441
119442
119443
119444
119445
119446
119447
119448
119449
119450
119451
119452
119453
119454
119455
119456
119457
119458
119459
119460
119461
119462
119463
119464
119465
119466
119467
119468
119469
119470
119471
119472
119473
119474
119475
119476
119477
119478
119479
119480
119481
119482
119483
119484
119485
119486
119487
119488
119489
119490
119491
119492
119493
119494
119495
119496
119497
119498
119499
119500
119501
119502
119503
119504
119505
119506
119507
119508
119509
119510
119511
119512
119513
119514
119515
119516
119517
119518
119519
119520
119521
119522
119523
119524
119525
119526
119527
119528
119529
119530
119531
119532
119533
119534
119535
119536
119537
119538
119539
119540
119541
119542
119543
119544
119545
119546
119547
119548
119549
119550
119551
119552
119553
119554
119555
119556
119557
119558
119559
119560
119561
119562
119563
119564
119565
119566
119567
119568
119569
119570
119571
119572
119573
119574
119575
119576
119577
119578
119579
119580
119581
119582
119583
119584
119585
119586
119587
119588
119589
119590
119591
119592
119593
119594
119595
119596
119597
119598
119599
119600
119601
119602
119604
119606
119608
119610
119612
119614
119616
119618
119620
119622
119624
119626
119628
119630
119632
119634
119636
119638
119640
119642
119644
119646
119648
119650
119652
119654
119656
119658
119660
119662
119664
119666
119668
119670
119672
119674
119676
119678
119680
119682
119684
119686
119688
119690
119692
119694
119696
119698
231851
231852
231853
231854
231855
231856
231857
231858
231859
231860
231861
231862
231863
231864
231865
231866
231867
231868
231869
231870
231871
231872
231873
231874
231875
231876
231877
231878
231879
231880
231881
231882
231883
231884
231885
231886
231887
231888
231889
231890
231891
231892
231893
231894
231895
231896
231897
231898
231899
231900
231901
231902
231903
231904
231905
231906
231907
231908
231909
231910
231911
231912
231913
231914
231915
231916
231917
231918
231919
231920
231921
231922
231923
231924
231925
231926
231927
231928
231929
231930
231931
231932
231933
231934
231935
231936
231937
231938
231939
231940
231941
231942
231943
231944
231945
231946
231947
231948
231949
231950
231951
231952
231953
231954
231955
231956
231957
231958
231959
231960
231961
231962
231963
231964
231965
231966
231967
231968
231969
231970
231971
231972
231973
231974
231975
231976
231977
231978
231979
231980
231981
231982
231983
231984
231985
231986
231987
231988
231989
231990
231991
231992
231993
231994
231995
231996
231997
231998
231999
232000
232001
232002
232003
232004
232005
232006
232007
232008
232009
232010
232011
232012
232013
232014
232015
232016
232017
232018
232019
232020
232021
232022
232023
232024
232025
232026
232027
232028
232029
232030
232031
232032
232033
232034
232035
232036
232037
232038
232039
232040
232041
232042
232043
232044
232045
232046
232047
232048
232049
232050
232051
232052
232053
232054
232055
232056
232057
232058
232059
232060
232061
232062
232063
232064
232065
232066
232067
232068
232069
232070
232071
232072
232073
232074
232075
232076
232077
232078
232079
232080
232081
232082
232083
232084
232085
232086
232087
232088
232089
232090
232091
232092
232093
232094
232095
232096
232097
232098
232099
232100
232101
232102
232103
232104
232105
232106
232107
232108
232109
232110
232111
232112
232113
232114
232115
232116
232117
232118
232119
232120
232121
232122
232123
232124
232125
232126
232127
232128
232129
232130
232131
232132
232133
232134
232135
232136
232137
232138
232139
232140
232141
232142
232143
232144
232145
232146
232147
232148
232149
232150
232151
232152
232153
232154
232155
232156
232157
232158
232159
232160
232161
232162
232163
232164
232165
232166
232167
232168
232169
232170
232171
232172
232173
232174
232175
232176
232177
232178
232179
232180
232181
232182
232183
232184
232185
232186
232187
232188
232189
232190
232191
232192
232193
232194
232195
232196
232197
232198
232199
232200
232201
232202
232203
232204
232205
232206
232207
232208
232209
232210
232211
232212
232213
232214
232215
232216
232217
232218
232219
232220
232221
232222
232223
232224
232225
232226
232227
232228
232229
232230
232231
232232
232233
232234
232235
232236
232237
232238
232239
232240
232241
232242
232243
232244
232245
232246
232247
232248
232249
232250
232251
232252
232253
232254
232255
232256
232257
232258
232259
232260
232261
232262
232263
232264
232265
232266
232267
232268
232269
232270
232271
232272
232273
232274
232275
232276
232277
232278
232279
232280
232281
232282
232283
232284
232285
232286
232287
232288
232289
232290
232291
232292
232293
232294
232295
232296
232297
232298
232299
232300
232301
232302
232303
232304
232305
232306
232307
232308
232309
232310
232311
232312
232313
232314
232315
232316
232317
232318
232319
232320
232321
232322
232323
232324
232325
232326
232327
232328
232329
232330
232331
232332
232333
232334
232335
232336
232337
232338
232339
232340
232341
232342
232343
232344
232345
232346
232347
232348
232349
232350
232351
232352
232353
232354
232355
232356
232357
232358
232359
232360
232361
232362
232363
232364
232365
232366
232367
232368
232369
232370
232371
232372
232373
232374
232375
232376
232377
232378
232379
232380
232381
232382
232383
232384
232385
232386
232387
232388
232389
232390
232391
232392
232393
232394
232395
232396
232397
232398
232399
232400
232401
232402
232403
232404
232405
232406
232407
232408
232409
232410
232411
232412
232413
232414
232415
232416
232417
232418
232419
232420
232421
232422
232423
232424
232425
232426
232427
232428
232429
232430
232431
232432
232433
232434
232435
232436
232437
232438
232439
232440
232441
232442
232443
232444
232445
232446
232447
232448
232449
232450
232451
232452
232453
232454
232455
232456
232457
232458
232459
232460
232461
232462
232463
232464
232465
232466
232467
232468
232469
232470
232471
232472
232473
232474
232475
232476
232477
232478
232479
232480
232481
232482
232483
232484
232485
232486
232487
232488
232489
232490
232491
232492
232493
232494
232495
232496
232497
232498
232499
232500
232501
232502
232503
232504
232505
232506
232507
232508
232509
232510
232511
232512
232513
232514
232515
232516
232517
232518
232519
232520
232521
232522
232523
232524
232525
232526
232527
232528
232529
232530
232531
232532
232533
232534
232535
232536
232537
232538
232539
232540
232541
232542
232543
232544
232545
232546
232547
232548
232549
232550
232551
232552
232553
232554
232555
232556
232557
232558
232559
232560
232561
232562
232563
232564
232565
232566
232567
232568
232569
232570
232571
232572
232573
232574
232575
232576
232577
232578
232579
232580
232581
232582
232583
232584
232585
232586
232587
232588
232589
232590
232591
232592
232593
232594
232595
232596
232597
232598
232599
232600
232601
232602
232603
232604
232605
232606
232607
232608
232609
232610
232611
232612
232613
232614
232615
232616
232617
232618
232619
232620
232621
232622
232623
232624
232625
232626
232627
232628
232629
232630
232631
232632
232633
232634
232635
232636
232637
232638
232639
232640
232641
232642
232643
232644
232645
232646
232647
232648
232649
232650
232651
232652
232653
232654
232655
232656
232657
232658
232659
232660
232661
232662
232663
232664
232665
232666
232667
232668
232669
232670
232671
232672
232673
232674
232675
232676
232677
232678
232679
232680
232681
232682
232683
232684
232685
232686
232687
232688
232689
232690
232691
232692
232693
232694
232695
232696
232697
232698
232699
232700
232701
232702
232703
232704
232705
232706
232707
232708
232709
232710
232711
232712
232713
232714
232715
232716
232717
232718
232719
232720
232721
232722
232723
232724
232725
232726
232727
232728
232729
232730
232731
232732
232733
232734
232735
232736
232737
232738
232739
232740
232741
232742
232743
232744
232745
232746
232747
232748
232749
232750
232751
232752
232753
232754
232755
232756
232757
232758
232759
232760
232761
232762
232763
232764
232765
232766
232767
232768
232769
232770
232771
232772
232773
232774
232775
232776
232777
232778
232779
232780
232781
232782
232783
232784
232785
232786
232787
232788
232789
232790
232791
232792
232793
232794
232795
232796
232797
232798
232799
232800
232801
232802
232803
232804
232805
232806
232807
232808
232809
232810
232811
232812
232813
232814
232815
232816
232817
232818
232819
232820
232821
232822
232823
232824
232825
232826
232827
232828
232829
232830
232831
232832
232833
232834
232835
232836
232837
232838
232839
232840
232841
232842
232843
232844
232845
232846
232847
232848
232849
232850
232851
232852
232853
232854
232855
232856
232857
232858
232859
232860
232861
232862
232863
232864
232865
232866
232867
232868
232869
232870
232871
232872
232873
232874
232875
232876
232877
232878
232879
232880
232881
232882
232883
232884
232885
232886
232887
232888
232889
232890
232891
232892
232893
232894
232895
232896
232897
232898
232899
232900
232901
232902
232903
232904
232905
232906
232907
232908
232909
232910
232911
232912
232913
232914
232915
232916
232917
232918
232919
232920
232921
232922
232923
232924
232925
232926
232927
232928
232929
232930
232931
232932
232933
232934
232935
232936
232937
232938
232939
232940
232941
232942
232943
232944
232945
232946
232947
232948
232949
232950
232951
232952
232953
232954
232955
232956
232957
232958
232959
232960
232961
232962
232963
232964
232965
232966
232967
232968
232969
232970
232971
232972
232973
232974
232975
232976
232977
232978
232979
232980
232981
232982
232983
232984
232985
232986
232987
232988
232989
232990
232991
232992
232993
232994
232995
232996
232997
232998
232999
233000
233001
233002
233003
233004
233005
233006
233007
233008
233009
233010
233011
233012
233013
233014
233015
233016
233017
233018
233019
233020
233021
233022
233023
233024
233025
233026
233027
233028
233029
233030
233031
233032
233033
233034
233035
233036
233037
233038
233039
233040
233041
233042
233043
233044
233045
233046
233047
233048
233049
233050
233051
233052
233053
233054
233055
233056
233057
233058
233059
233060
233061
233062
233063
233064
233065
233066
233067
233068
233069
233070
233071
233072
233073
233074
233075
233076
233077
233078
233079
233080
233081
233082
233083
233084
233085
233086
233087
233088
233089
233090
233091
233092
233093
233094
233095
233096
233097
233098
233099
233100
233101
233102
233103
233104
233105
233106
233107
233108
233109
233110
233111
233112
233113
233114
233115
233116
233117
233118
233119
233120
233121
233122
233123
233124
233125
233126
233127
233128
233129
233130
233131
233132
233133
233134
233135
233136
233137
233138
233139
233140
233141
233142
233143
233144
233145
233146
233147
233148
233149
233150
233151
233152
233153
233154
233155
233156
233157
233158
233159
233160
233161
233162
233163
233164
233165
233166
233167
233168
233169
233170
233171
233172
233173
233174
233175
233176
233177
233178
233179
233180
233181
233182
233183
233184
233185
233186
233187
233188
233189
233190
233191
233192
233193
233194
233195
233196
233197
233198
233199
233200
233201
233202
233203
233204
233205
233206
233207
233208
233209
233210
233211
233212
233213
233214
233215
233216
233217
233218
233219
233220
233221
233222
233223
233224
233225
233226
233227
233228
233229
233230
233231
233232
233233
233234
233235
233236
233237
233238
233239
233240
233241
233242
233243
233244
233245
233246
233247
233248
233249
233250
233251
233252
233253
233254
233255
233256
233257
233258
233259
233260
233261
233262
233263
233264
233265
233266
233267
233268
233269
233270
233271
233272
233273
233274
233275
233276
233277
233278
233279
233280
233281
233282
233283
233284
233285
233286
233287
233288
233289
233290
233291
233292
233293
233294
233295
233296
233297
233298
233299
233300
233301
233302
233303
233304
233305
233306
233307
233308
233309
233310
233311
233312
233313
233314
233315
233316
233317
233318
233319
233320
233321
233322
233323
233324
233325
233326
233327
233328
233329
233330
233331
233332
233333
233334
233335
233336
233337
233338
233339
233340
233341
233342
233343
233344
233345
233346
233347
233348
233349
233350
233351
233352
233353
233354
233355
233356
233357
233358
233359
233360
233361
233362
233363
233364
233365
233366
233367
233368
233369
233370
233371
233372
233373
233374
233375
233376
233377
233378
233379
233380
233381
233382
233383
233384
233385
233386
233387
233388
233389
233390
233391
233392
233393
233394
233395
233396
233397
233398
233399
233400
233401
233402
233403
233404
233405
233406
233407
233408
233409
233410
233411
233412
233413
233414
233415
233416
233417
233418
233419
233420
233421
233422
233423
233424
233425
233426
233427
233428
233429
233430
233431
233432
233433
233434
233435
233436
233437
233438
233439
233440
233441
233442
233443
233444
233445
233446
233447
233448
233449
233450
233451
233452
233453
233454
233455
233456
233457
233458
233459
233460
233461
233462
233463
233464
233465
233466
233467
233468
233469
233470
233471
233472
233473
233474
233475
233476
233477
233478
233479
233480
233481
233482
233483
233484
233485
233486
233487
233488
233489
233490
233491
233492
233493
233494
233495
233496
233497
233498
233499
233500
233501
233502
233503
233504
233505
233506
233507
233508
233509
233510
233511
233512
233513
233514
233515
233516
233517
233518
233519
233520
233521
233522
233523
233524
233525
233526
233527
233528
233529
233530
233531
233532
233533
233534
233535
233536
233537
233538
233539
233540
233541
233542
233543
233544
233545
233546
233547
233548
233549
233550
233551
233552
233553
233554
233555
233556
233557
233558
233559
233560
233561
233562
233563
233564
233565
233566
233567
233568
233569
233570
233571
233572
233573
233574
233575
233576
233577
233578
233579
233580
233581
233582
233583
233584
233585
233586
233587
233588
233589
233590
233591
233592
233593
233594
233595
233596
233597
233598
233599
233600
233601
233602
233603
233604
233605
233606
233607
233608
233609
233610
233611
233612
233613
233614
233615
233616
233617
233618
233619
233620
233621
233622
233623
233624
233625
233626
233627
233628
233629
233630
233631
233632
233633
233634
233635
233636
233637
233638
233639
233640
233641
233642
233643
233644
233645
233646
233647
233648
233649
233650
233651
233652
233653
233654
233655
233656
233657
233658
233659
233660
233661
233662
233663
233664
233665
233666
233667
233668
233669
233670
233671
233672
233673
233674
233675
233676
233677
233678
233679
233680
233681
233682
233683
233684
233685
233686
233687
233688
233689
233690
233691
233692
233693
233694
233695
233696
233697
233698
233699
233700
233701
233702
233703
233704
233705
233706
233707
233708
233709
233710
233711
233712
233713
233714
233715
233716
233717
233718
233719
233720
233721
233722
233723
233724
233725
233726
233727
233728
233729
233730
233731
233732
233733
233734
233735
233736
233737
233738
233739
233740
233741
233742
233743
233744
233745
233746
233747
233748
233749
233750
233751
233752
233753
233754
233755
233756
233757
233758
233759
233760
233761
233762
233763
233764
233765
233766
233767
233768
233769
233770
233771
233772
233773
233774
233775
233776
233777
233778
233779
233780
233781
233782
233783
233784
233785
233786
233787
233788
233789
233790
233791
233792
233793
233794
233795
233796
233797
233798
233799
233800
233801
233802
233803
233804
233805
233806
233807
233808
233809
233810
233811
233812
233813
233814
233815
233816
233817
233818
233819
233820
233821
233822
233823
233824
233825
233826
233827
233828
233829
233830
233831
233832
233833
233834
233835
233836
233837
233838
233839
233840
233841
233842
233843
233844
233845
233846
233847
233848
233849
233850
233851
233852
233853
233854
233855
233856
233857
233858
233859
233860
233861
233862
233863
233864
233865
233866
233867
233868
233869
233870
233871
233872
233873
233874
233875
233876
233877
233878
233879
233880
233881
233882
233883
233884
233885
233886
233887
233888
233889
233890
233891
233892
233893
233894
233895
233896
233897
233898
233899
233900
233901
233902
233903
233904
233905
233906
233907
233908
233909
233910
233911
233912
233913
233914
233915
233916
233917
233918
233919
233920
233921
233922
233923
233924
233925
233926
233927
233928
233929
233930
233931
233932
233933
233934
233935
233936
233937
233938
233939
233940
233941
233942
233943
233944
233945
233946
233947
233948
233949
233950
233951
233952
233953
233954
233955
233956
233957
233958
233959
233960
233961
233962
233963
233964
233965
233966
233967
233968
233969
233970
233971
233972
233973
233974
233975
233976
233977
233978
233979
233980
233981
233982
233983
233984
233985
233986
233987
233988
233989
233990
233991
233992
233993
233994
233995
233996
233997
233998
233999
234000
234001
234002
234003
234004
234005
234006
234007
234008
234009
234010
234011
234012
234013
234014
234015
234016
234017
234018
234019
234020
234021
234022
234023
234024
234025
234026
234027
234028
234029
234030
234031
234032
234033
234034
234035
234036
234037
234038
234039
234040
234041
234042
234043
234044
234045
234046
234047
234048
234049
234050
234051
234052
234053
234054
234055
234056
234057
234058
234059
234060
234061
234062
234063
234064
234065
234066
234067
234068
234069
234070
234071
234072
234073
234074
234075
234076
234077
234078
234079
234080
234081
234082
234083
234084
234085
234086
234087
234088
234089
234090
234091
234092
234093
234094
234095
234096
234097
234098
234099
234100
234101
234102
234103
234104
234105
234106
234107
234108
234109
234110
234111
234112
234113
234114
234115
234116
234117
234118
234119
234120
234121
234122
234123
234124
234125
234126
234127
234128
234129
234130
234131
234132
234133
234134
234135
234136
234137
234138
234139
234140
234141
234142
234143
234144
234145
234146
234147
234148
234149
234150
234151
234152
234153
234154
234155
234156
234157
234158
234159
234160
234161
234162
234163
234164
234165
234166
234167
234168
234169
234170
234171
234172
234173
234174
234175
234176
234177
234178
234179
234180
234181
234182
234183
234184
234185
234186
234187
234188
234189
234190
234191
234192
234193
234194
234195
234196
234197
234198
234199
234200
234201
234202
234203
234204
234205
234206
234207
234208
234209
234210
234211
234212
234213
234214
234215
234216
234217
234218
234219
234220
234221
234222
234223
234224
234225
234226
234227
234228
234229
234230
234231
234232
234233
234234
234235
234236
234237
234238
234239
234240
234241
234242
234243
234244
234245
234246
234247
234248
234249
234250
234251
234252
234253
234254
234255
234256
234257
234258
234259
234260
234261
234262
234263
234264
234265
234266
234267
234268
234269
234270
234271
234272
234273
234274
234275
234276
234277
234278
234279
234280
234281
234282
234283
234284
234285
234286
234287
234288
234289
234290
234291
234292
234293
234294
234295
234296
234297
234298
234299
234300
234301
234302
234303
234304
234305
234306
234307
234308
234309
234310
234311
234312
234313
234314
234315
234316
234317
234318
234319
234320
234321
234322
234323
234324
234325
234326
234327
234328
234329
234330
234331
234332
234333
234334
234335
234336
234337
234338
234339
234340
234341
234342
234343
234344
234345
234346
234347
234348
234349
234350
319351
319352
319353
319354
319355
319356
319357
319358
319359
319360
319361
319362
319363
319364
319365
319366
319367
319368
319369
319370
319371
319372
319373
319374
319375
319376
319377
319378
319379
319380
319381
319382
319383
319384
319385
319386
319387
319388
319389
319390
319391
319392
319393
319394
319395
319396
319397
319398
319399
319400
319401
319402
319403
319404
319405
319406
319407
319408
319409
319410
319411
319412
319413
319414
319415
319416
319417
319418
319419
319420
319421
319422
319423
319424
319425
319426
319427
319428
319429
319430
319431
319432
319433
319434
319435
319436
319437
319438
319439
319440
319441
319442
319443
319444
319445
319446
319447
319448
319449
319450
319451
319452
319453
319454
319455
319456
319457
319458
319459
319460
319461
319462
319463
319464
319465
319466
319467
319468
319469
319470
319471
319472
319473
319474
319475
319476
319477
319478
319479
319480
319481
319482
319483
319484
319485
319486
319487
319488
319489
319490
319491
319492
319493
319494
319495
319496
319497
319498
319499
319500
319501
319502
319503
319504
319505
319506
319507
319508
319509
319510
319511
319512
319513
319514
319515
319516
319517
319518
319519
319520
319521
319522
319523
319524
319525
319526
319527
319528
319529
319530
319531
319532
319533
319534
319535
319536
319537
319538
319539
319540
319541
319542
319543
319544
319545
319546
319547
319548
319549
319550
319551
319552
319553
319554
319555
319556
319557
319558
319559
319560
319561
319562
319563
319564
319565
319566
319567
319568
319569
319570
319571
319572
319573
319574
319575
319576
319577
319578
319579
319580
319581
319582
319583
319584
319585
319586
319587
319588
319589
319590
319591
319592
319593
319594
319595
319596
319597
319598
319599
319600
319601
319602
319603
319604
319605
319606
319607
319608
319609
319610
319611
319612
319613
319614
319615
319616
319617
319618
319619
319620
319621
319622
319623
319624
319625
319626
319627
319628
319629
319630
319631
319632
319633
319634
319635
319636
319637
319638
319639
319640
319641
319642
319643
319644
319645
319646
319647
319648
319649
319650
319651
319652
319653
319654
319655
319656
319657
319658
319659
319660
319661
319662
319663
319664
319665
319666
319667
319668
319669
319670
319671
319672
319673
319674
319675
319676
319677
319678
319679
319680
319681
319682
319683
319684
319685
319686
319687
319688
319689
319690
319691
319692
319693
319694
319695
319696
319697
319698
319699
319700
319701
319702
319703
319704
319705
319706
319707
319708
319709
319710
319711
319712
319713
319714
319715
319716
319717
319718
319719
319720
319721
319722
319723
319724
319725
319726
319727
319728
319729
319730
319731
319732
319733
319734
319735
319736
319737
319738
319739
319740
319741
319742
319743
319744
319745
319746
319747
319748
319749
319750
319751
319752
319753
319754
319755
319756
319757
319758
319759
319760
319761
319762
319763
319764
319765
319766
319767
319768
319769
319770
319771
319772
319773
319774
319775
319776
319777
319778
319779
319780
319781
319782
319783
319784
319785
319786
319787
319788
319789
319790
319791
319792
319793
319794
319795
319796
319797
319798
319799
319800
319801
319802
319803
319804
319805
319806
319807
319808
319809
319810
319811
319812
319813
319814
319815
319816
319817
319818
319819
319820
319821
319822
319823
319824
319825
319826
319827
319828
319829
319830
319831
319832
319833
319834
319835
319836
319837
319838
319839
319840
319841
319842
319843
319844
319845
319846
319847
319848
319849
319850
319851
319852
319853
319854
319855
319856
319857
319858
319859
319860
319861
319862
319863
319864
319865
319866
319867
319868
319869
319870
319871
319872
319873
319874
319875
319876
319877
319878
319879
319880
319881
319882
319883
319884
319885
319886
319887
319888
319889
319890
319891
319892
319893
319894
319895
319896
319897
319898
319899
319900
319901
319902
319903
319904
319905
319906
319907
319908
319909
319910
319911
319912
319913
319914
319915
319916
319917
319918
319919
319920
319921
319922
319923
319924
319925
319926
319927
319928
319929
319930
319931
319932
319933
319934
319935
319936
319937
319938
319939
319940
319941
319942
319943
319944
319945
319946
319947
319948
319949
319950
319951
319952
319953
319954
319955
319956
319957
319958
319959
319960
319961
319962
319963
319964
319965
319966
319967
319968
319969
319970
319971
319972
319973
319974
319975
319976
319977
319978
319979
319980
319981
319982
319983
319984
319985
319986
319987
319988
319989
319990
319991
319992
319993
319994
319995
319996
319997
319998
319999
320000
320001
320002
320003
320004
320005
320006
320007
320008
320009
320010
320011
320012
320013
320014
320015
320016
320017
320018
320019
320020
320021
320022
320023
320024
320025
320026
320027
320028
320029
320030
320031
320032
320033
320034
320035
320036
320037
320038
320039
320040
320041
320042
320043
320044
320045
320046
320047
320048
320049
320050
320051
320052
320053
320054
320055
320056
320057
320058
320059
320060
320061
320062
320063
320064
320065
320066
320067
320068
320069
320070
320071
320072
320073
320074
320075
320076
320077
320078
320079
320080
320081
320082
320083
320084
320085
320086
320087
320088
320089
320090
320091
320092
320093
320094
320095
320096
320097
320098
320099
320100
320101
320102
320103
320104
320105
320106
320107
320108
320109
320110
320111
320112
320113
320114
320115
320116
320117
320118
320119
320120
320121
320122
320123
320124
320125
320126
320127
320128
320129
320130
320131
320132
320133
320134
320135
320136
320137
320138
320139
320140
320141
320142
320143
320144
320145
320146
320147
320148
320149
320150
320151
320152
320153
320154
320155
320156
320157
320158
320159
320160
320161
320162
320163
320164
320165
320166
320167
320168
320169
320170
320171
320172
320173
320174
320175
320176
320177
320178
320179
320180
320181
320182
320183
320184
320185
320186
320187
320188
320189
320190
320191
320192
320193
320194
320195
320196
320197
320198
320199
320200
320201
320202
320203
320204
320205
320206
320207
320208
320209
320210
320211
320212
320213
320214
320215
320216
320217
320218
320219
320220
320221
320222
320223
320224
320225
320226
320227
320228
320229
320230
320231
320232
320233
320234
320235
320236
320237
320238
320239
320240
320241
320242
320243
320244
320245
320246
320247
320248
320249
320250
320251
320252
320253
320254
320255
320256
320257
320258
320259
320260
320261
320262
320263
320264
320265
320266
320267
320268
320269
320270
320271
320272
320273
320274
320275
320276
320277
320278
320279
320280
320281
320282
320283
320284
320285
320286
320287
320288
320289
320290
320291
320292
320293
320294
320295
320296
320297
320298
320299
320300
320301
320302
320303
320304
320305
320306
320307
320308
320309
320310
320311
320312
320313
320314
320315
320316
320317
320318
320319
320320
320321
320322
320323
320324
320325
320326
320327
320328
320329
320330
320331
320332
320333
320334
320335
320336
320337
320338
320339
320340
320341
320342
320343
320344
320345
320346
320347
320348
320349
320350
320351
320352
320353
320354
320355
320356
320357
320358
320359
320360
320361
320362
320363
320364
320365
320366
320367
320368
320369
320370
320371
320372
320373
320374
320375
320376
320377
320378
320379
320380
320381
320382
320383
320384
320385
320386
320387
320388
320389
320390
320391
320392
320393
320394
320395
320396
320397
320398
320399
320400
320401
320402
320403
320404
320405
320406
320407
320408
320409
320410
320411
320412
320413
320414
320415
320416
320417
320418
320419
320420
320421
320422
320423
320424
320425
320426
320427
320428
320429
320430
320431
320432
320433
320434
320435
320436
320437
320438
320439
320440
320441
320442
320443
320444
320445
320446
320447
320448
320449
320450
320451
320452
320453
320454
320455
320456
320457
320458
320459
320460
320461
320462
320463
320464
320465
320466
320467
320468
320469
320470
320471
320472
320473
320474
320475
320476
320477
320478
320479
320480
320481
320482
320483
320484
320485
320486
320487
320488
320489
320490
320491
320492
320493
320494
320495
320496
320497
320498
320499
320500
320501
320502
320503
320504
320505
320506
320507
320508
320509
320510
320511
320512
320513
320514
320515
320516
320517
320518
320519
320520
320521
320522
320523
320524
320525
320526
320527
320528
320529
320530
320531
320532
320533
320534
320535
320536
320537
320538
320539
320540
320541
320542
320543
320544
320545
320546
320547
320548
320549
320550
320551
320552
320553
320554
320555
320556
320557
320558
320559
320560
320561
320562
320563
320564
320565
320566
320567
320568
320569
320570
320571
320572
320573
320574
320575
320576
320577
320578
320579
320580
320581
320582
320583
320584
320585
320586
320587
320588
320589
320590
320591
320592
320593
320594
320595
320596
320597
320598
320599
320600
320601
320602
320603
320604
320605
320606
320607
320608
320609
320610
320611
320612
320613
320614
320615
320616
320617
320618
320619
320620
320621
320622
320623
320624
320625
320626
320627
320628
320629
320630
320631
320632
320633
320634
320635
320636
320637
320638
320639
320640
320641
320642
320643
320644
320645
320646
320647
320648
320649
320650
320651
320652
320653
320654
320655
320656
320657
320658
320659
320660
320661
320662
320663
320664
320665
320666
320667
320668
320669
320670
320671
320672
320673
320674
320675
320676
320677
320678
320679
320680
320681
320682
320683
320684
320685
320686
320687
320688
320689
320690
320691
320692
320693
320694
320695
320696
320697
320698
320699
320700
320701
320702
320703
320704
320705
320706
320707
320708
320709
320710
320711
320712
320713
320714
320715
320716
320717
320718
320719
320720
320721
320722
320723
320724
320725
320726
320727
320728
320729
320730
320731
320732
320733
320734
320735
320736
320737
320738
320739
320740
320741
320742
320743
320744
320745
320746
320747
320748
320749
320750
320751
320752
320753
320754
320755
320756
320757
320758
320759
320760
320761
320762
320763
320764
320765
320766
320767
320768
320769
320770
320771
320772
320773
320774
320775
320776
320777
320778
320779
320780
320781
320782
320783
320784
320785
320786
320787
320788
320789
320790
320791
320792
320793
320794
320795
320796
320797
320798
320799
320800
320801
320802
320803
320804
320805
320806
320807
320808
320809
320810
320811
320812
320813
320814
320815
320816
320817
320818
320819
320820
320821
320822
320823
320824
320825
320826
320827
320828
320829
320830
320831
320832
320833
320834
320835
320836
320837
320838
320839
320840
320841
320842
320843
320844
320845
320846
320847
320848
320849
320850
320851
320852
320853
320854
320855
320856
320857
320858
320859
320860
320861
320862
320863
320864
320865
320866
320867
320868
320869
320870
320871
320872
320873
320874
320875
320876
320877
320878
320879
320880
320881
320882
320883
320884
320885
320886
320887
320888
320889
320890
320891
320892
320893
320894
320895
320896
320897
320898
320899
320900
320901
320902
320903
320904
320905
320906
320907
320908
320909
320910
320911
320912
320913
320914
320915
320916
320917
320918
320919
320920
320921
320922
320923
320924
320925
320926
320927
320928
320929
320930
320931
320932
320933
320934
320935
320936
320937
320938
320939
320940
320941
320942
320943
320944
320945
320946
320947
320948
320949
320950
320951
320952
320953
320954
320955
320956
320957
320958
320959
320960
320961
320962
320963
320964
320965
320966
320967
320968
320969
320970
320971
320972
320973
320974
320975
320976
320977
320978
320979
320980
320981
320982
320983
320984
320985
320986
320987
320988
320989
320990
320991
320992
320993
320994
320995
320996
320997
320998
320999
321000
321001
321002
321003
321004
321005
321006
321007
321008
321009
321010
321011
321012
321013
321014
321015
321016
321017
321018
321019
321020
321021
321022
321023
321024
321025
321026
321027
321028
321029
321030
321031
321032
321033
321034
321035
321036
321037
321038
321039
321040
321041
321042
321043
321044
321045
321046
321047
321048
321049
321050
321051
321052
321053
321054
321055
321056
321057
321058
321059
321060
321061
321062
321063
321064
321065
321066
321067
321068
321069
321070
321071
321072
321073
321074
321075
321076
321077
321078
321079
321080
321081
321082
321083
321084
321085
321086
321087
321088
321089
321090
321091
321092
321093
321094
321095
321096
321097
321098
321099
321100
321101
321102
321103
321104
321105
321106
321107
321108
321109
321110
321111
321112
321113
321114
321115
321116
321117
321118
321119
321120
321121
321122
321123
321124
321125
321126
321127
321128
321129
321130
321131
321132
321133
321134
321135
321136
321137
321138
321139
321140
321141
321142
321143
321144
321145
321146
321147
321148
321149
321150
321151
321152
321153
321154
321155
321156
321157
321158
321159
321160
321161
321162
321163
321164
321165
321166
321167
321168
321169
321170
321171
321172
321173
321174
321175
321176
321177
321178
321179
321180
321181
321182
321183
321184
321185
321186
321187
321188
321189
321190
321191
321192
321193
321194
321195
321196
321197
321198
321199
321200
321201
321202
321203
321204
321205
321206
321207
321208
321209
321210
321211
321212
321213
321214
321215
321216
321217
321218
321219
321220
321221
321222
321223
321224
321225
321226
321227
321228
321229
321230
321231
321232
321233
321234
321235
321236
321237
321238
321239
321240
321241
321242
321243
321244
321245
321246
321247
321248
321249
321250
321251
321252
321253
321254
321255
321256
321257
321258
321259
321260
321261
321262
321263
321264
321265
321266
321267
321268
321269
321270
321271
321272
321273
321274
321275
321276
321277
321278
321279
321280
321281
321282
321283
321284
321285
321286
321287
321288
321289
321290
321291
321292
321293
321294
321295
321296
321297
321298
321299
321300
321301
321302
321303
321304
321305
321306
321307
321308
321309
321310
321311
321312
321313
321314
321315
321316
321317
321318
321319
321320
321321
321322
321323
321324
321325
321326
321327
321328
321329
321330
321331
321332
321333
321334
321335
321336
321337
321338
321339
321340
321341
321342
321343
321344
321345
321346
321347
321348
321349
321350
321351
321352
321353
321354
321355
321356
321357
321358
321359
321360
321361
321362
321363
321364
321365
321366
321367
321368
321369
321370
321371
321372
321373
321374
321375
321376
321377
321378
321379
321380
321381
321382
321383
321384
321385
321386
321387
321388
321389
321390
321391
321392
321393
321394
321395
321396
321397
321398
321399
321400
321401
321402
321403
321404
321405
321406
321407
321408
321409
321410
321411
321412
321413
321414
321415
321416
321417
321418
321419
321420
321421
321422
321423
321424
321425
321426
321427
321428
321429
321430
321431
321432
321433
321434
321435
321436
321437
321438
321439
321440
321441
321442
321443
321444
321445
321446
321447
321448
321449
321450
321451
321452
321453
321454
321455
321456
321457
321458
321459
321460
321461
321462
321463
321464
321465
321466
321467
321468
321469
321470
321471
321472
321473
321474
321475
321476
321477
321478
321479
321480
321481
321482
321483
321484
321485
321486
321487
321488
321489
321490
321491
321492
321493
321494
321495
321496
321497
321498
321499
321500
321501
321502
321503
321504
321505
321506
321507
321508
321509
321510
321511
321512
321513
321514
321515
321516
321517
321518
321519
321520
321521
321522
321523
321524
321525
321526
321527
321528
321529
321530
321531
321532
321533
321534
321535
321536
321537
321538
321539
321540
321541
321542
321543
321544
321545
321546
321547
321548
321549
321550
321551
321552
321553
321554
321555
321556
321557
321558
321559
321560
321561
321562
321563
321564
321565
321566
321567
321568
321569
321570
321571
321572
321573
321574
321575
321576
321577
321578
321579
321580
321581
321582
321583
321584
321585
321586
321587
321588
321589
321590
321591
321592
321593
321594
321595
321596
321597
321598
321599
321600
321601
321602
321603
321604
321605
321606
321607
321608
321609
321610
321611
321612
321613
321614
321615
321616
321617
321618
321619
321620
321621
321622
321623
321624
321625
321626
321627
321628
321629
321630
321631
321632
321633
321634
321635
321636
321637
321638
321639
321640
321641
321642
321643
321644
321645
321646
321647
321648
321649
321650
321651
321652
321653
321654
321655
321656
321657
321658
321659
321660
321661
321662
321663
321664
321665
321666
321667
321668
321669
321670
321671
321672
321673
321674
321675
321676
321677
321678
321679
321680
321681
321682
321683
321684
321685
321686
321687
321688
321689
321690
321691
321692
321693
321694
321695
321696
321697
321698
321699
321700
321701
321702
321703
321704
321705
321706
321707
321708
321709
321710
321711
321712
321713
321714
321715
321716
321717
321718
321719
321720
321721
321722
321723
321724
321725
321726
321727
321728
321729
321730
321731
321732
321733
321734
321735
321736
321737
321738
321739
321740
321741
321742
321743
321744
321745
321746
321747
321748
321749
321750
321751
321752
321753
321754
321755
321756
321757
321758
321759
321760
321761
321762
321763
321764
321765
321766
321767
321768
321769
321770
321771
321772
321773
321774
321775
321776
321777
321778
321779
321780
321781
321782
321783
321784
321785
321786
321787
321788
321789
321790
321791
321792
321793
321794
321795
321796
321797
321798
321799
321800
321801
321802
321803
321804
321805
321806
321807
321808
321809
321810
321811
321812
321813
321814
321815
321816
321817
321818
321819
321820
321821
321822
321823
321824
321825
321826
321827
321828
321829
321830
321831
321832
321833
321834
321835
321836
321837
321838
321839
321840
321841
321842
321843
321844
321845
321846
321847
321848
321849
321850
349901
349902
349903
349904
349905
349906
349907
349908
349909
349910
349911
349912
349913
349914
349915
349916
349917
349918
349919
349920
349921
349922
349923
349924
349925
349926
349927
349928
349929
349930
349931
349932
349933
349934
349935
349936
349937
349938
349939
349940
349941
349942
349943
349944
349945
349946
349947
349948
349949
349950
-99653
-99655
-99657
-99659
-99661
-99663
-99665
-99667
-99669
-99671
-99673
-99675
-99677
-99679
-99681
-99683
-99685
-99687
-99689
-99691
-99693
-99695
-99697
-99699
-99701
-99703
-99705
-99707
-99709
-99711
-99713
-99715
-99717
-99719
-99721
-99723
-99725
-99727
-99729
-99731
-99733
-99735
-99737
-99739
-99741
-99743
-99745
-99747
-99749
-99750
-109850
-109950
-110050
-110150
-110250
-110350
-110450
-110550
-110650
-110750
-110850
-110950
-111050
-111150
-111250
-111350
-111450
-111550
-111650
-111750
-111850
-111950
-112050
-112150
-112250
-112350
-112450
-112550
-112650
-112750
-112850
-112950
-113050
-113150
-113250
-113350
-113450
-113550
-113650
-113750
-113850
-113950
-114050
-114150
-114250
-114350
-114450
-114550
-114650
-114749
119603
119605
119607
119609
119611
119613
119615
119617
119619
119621
119623
119625
119627
119629
119631
119633
119635
119637
119639
119641
119643
119645
119647
119649
119651
119653
119655
119657
119659
119661
119663
119665
119667
119669
119671
119673
119675
119677
119679
119681
119683
119685
119687
119689
119691
119693
119695
119697
119699
119700
)


// ************************************************************************* //
