/*--------------------------------*- C++ -*----------------------------------*\
| =========                 |                                                 |
| \\      /  F ield         | OpenFOAM: The Open Source CFD Toolbox           |
|  \\    /   O peration     | Version:  v1906                                 |
|   \\  /    A nd           | Web:      www.OpenFOAM.com                      |
|    \\/     M anipulation  |                                                 |
\*---------------------------------------------------------------------------*/
FoamFile
{
    version     2.0;
    format      ascii;
    class       labelList;
    location    "constant/ppf25/polyMesh";
    object      faceRegionAddressing;
}
// * * * * * * * * * * * * * * * * * * * * * * * * * * * * * * * * * * * * * //


10100
(
124701
124702
124703
124704
124705
124706
124707
124708
124709
124710
124711
124712
124713
124714
124715
124716
124717
124718
124719
124720
124721
124722
124723
124724
124725
124726
124727
124728
124729
124730
124731
124732
124733
124734
124735
124736
124737
124738
124739
124740
124741
124742
124743
124744
124745
124746
124747
124748
124749
124750
124751
124752
124753
124754
124755
124756
124757
124758
124759
124760
124761
124762
124763
124764
124765
124766
124767
124768
124769
124770
124771
124772
124773
124774
124775
124776
124777
124778
124779
124780
124781
124782
124783
124784
124785
124786
124787
124788
124789
124790
124791
124792
124793
124794
124795
124796
124797
124798
124799
124801
124802
124803
124804
124805
124806
124807
124808
124809
124810
124811
124812
124813
124814
124815
124816
124817
124818
124819
124820
124821
124822
124823
124824
124825
124826
124827
124828
124829
124830
124831
124832
124833
124834
124835
124836
124837
124838
124839
124840
124841
124842
124843
124844
124845
124846
124847
124848
124849
124850
124851
124852
124853
124854
124855
124856
124857
124858
124859
124860
124861
124862
124863
124864
124865
124866
124867
124868
124869
124870
124871
124872
124873
124874
124875
124876
124877
124878
124879
124880
124881
124882
124883
124884
124885
124886
124887
124888
124889
124890
124891
124892
124893
124894
124895
124896
124897
124898
124899
124901
124902
124903
124904
124905
124906
124907
124908
124909
124910
124911
124912
124913
124914
124915
124916
124917
124918
124919
124920
124921
124922
124923
124924
124925
124926
124927
124928
124929
124930
124931
124932
124933
124934
124935
124936
124937
124938
124939
124940
124941
124942
124943
124944
124945
124946
124947
124948
124949
124950
124951
124952
124953
124954
124955
124956
124957
124958
124959
124960
124961
124962
124963
124964
124965
124966
124967
124968
124969
124970
124971
124972
124973
124974
124975
124976
124977
124978
124979
124980
124981
124982
124983
124984
124985
124986
124987
124988
124989
124990
124991
124992
124993
124994
124995
124996
124997
124998
124999
125001
125002
125003
125004
125005
125006
125007
125008
125009
125010
125011
125012
125013
125014
125015
125016
125017
125018
125019
125020
125021
125022
125023
125024
125025
125026
125027
125028
125029
125030
125031
125032
125033
125034
125035
125036
125037
125038
125039
125040
125041
125042
125043
125044
125045
125046
125047
125048
125049
125050
125051
125052
125053
125054
125055
125056
125057
125058
125059
125060
125061
125062
125063
125064
125065
125066
125067
125068
125069
125070
125071
125072
125073
125074
125075
125076
125077
125078
125079
125080
125081
125082
125083
125084
125085
125086
125087
125088
125089
125090
125091
125092
125093
125094
125095
125096
125097
125098
125099
125101
125102
125103
125104
125105
125106
125107
125108
125109
125110
125111
125112
125113
125114
125115
125116
125117
125118
125119
125120
125121
125122
125123
125124
125125
125126
125127
125128
125129
125130
125131
125132
125133
125134
125135
125136
125137
125138
125139
125140
125141
125142
125143
125144
125145
125146
125147
125148
125149
125150
125151
125152
125153
125154
125155
125156
125157
125158
125159
125160
125161
125162
125163
125164
125165
125166
125167
125168
125169
125170
125171
125172
125173
125174
125175
125176
125177
125178
125179
125180
125181
125182
125183
125184
125185
125186
125187
125188
125189
125190
125191
125192
125193
125194
125195
125196
125197
125198
125199
125201
125202
125203
125204
125205
125206
125207
125208
125209
125210
125211
125212
125213
125214
125215
125216
125217
125218
125219
125220
125221
125222
125223
125224
125225
125226
125227
125228
125229
125230
125231
125232
125233
125234
125235
125236
125237
125238
125239
125240
125241
125242
125243
125244
125245
125246
125247
125248
125249
125250
125251
125252
125253
125254
125255
125256
125257
125258
125259
125260
125261
125262
125263
125264
125265
125266
125267
125268
125269
125270
125271
125272
125273
125274
125275
125276
125277
125278
125279
125280
125281
125282
125283
125284
125285
125286
125287
125288
125289
125290
125291
125292
125293
125294
125295
125296
125297
125298
125299
125301
125302
125303
125304
125305
125306
125307
125308
125309
125310
125311
125312
125313
125314
125315
125316
125317
125318
125319
125320
125321
125322
125323
125324
125325
125326
125327
125328
125329
125330
125331
125332
125333
125334
125335
125336
125337
125338
125339
125340
125341
125342
125343
125344
125345
125346
125347
125348
125349
125350
125351
125352
125353
125354
125355
125356
125357
125358
125359
125360
125361
125362
125363
125364
125365
125366
125367
125368
125369
125370
125371
125372
125373
125374
125375
125376
125377
125378
125379
125380
125381
125382
125383
125384
125385
125386
125387
125388
125389
125390
125391
125392
125393
125394
125395
125396
125397
125398
125399
125401
125402
125403
125404
125405
125406
125407
125408
125409
125410
125411
125412
125413
125414
125415
125416
125417
125418
125419
125420
125421
125422
125423
125424
125425
125426
125427
125428
125429
125430
125431
125432
125433
125434
125435
125436
125437
125438
125439
125440
125441
125442
125443
125444
125445
125446
125447
125448
125449
125450
125451
125452
125453
125454
125455
125456
125457
125458
125459
125460
125461
125462
125463
125464
125465
125466
125467
125468
125469
125470
125471
125472
125473
125474
125475
125476
125477
125478
125479
125480
125481
125482
125483
125484
125485
125486
125487
125488
125489
125490
125491
125492
125493
125494
125495
125496
125497
125498
125499
125501
125502
125503
125504
125505
125506
125507
125508
125509
125510
125511
125512
125513
125514
125515
125516
125517
125518
125519
125520
125521
125522
125523
125524
125525
125526
125527
125528
125529
125530
125531
125532
125533
125534
125535
125536
125537
125538
125539
125540
125541
125542
125543
125544
125545
125546
125547
125548
125549
125550
125551
125552
125553
125554
125555
125556
125557
125558
125559
125560
125561
125562
125563
125564
125565
125566
125567
125568
125569
125570
125571
125572
125573
125574
125575
125576
125577
125578
125579
125580
125581
125582
125583
125584
125585
125586
125587
125588
125589
125590
125591
125592
125593
125594
125595
125596
125597
125598
125599
125601
125602
125603
125604
125605
125606
125607
125608
125609
125610
125611
125612
125613
125614
125615
125616
125617
125618
125619
125620
125621
125622
125623
125624
125625
125626
125627
125628
125629
125630
125631
125632
125633
125634
125635
125636
125637
125638
125639
125640
125641
125642
125643
125644
125645
125646
125647
125648
125649
125650
125651
125652
125653
125654
125655
125656
125657
125658
125659
125660
125661
125662
125663
125664
125665
125666
125667
125668
125669
125670
125671
125672
125673
125674
125675
125676
125677
125678
125679
125680
125681
125682
125683
125684
125685
125686
125687
125688
125689
125690
125691
125692
125693
125694
125695
125696
125697
125698
125699
125701
125702
125703
125704
125705
125706
125707
125708
125709
125710
125711
125712
125713
125714
125715
125716
125717
125718
125719
125720
125721
125722
125723
125724
125725
125726
125727
125728
125729
125730
125731
125732
125733
125734
125735
125736
125737
125738
125739
125740
125741
125742
125743
125744
125745
125746
125747
125748
125749
125750
125751
125752
125753
125754
125755
125756
125757
125758
125759
125760
125761
125762
125763
125764
125765
125766
125767
125768
125769
125770
125771
125772
125773
125774
125775
125776
125777
125778
125779
125780
125781
125782
125783
125784
125785
125786
125787
125788
125789
125790
125791
125792
125793
125794
125795
125796
125797
125798
125799
125801
125802
125803
125804
125805
125806
125807
125808
125809
125810
125811
125812
125813
125814
125815
125816
125817
125818
125819
125820
125821
125822
125823
125824
125825
125826
125827
125828
125829
125830
125831
125832
125833
125834
125835
125836
125837
125838
125839
125840
125841
125842
125843
125844
125845
125846
125847
125848
125849
125850
125851
125852
125853
125854
125855
125856
125857
125858
125859
125860
125861
125862
125863
125864
125865
125866
125867
125868
125869
125870
125871
125872
125873
125874
125875
125876
125877
125878
125879
125880
125881
125882
125883
125884
125885
125886
125887
125888
125889
125890
125891
125892
125893
125894
125895
125896
125897
125898
125899
125901
125902
125903
125904
125905
125906
125907
125908
125909
125910
125911
125912
125913
125914
125915
125916
125917
125918
125919
125920
125921
125922
125923
125924
125925
125926
125927
125928
125929
125930
125931
125932
125933
125934
125935
125936
125937
125938
125939
125940
125941
125942
125943
125944
125945
125946
125947
125948
125949
125950
125951
125952
125953
125954
125955
125956
125957
125958
125959
125960
125961
125962
125963
125964
125965
125966
125967
125968
125969
125970
125971
125972
125973
125974
125975
125976
125977
125978
125979
125980
125981
125982
125983
125984
125985
125986
125987
125988
125989
125990
125991
125992
125993
125994
125995
125996
125997
125998
125999
126001
126002
126003
126004
126005
126006
126007
126008
126009
126010
126011
126012
126013
126014
126015
126016
126017
126018
126019
126020
126021
126022
126023
126024
126025
126026
126027
126028
126029
126030
126031
126032
126033
126034
126035
126036
126037
126038
126039
126040
126041
126042
126043
126044
126045
126046
126047
126048
126049
126050
126051
126052
126053
126054
126055
126056
126057
126058
126059
126060
126061
126062
126063
126064
126065
126066
126067
126068
126069
126070
126071
126072
126073
126074
126075
126076
126077
126078
126079
126080
126081
126082
126083
126084
126085
126086
126087
126088
126089
126090
126091
126092
126093
126094
126095
126096
126097
126098
126099
126101
126102
126103
126104
126105
126106
126107
126108
126109
126110
126111
126112
126113
126114
126115
126116
126117
126118
126119
126120
126121
126122
126123
126124
126125
126126
126127
126128
126129
126130
126131
126132
126133
126134
126135
126136
126137
126138
126139
126140
126141
126142
126143
126144
126145
126146
126147
126148
126149
126150
126151
126152
126153
126154
126155
126156
126157
126158
126159
126160
126161
126162
126163
126164
126165
126166
126167
126168
126169
126170
126171
126172
126173
126174
126175
126176
126177
126178
126179
126180
126181
126182
126183
126184
126185
126186
126187
126188
126189
126190
126191
126192
126193
126194
126195
126196
126197
126198
126199
126201
126202
126203
126204
126205
126206
126207
126208
126209
126210
126211
126212
126213
126214
126215
126216
126217
126218
126219
126220
126221
126222
126223
126224
126225
126226
126227
126228
126229
126230
126231
126232
126233
126234
126235
126236
126237
126238
126239
126240
126241
126242
126243
126244
126245
126246
126247
126248
126249
126250
126251
126252
126253
126254
126255
126256
126257
126258
126259
126260
126261
126262
126263
126264
126265
126266
126267
126268
126269
126270
126271
126272
126273
126274
126275
126276
126277
126278
126279
126280
126281
126282
126283
126284
126285
126286
126287
126288
126289
126290
126291
126292
126293
126294
126295
126296
126297
126298
126299
126301
126302
126303
126304
126305
126306
126307
126308
126309
126310
126311
126312
126313
126314
126315
126316
126317
126318
126319
126320
126321
126322
126323
126324
126325
126326
126327
126328
126329
126330
126331
126332
126333
126334
126335
126336
126337
126338
126339
126340
126341
126342
126343
126344
126345
126346
126347
126348
126349
126350
126351
126352
126353
126354
126355
126356
126357
126358
126359
126360
126361
126362
126363
126364
126365
126366
126367
126368
126369
126370
126371
126372
126373
126374
126375
126376
126377
126378
126379
126380
126381
126382
126383
126384
126385
126386
126387
126388
126389
126390
126391
126392
126393
126394
126395
126396
126397
126398
126399
126401
126402
126403
126404
126405
126406
126407
126408
126409
126410
126411
126412
126413
126414
126415
126416
126417
126418
126419
126420
126421
126422
126423
126424
126425
126426
126427
126428
126429
126430
126431
126432
126433
126434
126435
126436
126437
126438
126439
126440
126441
126442
126443
126444
126445
126446
126447
126448
126449
126450
126451
126452
126453
126454
126455
126456
126457
126458
126459
126460
126461
126462
126463
126464
126465
126466
126467
126468
126469
126470
126471
126472
126473
126474
126475
126476
126477
126478
126479
126480
126481
126482
126483
126484
126485
126486
126487
126488
126489
126490
126491
126492
126493
126494
126495
126496
126497
126498
126499
126501
126502
126503
126504
126505
126506
126507
126508
126509
126510
126511
126512
126513
126514
126515
126516
126517
126518
126519
126520
126521
126522
126523
126524
126525
126526
126527
126528
126529
126530
126531
126532
126533
126534
126535
126536
126537
126538
126539
126540
126541
126542
126543
126544
126545
126546
126547
126548
126549
126550
126551
126552
126553
126554
126555
126556
126557
126558
126559
126560
126561
126562
126563
126564
126565
126566
126567
126568
126569
126570
126571
126572
126573
126574
126575
126576
126577
126578
126579
126580
126581
126582
126583
126584
126585
126586
126587
126588
126589
126590
126591
126592
126593
126594
126595
126596
126597
126598
126599
126601
126602
126603
126604
126605
126606
126607
126608
126609
126610
126611
126612
126613
126614
126615
126616
126617
126618
126619
126620
126621
126622
126623
126624
126625
126626
126627
126628
126629
126630
126631
126632
126633
126634
126635
126636
126637
126638
126639
126640
126641
126642
126643
126644
126645
126646
126647
126648
126649
126650
126651
126652
126653
126654
126655
126656
126657
126658
126659
126660
126661
126662
126663
126664
126665
126666
126667
126668
126669
126670
126671
126672
126673
126674
126675
126676
126677
126678
126679
126680
126681
126682
126683
126684
126685
126686
126687
126688
126689
126690
126691
126692
126693
126694
126695
126696
126697
126698
126699
126701
126702
126703
126704
126705
126706
126707
126708
126709
126710
126711
126712
126713
126714
126715
126716
126717
126718
126719
126720
126721
126722
126723
126724
126725
126726
126727
126728
126729
126730
126731
126732
126733
126734
126735
126736
126737
126738
126739
126740
126741
126742
126743
126744
126745
126746
126747
126748
126749
126750
126751
126752
126753
126754
126755
126756
126757
126758
126759
126760
126761
126762
126763
126764
126765
126766
126767
126768
126769
126770
126771
126772
126773
126774
126775
126776
126777
126778
126779
126780
126781
126782
126783
126784
126785
126786
126787
126788
126789
126790
126791
126792
126793
126794
126795
126796
126797
126798
126799
126801
126802
126803
126804
126805
126806
126807
126808
126809
126810
126811
126812
126813
126814
126815
126816
126817
126818
126819
126820
126821
126822
126823
126824
126825
126826
126827
126828
126829
126830
126831
126832
126833
126834
126835
126836
126837
126838
126839
126840
126841
126842
126843
126844
126845
126846
126847
126848
126849
126850
126851
126852
126853
126854
126855
126856
126857
126858
126859
126860
126861
126862
126863
126864
126865
126866
126867
126868
126869
126870
126871
126872
126873
126874
126875
126876
126877
126878
126879
126880
126881
126882
126883
126884
126885
126886
126887
126888
126889
126890
126891
126892
126893
126894
126895
126896
126897
126898
126899
126901
126902
126903
126904
126905
126906
126907
126908
126909
126910
126911
126912
126913
126914
126915
126916
126917
126918
126919
126920
126921
126922
126923
126924
126925
126926
126927
126928
126929
126930
126931
126932
126933
126934
126935
126936
126937
126938
126939
126940
126941
126942
126943
126944
126945
126946
126947
126948
126949
126950
126951
126952
126953
126954
126955
126956
126957
126958
126959
126960
126961
126962
126963
126964
126965
126966
126967
126968
126969
126970
126971
126972
126973
126974
126975
126976
126977
126978
126979
126980
126981
126982
126983
126984
126985
126986
126987
126988
126989
126990
126991
126992
126993
126994
126995
126996
126997
126998
126999
127001
127002
127003
127004
127005
127006
127007
127008
127009
127010
127011
127012
127013
127014
127015
127016
127017
127018
127019
127020
127021
127022
127023
127024
127025
127026
127027
127028
127029
127030
127031
127032
127033
127034
127035
127036
127037
127038
127039
127040
127041
127042
127043
127044
127045
127046
127047
127048
127049
127050
127051
127052
127053
127054
127055
127056
127057
127058
127059
127060
127061
127062
127063
127064
127065
127066
127067
127068
127069
127070
127071
127072
127073
127074
127075
127076
127077
127078
127079
127080
127081
127082
127083
127084
127085
127086
127087
127088
127089
127090
127091
127092
127093
127094
127095
127096
127097
127098
127099
127101
127102
127103
127104
127105
127106
127107
127108
127109
127110
127111
127112
127113
127114
127115
127116
127117
127118
127119
127120
127121
127122
127123
127124
127125
127126
127127
127128
127129
127130
127131
127132
127133
127134
127135
127136
127137
127138
127139
127140
127141
127142
127143
127144
127145
127146
127147
127148
127149
127150
127151
127152
127153
127154
127155
127156
127157
127158
127159
127160
127161
127162
127163
127164
127165
127166
127167
127168
127169
127170
127171
127172
127173
127174
127175
127176
127177
127178
127179
127180
127181
127182
127183
127184
127185
127186
127187
127188
127189
127190
127191
127192
127193
127194
127195
127196
127197
127198
127199
127201
127202
127203
127204
127205
127206
127207
127208
127209
127210
127211
127212
127213
127214
127215
127216
127217
127218
127219
127220
127221
127222
127223
127224
127225
127226
127227
127228
127229
127230
127231
127232
127233
127234
127235
127236
127237
127238
127239
127240
127241
127242
127243
127244
127245
127246
127247
127248
127249
127250
127251
127252
127253
127254
127255
127256
127257
127258
127259
127260
127261
127262
127263
127264
127265
127266
127267
127268
127269
127270
127271
127272
127273
127274
127275
127276
127277
127278
127279
127280
127281
127282
127283
127284
127285
127286
127287
127288
127289
127290
127291
127292
127293
127294
127295
127296
127297
127298
127299
127301
127302
127303
127304
127305
127306
127307
127308
127309
127310
127311
127312
127313
127314
127315
127316
127317
127318
127319
127320
127321
127322
127323
127324
127325
127326
127327
127328
127329
127330
127331
127332
127333
127334
127335
127336
127337
127338
127339
127340
127341
127342
127343
127344
127345
127346
127347
127348
127349
127350
127351
127352
127353
127354
127355
127356
127357
127358
127359
127360
127361
127362
127363
127364
127365
127366
127367
127368
127369
127370
127371
127372
127373
127374
127375
127376
127377
127378
127379
127380
127381
127382
127383
127384
127385
127386
127387
127388
127389
127390
127391
127392
127393
127394
127395
127396
127397
127398
127399
127401
127402
127403
127404
127405
127406
127407
127408
127409
127410
127411
127412
127413
127414
127415
127416
127417
127418
127419
127420
127421
127422
127423
127424
127425
127426
127427
127428
127429
127430
127431
127432
127433
127434
127435
127436
127437
127438
127439
127440
127441
127442
127443
127444
127445
127446
127447
127448
127449
127450
127451
127452
127453
127454
127455
127456
127457
127458
127459
127460
127461
127462
127463
127464
127465
127466
127467
127468
127469
127470
127471
127472
127473
127474
127475
127476
127477
127478
127479
127480
127481
127482
127483
127484
127485
127486
127487
127488
127489
127490
127491
127492
127493
127494
127495
127496
127497
127498
127499
127501
127502
127503
127504
127505
127506
127507
127508
127509
127510
127511
127512
127513
127514
127515
127516
127517
127518
127519
127520
127521
127522
127523
127524
127525
127526
127527
127528
127529
127530
127531
127532
127533
127534
127535
127536
127537
127538
127539
127540
127541
127542
127543
127544
127545
127546
127547
127548
127549
127550
127551
127552
127553
127554
127555
127556
127557
127558
127559
127560
127561
127562
127563
127564
127565
127566
127567
127568
127569
127570
127571
127572
127573
127574
127575
127576
127577
127578
127579
127580
127581
127582
127583
127584
127585
127586
127587
127588
127589
127590
127591
127592
127593
127594
127595
127596
127597
127598
127599
127601
127602
127603
127604
127605
127606
127607
127608
127609
127610
127611
127612
127613
127614
127615
127616
127617
127618
127619
127620
127621
127622
127623
127624
127625
127626
127627
127628
127629
127630
127631
127632
127633
127634
127635
127636
127637
127638
127639
127640
127641
127642
127643
127644
127645
127646
127647
127648
127649
127650
127651
127652
127653
127654
127655
127656
127657
127658
127659
127660
127661
127662
127663
127664
127665
127666
127667
127668
127669
127670
127671
127672
127673
127674
127675
127676
127677
127678
127679
127680
127681
127682
127683
127684
127685
127686
127687
127688
127689
127690
127691
127692
127693
127694
127695
127696
127697
127698
127699
127701
127702
127703
127704
127705
127706
127707
127708
127709
127710
127711
127712
127713
127714
127715
127716
127717
127718
127719
127720
127721
127722
127723
127724
127725
127726
127727
127728
127729
127730
127731
127732
127733
127734
127735
127736
127737
127738
127739
127740
127741
127742
127743
127744
127745
127746
127747
127748
127749
127750
127751
127752
127753
127754
127755
127756
127757
127758
127759
127760
127761
127762
127763
127764
127765
127766
127767
127768
127769
127770
127771
127772
127773
127774
127775
127776
127777
127778
127779
127780
127781
127782
127783
127784
127785
127786
127787
127788
127789
127790
127791
127792
127793
127794
127795
127796
127797
127798
127799
127801
127802
127803
127804
127805
127806
127807
127808
127809
127810
127811
127812
127813
127814
127815
127816
127817
127818
127819
127820
127821
127822
127823
127824
127825
127826
127827
127828
127829
127830
127831
127832
127833
127834
127835
127836
127837
127838
127839
127840
127841
127842
127843
127844
127845
127846
127847
127848
127849
127850
127851
127852
127853
127854
127855
127856
127857
127858
127859
127860
127861
127862
127863
127864
127865
127866
127867
127868
127869
127870
127871
127872
127873
127874
127875
127876
127877
127878
127879
127880
127881
127882
127883
127884
127885
127886
127887
127888
127889
127890
127891
127892
127893
127894
127895
127896
127897
127898
127899
127901
127902
127903
127904
127905
127906
127907
127908
127909
127910
127911
127912
127913
127914
127915
127916
127917
127918
127919
127920
127921
127922
127923
127924
127925
127926
127927
127928
127929
127930
127931
127932
127933
127934
127935
127936
127937
127938
127939
127940
127941
127942
127943
127944
127945
127946
127947
127948
127949
127950
127951
127952
127953
127954
127955
127956
127957
127958
127959
127960
127961
127962
127963
127964
127965
127966
127967
127968
127969
127970
127971
127972
127973
127974
127975
127976
127977
127978
127979
127980
127981
127982
127983
127984
127985
127986
127987
127988
127989
127990
127991
127992
127993
127994
127995
127996
127997
127998
127999
128001
128002
128003
128004
128005
128006
128007
128008
128009
128010
128011
128012
128013
128014
128015
128016
128017
128018
128019
128020
128021
128022
128023
128024
128025
128026
128027
128028
128029
128030
128031
128032
128033
128034
128035
128036
128037
128038
128039
128040
128041
128042
128043
128044
128045
128046
128047
128048
128049
128050
128051
128052
128053
128054
128055
128056
128057
128058
128059
128060
128061
128062
128063
128064
128065
128066
128067
128068
128069
128070
128071
128072
128073
128074
128075
128076
128077
128078
128079
128080
128081
128082
128083
128084
128085
128086
128087
128088
128089
128090
128091
128092
128093
128094
128095
128096
128097
128098
128099
128101
128102
128103
128104
128105
128106
128107
128108
128109
128110
128111
128112
128113
128114
128115
128116
128117
128118
128119
128120
128121
128122
128123
128124
128125
128126
128127
128128
128129
128130
128131
128132
128133
128134
128135
128136
128137
128138
128139
128140
128141
128142
128143
128144
128145
128146
128147
128148
128149
128150
128151
128152
128153
128154
128155
128156
128157
128158
128159
128160
128161
128162
128163
128164
128165
128166
128167
128168
128169
128170
128171
128172
128173
128174
128175
128176
128177
128178
128179
128180
128181
128182
128183
128184
128185
128186
128187
128188
128189
128190
128191
128192
128193
128194
128195
128196
128197
128198
128199
128201
128202
128203
128204
128205
128206
128207
128208
128209
128210
128211
128212
128213
128214
128215
128216
128217
128218
128219
128220
128221
128222
128223
128224
128225
128226
128227
128228
128229
128230
128231
128232
128233
128234
128235
128236
128237
128238
128239
128240
128241
128242
128243
128244
128245
128246
128247
128248
128249
128250
128251
128252
128253
128254
128255
128256
128257
128258
128259
128260
128261
128262
128263
128264
128265
128266
128267
128268
128269
128270
128271
128272
128273
128274
128275
128276
128277
128278
128279
128280
128281
128282
128283
128284
128285
128286
128287
128288
128289
128290
128291
128292
128293
128294
128295
128296
128297
128298
128299
128301
128302
128303
128304
128305
128306
128307
128308
128309
128310
128311
128312
128313
128314
128315
128316
128317
128318
128319
128320
128321
128322
128323
128324
128325
128326
128327
128328
128329
128330
128331
128332
128333
128334
128335
128336
128337
128338
128339
128340
128341
128342
128343
128344
128345
128346
128347
128348
128349
128350
128351
128352
128353
128354
128355
128356
128357
128358
128359
128360
128361
128362
128363
128364
128365
128366
128367
128368
128369
128370
128371
128372
128373
128374
128375
128376
128377
128378
128379
128380
128381
128382
128383
128384
128385
128386
128387
128388
128389
128390
128391
128392
128393
128394
128395
128396
128397
128398
128399
128401
128402
128403
128404
128405
128406
128407
128408
128409
128410
128411
128412
128413
128414
128415
128416
128417
128418
128419
128420
128421
128422
128423
128424
128425
128426
128427
128428
128429
128430
128431
128432
128433
128434
128435
128436
128437
128438
128439
128440
128441
128442
128443
128444
128445
128446
128447
128448
128449
128450
128451
128452
128453
128454
128455
128456
128457
128458
128459
128460
128461
128462
128463
128464
128465
128466
128467
128468
128469
128470
128471
128472
128473
128474
128475
128476
128477
128478
128479
128480
128481
128482
128483
128484
128485
128486
128487
128488
128489
128490
128491
128492
128493
128494
128495
128496
128497
128498
128499
128501
128502
128503
128504
128505
128506
128507
128508
128509
128510
128511
128512
128513
128514
128515
128516
128517
128518
128519
128520
128521
128522
128523
128524
128525
128526
128527
128528
128529
128530
128531
128532
128533
128534
128535
128536
128537
128538
128539
128540
128541
128542
128543
128544
128545
128546
128547
128548
128549
128550
128551
128552
128553
128554
128555
128556
128557
128558
128559
128560
128561
128562
128563
128564
128565
128566
128567
128568
128569
128570
128571
128572
128573
128574
128575
128576
128577
128578
128579
128580
128581
128582
128583
128584
128585
128586
128587
128588
128589
128590
128591
128592
128593
128594
128595
128596
128597
128598
128599
128601
128602
128603
128604
128605
128606
128607
128608
128609
128610
128611
128612
128613
128614
128615
128616
128617
128618
128619
128620
128621
128622
128623
128624
128625
128626
128627
128628
128629
128630
128631
128632
128633
128634
128635
128636
128637
128638
128639
128640
128641
128642
128643
128644
128645
128646
128647
128648
128649
128650
128651
128652
128653
128654
128655
128656
128657
128658
128659
128660
128661
128662
128663
128664
128665
128666
128667
128668
128669
128670
128671
128672
128673
128674
128675
128676
128677
128678
128679
128680
128681
128682
128683
128684
128685
128686
128687
128688
128689
128690
128691
128692
128693
128694
128695
128696
128697
128698
128699
128701
128702
128703
128704
128705
128706
128707
128708
128709
128710
128711
128712
128713
128714
128715
128716
128717
128718
128719
128720
128721
128722
128723
128724
128725
128726
128727
128728
128729
128730
128731
128732
128733
128734
128735
128736
128737
128738
128739
128740
128741
128742
128743
128744
128745
128746
128747
128748
128749
128750
128751
128752
128753
128754
128755
128756
128757
128758
128759
128760
128761
128762
128763
128764
128765
128766
128767
128768
128769
128770
128771
128772
128773
128774
128775
128776
128777
128778
128779
128780
128781
128782
128783
128784
128785
128786
128787
128788
128789
128790
128791
128792
128793
128794
128795
128796
128797
128798
128799
128801
128802
128803
128804
128805
128806
128807
128808
128809
128810
128811
128812
128813
128814
128815
128816
128817
128818
128819
128820
128821
128822
128823
128824
128825
128826
128827
128828
128829
128830
128831
128832
128833
128834
128835
128836
128837
128838
128839
128840
128841
128842
128843
128844
128845
128846
128847
128848
128849
128850
128851
128852
128853
128854
128855
128856
128857
128858
128859
128860
128861
128862
128863
128864
128865
128866
128867
128868
128869
128870
128871
128872
128873
128874
128875
128876
128877
128878
128879
128880
128881
128882
128883
128884
128885
128886
128887
128888
128889
128890
128891
128892
128893
128894
128895
128896
128897
128898
128899
128901
128902
128903
128904
128905
128906
128907
128908
128909
128910
128911
128912
128913
128914
128915
128916
128917
128918
128919
128920
128921
128922
128923
128924
128925
128926
128927
128928
128929
128930
128931
128932
128933
128934
128935
128936
128937
128938
128939
128940
128941
128942
128943
128944
128945
128946
128947
128948
128949
128950
128951
128952
128953
128954
128955
128956
128957
128958
128959
128960
128961
128962
128963
128964
128965
128966
128967
128968
128969
128970
128971
128972
128973
128974
128975
128976
128977
128978
128979
128980
128981
128982
128983
128984
128985
128986
128987
128988
128989
128990
128991
128992
128993
128994
128995
128996
128997
128998
128999
129001
129002
129003
129004
129005
129006
129007
129008
129009
129010
129011
129012
129013
129014
129015
129016
129017
129018
129019
129020
129021
129022
129023
129024
129025
129026
129027
129028
129029
129030
129031
129032
129033
129034
129035
129036
129037
129038
129039
129040
129041
129042
129043
129044
129045
129046
129047
129048
129049
129050
129051
129052
129053
129054
129055
129056
129057
129058
129059
129060
129061
129062
129063
129064
129065
129066
129067
129068
129069
129070
129071
129072
129073
129074
129075
129076
129077
129078
129079
129080
129081
129082
129083
129084
129085
129086
129087
129088
129089
129090
129091
129092
129093
129094
129095
129096
129097
129098
129099
129101
129102
129103
129104
129105
129106
129107
129108
129109
129110
129111
129112
129113
129114
129115
129116
129117
129118
129119
129120
129121
129122
129123
129124
129125
129126
129127
129128
129129
129130
129131
129132
129133
129134
129135
129136
129137
129138
129139
129140
129141
129142
129143
129144
129145
129146
129147
129148
129149
129150
129151
129152
129153
129154
129155
129156
129157
129158
129159
129160
129161
129162
129163
129164
129165
129166
129167
129168
129169
129170
129171
129172
129173
129174
129175
129176
129177
129178
129179
129180
129181
129182
129183
129184
129185
129186
129187
129188
129189
129190
129191
129192
129193
129194
129195
129196
129197
129198
129199
129201
129202
129203
129204
129205
129206
129207
129208
129209
129210
129211
129212
129213
129214
129215
129216
129217
129218
129219
129220
129221
129222
129223
129224
129225
129226
129227
129228
129229
129230
129231
129232
129233
129234
129235
129236
129237
129238
129239
129240
129241
129242
129243
129244
129245
129246
129247
129248
129249
129250
129251
129252
129253
129254
129255
129256
129257
129258
129259
129260
129261
129262
129263
129264
129265
129266
129267
129268
129269
129270
129271
129272
129273
129274
129275
129276
129277
129278
129279
129280
129281
129282
129283
129284
129285
129286
129287
129288
129289
129290
129291
129292
129293
129294
129295
129296
129297
129298
129299
129301
129302
129303
129304
129305
129306
129307
129308
129309
129310
129311
129312
129313
129314
129315
129316
129317
129318
129319
129320
129321
129322
129323
129324
129325
129326
129327
129328
129329
129330
129331
129332
129333
129334
129335
129336
129337
129338
129339
129340
129341
129342
129343
129344
129345
129346
129347
129348
129349
129350
129351
129352
129353
129354
129355
129356
129357
129358
129359
129360
129361
129362
129363
129364
129365
129366
129367
129368
129369
129370
129371
129372
129373
129374
129375
129376
129377
129378
129379
129380
129381
129382
129383
129384
129385
129386
129387
129388
129389
129390
129391
129392
129393
129394
129395
129396
129397
129398
129399
129401
129402
129403
129404
129405
129406
129407
129408
129409
129410
129411
129412
129413
129414
129415
129416
129417
129418
129419
129420
129421
129422
129423
129424
129425
129426
129427
129428
129429
129430
129431
129432
129433
129434
129435
129436
129437
129438
129439
129440
129441
129442
129443
129444
129445
129446
129447
129448
129449
129450
129451
129452
129453
129454
129455
129456
129457
129458
129459
129460
129461
129462
129463
129464
129465
129466
129467
129468
129469
129470
129471
129472
129473
129474
129475
129476
129477
129478
129479
129480
129481
129482
129483
129484
129485
129486
129487
129488
129489
129490
129491
129492
129493
129494
129495
129496
129497
129498
129499
129501
129502
129503
129504
129505
129506
129507
129508
129509
129510
129511
129512
129513
129514
129515
129516
129517
129518
129519
129520
129521
129522
129523
129524
129525
129526
129527
129528
129529
129530
129531
129532
129533
129534
129535
129536
129537
129538
129539
129540
129541
129542
129543
129544
129545
129546
129547
129548
129549
129550
129551
129552
129553
129554
129555
129556
129557
129558
129559
129560
129561
129562
129563
129564
129565
129566
129567
129568
129569
129570
129571
129572
129573
129574
129575
129576
129577
129578
129579
129580
129581
129582
129583
129584
129585
129586
129587
129588
129589
129590
129591
129592
129593
129594
129595
129596
129597
129598
129599
129601
129603
129605
129607
129609
129611
129613
129615
129617
129619
129621
129623
129625
129627
129629
129631
129633
129635
129637
129639
129641
129643
129645
129647
129649
129651
129653
129655
129657
129659
129661
129663
129665
129667
129669
129671
129673
129675
129677
129679
129681
129683
129685
129687
129689
129691
129693
129695
129697
236851
236852
236853
236854
236855
236856
236857
236858
236859
236860
236861
236862
236863
236864
236865
236866
236867
236868
236869
236870
236871
236872
236873
236874
236875
236876
236877
236878
236879
236880
236881
236882
236883
236884
236885
236886
236887
236888
236889
236890
236891
236892
236893
236894
236895
236896
236897
236898
236899
236900
236901
236902
236903
236904
236905
236906
236907
236908
236909
236910
236911
236912
236913
236914
236915
236916
236917
236918
236919
236920
236921
236922
236923
236924
236925
236926
236927
236928
236929
236930
236931
236932
236933
236934
236935
236936
236937
236938
236939
236940
236941
236942
236943
236944
236945
236946
236947
236948
236949
236950
236951
236952
236953
236954
236955
236956
236957
236958
236959
236960
236961
236962
236963
236964
236965
236966
236967
236968
236969
236970
236971
236972
236973
236974
236975
236976
236977
236978
236979
236980
236981
236982
236983
236984
236985
236986
236987
236988
236989
236990
236991
236992
236993
236994
236995
236996
236997
236998
236999
237000
237001
237002
237003
237004
237005
237006
237007
237008
237009
237010
237011
237012
237013
237014
237015
237016
237017
237018
237019
237020
237021
237022
237023
237024
237025
237026
237027
237028
237029
237030
237031
237032
237033
237034
237035
237036
237037
237038
237039
237040
237041
237042
237043
237044
237045
237046
237047
237048
237049
237050
237051
237052
237053
237054
237055
237056
237057
237058
237059
237060
237061
237062
237063
237064
237065
237066
237067
237068
237069
237070
237071
237072
237073
237074
237075
237076
237077
237078
237079
237080
237081
237082
237083
237084
237085
237086
237087
237088
237089
237090
237091
237092
237093
237094
237095
237096
237097
237098
237099
237100
237101
237102
237103
237104
237105
237106
237107
237108
237109
237110
237111
237112
237113
237114
237115
237116
237117
237118
237119
237120
237121
237122
237123
237124
237125
237126
237127
237128
237129
237130
237131
237132
237133
237134
237135
237136
237137
237138
237139
237140
237141
237142
237143
237144
237145
237146
237147
237148
237149
237150
237151
237152
237153
237154
237155
237156
237157
237158
237159
237160
237161
237162
237163
237164
237165
237166
237167
237168
237169
237170
237171
237172
237173
237174
237175
237176
237177
237178
237179
237180
237181
237182
237183
237184
237185
237186
237187
237188
237189
237190
237191
237192
237193
237194
237195
237196
237197
237198
237199
237200
237201
237202
237203
237204
237205
237206
237207
237208
237209
237210
237211
237212
237213
237214
237215
237216
237217
237218
237219
237220
237221
237222
237223
237224
237225
237226
237227
237228
237229
237230
237231
237232
237233
237234
237235
237236
237237
237238
237239
237240
237241
237242
237243
237244
237245
237246
237247
237248
237249
237250
237251
237252
237253
237254
237255
237256
237257
237258
237259
237260
237261
237262
237263
237264
237265
237266
237267
237268
237269
237270
237271
237272
237273
237274
237275
237276
237277
237278
237279
237280
237281
237282
237283
237284
237285
237286
237287
237288
237289
237290
237291
237292
237293
237294
237295
237296
237297
237298
237299
237300
237301
237302
237303
237304
237305
237306
237307
237308
237309
237310
237311
237312
237313
237314
237315
237316
237317
237318
237319
237320
237321
237322
237323
237324
237325
237326
237327
237328
237329
237330
237331
237332
237333
237334
237335
237336
237337
237338
237339
237340
237341
237342
237343
237344
237345
237346
237347
237348
237349
237350
237351
237352
237353
237354
237355
237356
237357
237358
237359
237360
237361
237362
237363
237364
237365
237366
237367
237368
237369
237370
237371
237372
237373
237374
237375
237376
237377
237378
237379
237380
237381
237382
237383
237384
237385
237386
237387
237388
237389
237390
237391
237392
237393
237394
237395
237396
237397
237398
237399
237400
237401
237402
237403
237404
237405
237406
237407
237408
237409
237410
237411
237412
237413
237414
237415
237416
237417
237418
237419
237420
237421
237422
237423
237424
237425
237426
237427
237428
237429
237430
237431
237432
237433
237434
237435
237436
237437
237438
237439
237440
237441
237442
237443
237444
237445
237446
237447
237448
237449
237450
237451
237452
237453
237454
237455
237456
237457
237458
237459
237460
237461
237462
237463
237464
237465
237466
237467
237468
237469
237470
237471
237472
237473
237474
237475
237476
237477
237478
237479
237480
237481
237482
237483
237484
237485
237486
237487
237488
237489
237490
237491
237492
237493
237494
237495
237496
237497
237498
237499
237500
237501
237502
237503
237504
237505
237506
237507
237508
237509
237510
237511
237512
237513
237514
237515
237516
237517
237518
237519
237520
237521
237522
237523
237524
237525
237526
237527
237528
237529
237530
237531
237532
237533
237534
237535
237536
237537
237538
237539
237540
237541
237542
237543
237544
237545
237546
237547
237548
237549
237550
237551
237552
237553
237554
237555
237556
237557
237558
237559
237560
237561
237562
237563
237564
237565
237566
237567
237568
237569
237570
237571
237572
237573
237574
237575
237576
237577
237578
237579
237580
237581
237582
237583
237584
237585
237586
237587
237588
237589
237590
237591
237592
237593
237594
237595
237596
237597
237598
237599
237600
237601
237602
237603
237604
237605
237606
237607
237608
237609
237610
237611
237612
237613
237614
237615
237616
237617
237618
237619
237620
237621
237622
237623
237624
237625
237626
237627
237628
237629
237630
237631
237632
237633
237634
237635
237636
237637
237638
237639
237640
237641
237642
237643
237644
237645
237646
237647
237648
237649
237650
237651
237652
237653
237654
237655
237656
237657
237658
237659
237660
237661
237662
237663
237664
237665
237666
237667
237668
237669
237670
237671
237672
237673
237674
237675
237676
237677
237678
237679
237680
237681
237682
237683
237684
237685
237686
237687
237688
237689
237690
237691
237692
237693
237694
237695
237696
237697
237698
237699
237700
237701
237702
237703
237704
237705
237706
237707
237708
237709
237710
237711
237712
237713
237714
237715
237716
237717
237718
237719
237720
237721
237722
237723
237724
237725
237726
237727
237728
237729
237730
237731
237732
237733
237734
237735
237736
237737
237738
237739
237740
237741
237742
237743
237744
237745
237746
237747
237748
237749
237750
237751
237752
237753
237754
237755
237756
237757
237758
237759
237760
237761
237762
237763
237764
237765
237766
237767
237768
237769
237770
237771
237772
237773
237774
237775
237776
237777
237778
237779
237780
237781
237782
237783
237784
237785
237786
237787
237788
237789
237790
237791
237792
237793
237794
237795
237796
237797
237798
237799
237800
237801
237802
237803
237804
237805
237806
237807
237808
237809
237810
237811
237812
237813
237814
237815
237816
237817
237818
237819
237820
237821
237822
237823
237824
237825
237826
237827
237828
237829
237830
237831
237832
237833
237834
237835
237836
237837
237838
237839
237840
237841
237842
237843
237844
237845
237846
237847
237848
237849
237850
237851
237852
237853
237854
237855
237856
237857
237858
237859
237860
237861
237862
237863
237864
237865
237866
237867
237868
237869
237870
237871
237872
237873
237874
237875
237876
237877
237878
237879
237880
237881
237882
237883
237884
237885
237886
237887
237888
237889
237890
237891
237892
237893
237894
237895
237896
237897
237898
237899
237900
237901
237902
237903
237904
237905
237906
237907
237908
237909
237910
237911
237912
237913
237914
237915
237916
237917
237918
237919
237920
237921
237922
237923
237924
237925
237926
237927
237928
237929
237930
237931
237932
237933
237934
237935
237936
237937
237938
237939
237940
237941
237942
237943
237944
237945
237946
237947
237948
237949
237950
237951
237952
237953
237954
237955
237956
237957
237958
237959
237960
237961
237962
237963
237964
237965
237966
237967
237968
237969
237970
237971
237972
237973
237974
237975
237976
237977
237978
237979
237980
237981
237982
237983
237984
237985
237986
237987
237988
237989
237990
237991
237992
237993
237994
237995
237996
237997
237998
237999
238000
238001
238002
238003
238004
238005
238006
238007
238008
238009
238010
238011
238012
238013
238014
238015
238016
238017
238018
238019
238020
238021
238022
238023
238024
238025
238026
238027
238028
238029
238030
238031
238032
238033
238034
238035
238036
238037
238038
238039
238040
238041
238042
238043
238044
238045
238046
238047
238048
238049
238050
238051
238052
238053
238054
238055
238056
238057
238058
238059
238060
238061
238062
238063
238064
238065
238066
238067
238068
238069
238070
238071
238072
238073
238074
238075
238076
238077
238078
238079
238080
238081
238082
238083
238084
238085
238086
238087
238088
238089
238090
238091
238092
238093
238094
238095
238096
238097
238098
238099
238100
238101
238102
238103
238104
238105
238106
238107
238108
238109
238110
238111
238112
238113
238114
238115
238116
238117
238118
238119
238120
238121
238122
238123
238124
238125
238126
238127
238128
238129
238130
238131
238132
238133
238134
238135
238136
238137
238138
238139
238140
238141
238142
238143
238144
238145
238146
238147
238148
238149
238150
238151
238152
238153
238154
238155
238156
238157
238158
238159
238160
238161
238162
238163
238164
238165
238166
238167
238168
238169
238170
238171
238172
238173
238174
238175
238176
238177
238178
238179
238180
238181
238182
238183
238184
238185
238186
238187
238188
238189
238190
238191
238192
238193
238194
238195
238196
238197
238198
238199
238200
238201
238202
238203
238204
238205
238206
238207
238208
238209
238210
238211
238212
238213
238214
238215
238216
238217
238218
238219
238220
238221
238222
238223
238224
238225
238226
238227
238228
238229
238230
238231
238232
238233
238234
238235
238236
238237
238238
238239
238240
238241
238242
238243
238244
238245
238246
238247
238248
238249
238250
238251
238252
238253
238254
238255
238256
238257
238258
238259
238260
238261
238262
238263
238264
238265
238266
238267
238268
238269
238270
238271
238272
238273
238274
238275
238276
238277
238278
238279
238280
238281
238282
238283
238284
238285
238286
238287
238288
238289
238290
238291
238292
238293
238294
238295
238296
238297
238298
238299
238300
238301
238302
238303
238304
238305
238306
238307
238308
238309
238310
238311
238312
238313
238314
238315
238316
238317
238318
238319
238320
238321
238322
238323
238324
238325
238326
238327
238328
238329
238330
238331
238332
238333
238334
238335
238336
238337
238338
238339
238340
238341
238342
238343
238344
238345
238346
238347
238348
238349
238350
238351
238352
238353
238354
238355
238356
238357
238358
238359
238360
238361
238362
238363
238364
238365
238366
238367
238368
238369
238370
238371
238372
238373
238374
238375
238376
238377
238378
238379
238380
238381
238382
238383
238384
238385
238386
238387
238388
238389
238390
238391
238392
238393
238394
238395
238396
238397
238398
238399
238400
238401
238402
238403
238404
238405
238406
238407
238408
238409
238410
238411
238412
238413
238414
238415
238416
238417
238418
238419
238420
238421
238422
238423
238424
238425
238426
238427
238428
238429
238430
238431
238432
238433
238434
238435
238436
238437
238438
238439
238440
238441
238442
238443
238444
238445
238446
238447
238448
238449
238450
238451
238452
238453
238454
238455
238456
238457
238458
238459
238460
238461
238462
238463
238464
238465
238466
238467
238468
238469
238470
238471
238472
238473
238474
238475
238476
238477
238478
238479
238480
238481
238482
238483
238484
238485
238486
238487
238488
238489
238490
238491
238492
238493
238494
238495
238496
238497
238498
238499
238500
238501
238502
238503
238504
238505
238506
238507
238508
238509
238510
238511
238512
238513
238514
238515
238516
238517
238518
238519
238520
238521
238522
238523
238524
238525
238526
238527
238528
238529
238530
238531
238532
238533
238534
238535
238536
238537
238538
238539
238540
238541
238542
238543
238544
238545
238546
238547
238548
238549
238550
238551
238552
238553
238554
238555
238556
238557
238558
238559
238560
238561
238562
238563
238564
238565
238566
238567
238568
238569
238570
238571
238572
238573
238574
238575
238576
238577
238578
238579
238580
238581
238582
238583
238584
238585
238586
238587
238588
238589
238590
238591
238592
238593
238594
238595
238596
238597
238598
238599
238600
238601
238602
238603
238604
238605
238606
238607
238608
238609
238610
238611
238612
238613
238614
238615
238616
238617
238618
238619
238620
238621
238622
238623
238624
238625
238626
238627
238628
238629
238630
238631
238632
238633
238634
238635
238636
238637
238638
238639
238640
238641
238642
238643
238644
238645
238646
238647
238648
238649
238650
238651
238652
238653
238654
238655
238656
238657
238658
238659
238660
238661
238662
238663
238664
238665
238666
238667
238668
238669
238670
238671
238672
238673
238674
238675
238676
238677
238678
238679
238680
238681
238682
238683
238684
238685
238686
238687
238688
238689
238690
238691
238692
238693
238694
238695
238696
238697
238698
238699
238700
238701
238702
238703
238704
238705
238706
238707
238708
238709
238710
238711
238712
238713
238714
238715
238716
238717
238718
238719
238720
238721
238722
238723
238724
238725
238726
238727
238728
238729
238730
238731
238732
238733
238734
238735
238736
238737
238738
238739
238740
238741
238742
238743
238744
238745
238746
238747
238748
238749
238750
238751
238752
238753
238754
238755
238756
238757
238758
238759
238760
238761
238762
238763
238764
238765
238766
238767
238768
238769
238770
238771
238772
238773
238774
238775
238776
238777
238778
238779
238780
238781
238782
238783
238784
238785
238786
238787
238788
238789
238790
238791
238792
238793
238794
238795
238796
238797
238798
238799
238800
238801
238802
238803
238804
238805
238806
238807
238808
238809
238810
238811
238812
238813
238814
238815
238816
238817
238818
238819
238820
238821
238822
238823
238824
238825
238826
238827
238828
238829
238830
238831
238832
238833
238834
238835
238836
238837
238838
238839
238840
238841
238842
238843
238844
238845
238846
238847
238848
238849
238850
238851
238852
238853
238854
238855
238856
238857
238858
238859
238860
238861
238862
238863
238864
238865
238866
238867
238868
238869
238870
238871
238872
238873
238874
238875
238876
238877
238878
238879
238880
238881
238882
238883
238884
238885
238886
238887
238888
238889
238890
238891
238892
238893
238894
238895
238896
238897
238898
238899
238900
238901
238902
238903
238904
238905
238906
238907
238908
238909
238910
238911
238912
238913
238914
238915
238916
238917
238918
238919
238920
238921
238922
238923
238924
238925
238926
238927
238928
238929
238930
238931
238932
238933
238934
238935
238936
238937
238938
238939
238940
238941
238942
238943
238944
238945
238946
238947
238948
238949
238950
238951
238952
238953
238954
238955
238956
238957
238958
238959
238960
238961
238962
238963
238964
238965
238966
238967
238968
238969
238970
238971
238972
238973
238974
238975
238976
238977
238978
238979
238980
238981
238982
238983
238984
238985
238986
238987
238988
238989
238990
238991
238992
238993
238994
238995
238996
238997
238998
238999
239000
239001
239002
239003
239004
239005
239006
239007
239008
239009
239010
239011
239012
239013
239014
239015
239016
239017
239018
239019
239020
239021
239022
239023
239024
239025
239026
239027
239028
239029
239030
239031
239032
239033
239034
239035
239036
239037
239038
239039
239040
239041
239042
239043
239044
239045
239046
239047
239048
239049
239050
239051
239052
239053
239054
239055
239056
239057
239058
239059
239060
239061
239062
239063
239064
239065
239066
239067
239068
239069
239070
239071
239072
239073
239074
239075
239076
239077
239078
239079
239080
239081
239082
239083
239084
239085
239086
239087
239088
239089
239090
239091
239092
239093
239094
239095
239096
239097
239098
239099
239100
239101
239102
239103
239104
239105
239106
239107
239108
239109
239110
239111
239112
239113
239114
239115
239116
239117
239118
239119
239120
239121
239122
239123
239124
239125
239126
239127
239128
239129
239130
239131
239132
239133
239134
239135
239136
239137
239138
239139
239140
239141
239142
239143
239144
239145
239146
239147
239148
239149
239150
239151
239152
239153
239154
239155
239156
239157
239158
239159
239160
239161
239162
239163
239164
239165
239166
239167
239168
239169
239170
239171
239172
239173
239174
239175
239176
239177
239178
239179
239180
239181
239182
239183
239184
239185
239186
239187
239188
239189
239190
239191
239192
239193
239194
239195
239196
239197
239198
239199
239200
239201
239202
239203
239204
239205
239206
239207
239208
239209
239210
239211
239212
239213
239214
239215
239216
239217
239218
239219
239220
239221
239222
239223
239224
239225
239226
239227
239228
239229
239230
239231
239232
239233
239234
239235
239236
239237
239238
239239
239240
239241
239242
239243
239244
239245
239246
239247
239248
239249
239250
239251
239252
239253
239254
239255
239256
239257
239258
239259
239260
239261
239262
239263
239264
239265
239266
239267
239268
239269
239270
239271
239272
239273
239274
239275
239276
239277
239278
239279
239280
239281
239282
239283
239284
239285
239286
239287
239288
239289
239290
239291
239292
239293
239294
239295
239296
239297
239298
239299
239300
239301
239302
239303
239304
239305
239306
239307
239308
239309
239310
239311
239312
239313
239314
239315
239316
239317
239318
239319
239320
239321
239322
239323
239324
239325
239326
239327
239328
239329
239330
239331
239332
239333
239334
239335
239336
239337
239338
239339
239340
239341
239342
239343
239344
239345
239346
239347
239348
239349
239350
324351
324352
324353
324354
324355
324356
324357
324358
324359
324360
324361
324362
324363
324364
324365
324366
324367
324368
324369
324370
324371
324372
324373
324374
324375
324376
324377
324378
324379
324380
324381
324382
324383
324384
324385
324386
324387
324388
324389
324390
324391
324392
324393
324394
324395
324396
324397
324398
324399
324400
324401
324402
324403
324404
324405
324406
324407
324408
324409
324410
324411
324412
324413
324414
324415
324416
324417
324418
324419
324420
324421
324422
324423
324424
324425
324426
324427
324428
324429
324430
324431
324432
324433
324434
324435
324436
324437
324438
324439
324440
324441
324442
324443
324444
324445
324446
324447
324448
324449
324450
324451
324452
324453
324454
324455
324456
324457
324458
324459
324460
324461
324462
324463
324464
324465
324466
324467
324468
324469
324470
324471
324472
324473
324474
324475
324476
324477
324478
324479
324480
324481
324482
324483
324484
324485
324486
324487
324488
324489
324490
324491
324492
324493
324494
324495
324496
324497
324498
324499
324500
324501
324502
324503
324504
324505
324506
324507
324508
324509
324510
324511
324512
324513
324514
324515
324516
324517
324518
324519
324520
324521
324522
324523
324524
324525
324526
324527
324528
324529
324530
324531
324532
324533
324534
324535
324536
324537
324538
324539
324540
324541
324542
324543
324544
324545
324546
324547
324548
324549
324550
324551
324552
324553
324554
324555
324556
324557
324558
324559
324560
324561
324562
324563
324564
324565
324566
324567
324568
324569
324570
324571
324572
324573
324574
324575
324576
324577
324578
324579
324580
324581
324582
324583
324584
324585
324586
324587
324588
324589
324590
324591
324592
324593
324594
324595
324596
324597
324598
324599
324600
324601
324602
324603
324604
324605
324606
324607
324608
324609
324610
324611
324612
324613
324614
324615
324616
324617
324618
324619
324620
324621
324622
324623
324624
324625
324626
324627
324628
324629
324630
324631
324632
324633
324634
324635
324636
324637
324638
324639
324640
324641
324642
324643
324644
324645
324646
324647
324648
324649
324650
324651
324652
324653
324654
324655
324656
324657
324658
324659
324660
324661
324662
324663
324664
324665
324666
324667
324668
324669
324670
324671
324672
324673
324674
324675
324676
324677
324678
324679
324680
324681
324682
324683
324684
324685
324686
324687
324688
324689
324690
324691
324692
324693
324694
324695
324696
324697
324698
324699
324700
324701
324702
324703
324704
324705
324706
324707
324708
324709
324710
324711
324712
324713
324714
324715
324716
324717
324718
324719
324720
324721
324722
324723
324724
324725
324726
324727
324728
324729
324730
324731
324732
324733
324734
324735
324736
324737
324738
324739
324740
324741
324742
324743
324744
324745
324746
324747
324748
324749
324750
324751
324752
324753
324754
324755
324756
324757
324758
324759
324760
324761
324762
324763
324764
324765
324766
324767
324768
324769
324770
324771
324772
324773
324774
324775
324776
324777
324778
324779
324780
324781
324782
324783
324784
324785
324786
324787
324788
324789
324790
324791
324792
324793
324794
324795
324796
324797
324798
324799
324800
324801
324802
324803
324804
324805
324806
324807
324808
324809
324810
324811
324812
324813
324814
324815
324816
324817
324818
324819
324820
324821
324822
324823
324824
324825
324826
324827
324828
324829
324830
324831
324832
324833
324834
324835
324836
324837
324838
324839
324840
324841
324842
324843
324844
324845
324846
324847
324848
324849
324850
324851
324852
324853
324854
324855
324856
324857
324858
324859
324860
324861
324862
324863
324864
324865
324866
324867
324868
324869
324870
324871
324872
324873
324874
324875
324876
324877
324878
324879
324880
324881
324882
324883
324884
324885
324886
324887
324888
324889
324890
324891
324892
324893
324894
324895
324896
324897
324898
324899
324900
324901
324902
324903
324904
324905
324906
324907
324908
324909
324910
324911
324912
324913
324914
324915
324916
324917
324918
324919
324920
324921
324922
324923
324924
324925
324926
324927
324928
324929
324930
324931
324932
324933
324934
324935
324936
324937
324938
324939
324940
324941
324942
324943
324944
324945
324946
324947
324948
324949
324950
324951
324952
324953
324954
324955
324956
324957
324958
324959
324960
324961
324962
324963
324964
324965
324966
324967
324968
324969
324970
324971
324972
324973
324974
324975
324976
324977
324978
324979
324980
324981
324982
324983
324984
324985
324986
324987
324988
324989
324990
324991
324992
324993
324994
324995
324996
324997
324998
324999
325000
325001
325002
325003
325004
325005
325006
325007
325008
325009
325010
325011
325012
325013
325014
325015
325016
325017
325018
325019
325020
325021
325022
325023
325024
325025
325026
325027
325028
325029
325030
325031
325032
325033
325034
325035
325036
325037
325038
325039
325040
325041
325042
325043
325044
325045
325046
325047
325048
325049
325050
325051
325052
325053
325054
325055
325056
325057
325058
325059
325060
325061
325062
325063
325064
325065
325066
325067
325068
325069
325070
325071
325072
325073
325074
325075
325076
325077
325078
325079
325080
325081
325082
325083
325084
325085
325086
325087
325088
325089
325090
325091
325092
325093
325094
325095
325096
325097
325098
325099
325100
325101
325102
325103
325104
325105
325106
325107
325108
325109
325110
325111
325112
325113
325114
325115
325116
325117
325118
325119
325120
325121
325122
325123
325124
325125
325126
325127
325128
325129
325130
325131
325132
325133
325134
325135
325136
325137
325138
325139
325140
325141
325142
325143
325144
325145
325146
325147
325148
325149
325150
325151
325152
325153
325154
325155
325156
325157
325158
325159
325160
325161
325162
325163
325164
325165
325166
325167
325168
325169
325170
325171
325172
325173
325174
325175
325176
325177
325178
325179
325180
325181
325182
325183
325184
325185
325186
325187
325188
325189
325190
325191
325192
325193
325194
325195
325196
325197
325198
325199
325200
325201
325202
325203
325204
325205
325206
325207
325208
325209
325210
325211
325212
325213
325214
325215
325216
325217
325218
325219
325220
325221
325222
325223
325224
325225
325226
325227
325228
325229
325230
325231
325232
325233
325234
325235
325236
325237
325238
325239
325240
325241
325242
325243
325244
325245
325246
325247
325248
325249
325250
325251
325252
325253
325254
325255
325256
325257
325258
325259
325260
325261
325262
325263
325264
325265
325266
325267
325268
325269
325270
325271
325272
325273
325274
325275
325276
325277
325278
325279
325280
325281
325282
325283
325284
325285
325286
325287
325288
325289
325290
325291
325292
325293
325294
325295
325296
325297
325298
325299
325300
325301
325302
325303
325304
325305
325306
325307
325308
325309
325310
325311
325312
325313
325314
325315
325316
325317
325318
325319
325320
325321
325322
325323
325324
325325
325326
325327
325328
325329
325330
325331
325332
325333
325334
325335
325336
325337
325338
325339
325340
325341
325342
325343
325344
325345
325346
325347
325348
325349
325350
325351
325352
325353
325354
325355
325356
325357
325358
325359
325360
325361
325362
325363
325364
325365
325366
325367
325368
325369
325370
325371
325372
325373
325374
325375
325376
325377
325378
325379
325380
325381
325382
325383
325384
325385
325386
325387
325388
325389
325390
325391
325392
325393
325394
325395
325396
325397
325398
325399
325400
325401
325402
325403
325404
325405
325406
325407
325408
325409
325410
325411
325412
325413
325414
325415
325416
325417
325418
325419
325420
325421
325422
325423
325424
325425
325426
325427
325428
325429
325430
325431
325432
325433
325434
325435
325436
325437
325438
325439
325440
325441
325442
325443
325444
325445
325446
325447
325448
325449
325450
325451
325452
325453
325454
325455
325456
325457
325458
325459
325460
325461
325462
325463
325464
325465
325466
325467
325468
325469
325470
325471
325472
325473
325474
325475
325476
325477
325478
325479
325480
325481
325482
325483
325484
325485
325486
325487
325488
325489
325490
325491
325492
325493
325494
325495
325496
325497
325498
325499
325500
325501
325502
325503
325504
325505
325506
325507
325508
325509
325510
325511
325512
325513
325514
325515
325516
325517
325518
325519
325520
325521
325522
325523
325524
325525
325526
325527
325528
325529
325530
325531
325532
325533
325534
325535
325536
325537
325538
325539
325540
325541
325542
325543
325544
325545
325546
325547
325548
325549
325550
325551
325552
325553
325554
325555
325556
325557
325558
325559
325560
325561
325562
325563
325564
325565
325566
325567
325568
325569
325570
325571
325572
325573
325574
325575
325576
325577
325578
325579
325580
325581
325582
325583
325584
325585
325586
325587
325588
325589
325590
325591
325592
325593
325594
325595
325596
325597
325598
325599
325600
325601
325602
325603
325604
325605
325606
325607
325608
325609
325610
325611
325612
325613
325614
325615
325616
325617
325618
325619
325620
325621
325622
325623
325624
325625
325626
325627
325628
325629
325630
325631
325632
325633
325634
325635
325636
325637
325638
325639
325640
325641
325642
325643
325644
325645
325646
325647
325648
325649
325650
325651
325652
325653
325654
325655
325656
325657
325658
325659
325660
325661
325662
325663
325664
325665
325666
325667
325668
325669
325670
325671
325672
325673
325674
325675
325676
325677
325678
325679
325680
325681
325682
325683
325684
325685
325686
325687
325688
325689
325690
325691
325692
325693
325694
325695
325696
325697
325698
325699
325700
325701
325702
325703
325704
325705
325706
325707
325708
325709
325710
325711
325712
325713
325714
325715
325716
325717
325718
325719
325720
325721
325722
325723
325724
325725
325726
325727
325728
325729
325730
325731
325732
325733
325734
325735
325736
325737
325738
325739
325740
325741
325742
325743
325744
325745
325746
325747
325748
325749
325750
325751
325752
325753
325754
325755
325756
325757
325758
325759
325760
325761
325762
325763
325764
325765
325766
325767
325768
325769
325770
325771
325772
325773
325774
325775
325776
325777
325778
325779
325780
325781
325782
325783
325784
325785
325786
325787
325788
325789
325790
325791
325792
325793
325794
325795
325796
325797
325798
325799
325800
325801
325802
325803
325804
325805
325806
325807
325808
325809
325810
325811
325812
325813
325814
325815
325816
325817
325818
325819
325820
325821
325822
325823
325824
325825
325826
325827
325828
325829
325830
325831
325832
325833
325834
325835
325836
325837
325838
325839
325840
325841
325842
325843
325844
325845
325846
325847
325848
325849
325850
325851
325852
325853
325854
325855
325856
325857
325858
325859
325860
325861
325862
325863
325864
325865
325866
325867
325868
325869
325870
325871
325872
325873
325874
325875
325876
325877
325878
325879
325880
325881
325882
325883
325884
325885
325886
325887
325888
325889
325890
325891
325892
325893
325894
325895
325896
325897
325898
325899
325900
325901
325902
325903
325904
325905
325906
325907
325908
325909
325910
325911
325912
325913
325914
325915
325916
325917
325918
325919
325920
325921
325922
325923
325924
325925
325926
325927
325928
325929
325930
325931
325932
325933
325934
325935
325936
325937
325938
325939
325940
325941
325942
325943
325944
325945
325946
325947
325948
325949
325950
325951
325952
325953
325954
325955
325956
325957
325958
325959
325960
325961
325962
325963
325964
325965
325966
325967
325968
325969
325970
325971
325972
325973
325974
325975
325976
325977
325978
325979
325980
325981
325982
325983
325984
325985
325986
325987
325988
325989
325990
325991
325992
325993
325994
325995
325996
325997
325998
325999
326000
326001
326002
326003
326004
326005
326006
326007
326008
326009
326010
326011
326012
326013
326014
326015
326016
326017
326018
326019
326020
326021
326022
326023
326024
326025
326026
326027
326028
326029
326030
326031
326032
326033
326034
326035
326036
326037
326038
326039
326040
326041
326042
326043
326044
326045
326046
326047
326048
326049
326050
326051
326052
326053
326054
326055
326056
326057
326058
326059
326060
326061
326062
326063
326064
326065
326066
326067
326068
326069
326070
326071
326072
326073
326074
326075
326076
326077
326078
326079
326080
326081
326082
326083
326084
326085
326086
326087
326088
326089
326090
326091
326092
326093
326094
326095
326096
326097
326098
326099
326100
326101
326102
326103
326104
326105
326106
326107
326108
326109
326110
326111
326112
326113
326114
326115
326116
326117
326118
326119
326120
326121
326122
326123
326124
326125
326126
326127
326128
326129
326130
326131
326132
326133
326134
326135
326136
326137
326138
326139
326140
326141
326142
326143
326144
326145
326146
326147
326148
326149
326150
326151
326152
326153
326154
326155
326156
326157
326158
326159
326160
326161
326162
326163
326164
326165
326166
326167
326168
326169
326170
326171
326172
326173
326174
326175
326176
326177
326178
326179
326180
326181
326182
326183
326184
326185
326186
326187
326188
326189
326190
326191
326192
326193
326194
326195
326196
326197
326198
326199
326200
326201
326202
326203
326204
326205
326206
326207
326208
326209
326210
326211
326212
326213
326214
326215
326216
326217
326218
326219
326220
326221
326222
326223
326224
326225
326226
326227
326228
326229
326230
326231
326232
326233
326234
326235
326236
326237
326238
326239
326240
326241
326242
326243
326244
326245
326246
326247
326248
326249
326250
326251
326252
326253
326254
326255
326256
326257
326258
326259
326260
326261
326262
326263
326264
326265
326266
326267
326268
326269
326270
326271
326272
326273
326274
326275
326276
326277
326278
326279
326280
326281
326282
326283
326284
326285
326286
326287
326288
326289
326290
326291
326292
326293
326294
326295
326296
326297
326298
326299
326300
326301
326302
326303
326304
326305
326306
326307
326308
326309
326310
326311
326312
326313
326314
326315
326316
326317
326318
326319
326320
326321
326322
326323
326324
326325
326326
326327
326328
326329
326330
326331
326332
326333
326334
326335
326336
326337
326338
326339
326340
326341
326342
326343
326344
326345
326346
326347
326348
326349
326350
326351
326352
326353
326354
326355
326356
326357
326358
326359
326360
326361
326362
326363
326364
326365
326366
326367
326368
326369
326370
326371
326372
326373
326374
326375
326376
326377
326378
326379
326380
326381
326382
326383
326384
326385
326386
326387
326388
326389
326390
326391
326392
326393
326394
326395
326396
326397
326398
326399
326400
326401
326402
326403
326404
326405
326406
326407
326408
326409
326410
326411
326412
326413
326414
326415
326416
326417
326418
326419
326420
326421
326422
326423
326424
326425
326426
326427
326428
326429
326430
326431
326432
326433
326434
326435
326436
326437
326438
326439
326440
326441
326442
326443
326444
326445
326446
326447
326448
326449
326450
326451
326452
326453
326454
326455
326456
326457
326458
326459
326460
326461
326462
326463
326464
326465
326466
326467
326468
326469
326470
326471
326472
326473
326474
326475
326476
326477
326478
326479
326480
326481
326482
326483
326484
326485
326486
326487
326488
326489
326490
326491
326492
326493
326494
326495
326496
326497
326498
326499
326500
326501
326502
326503
326504
326505
326506
326507
326508
326509
326510
326511
326512
326513
326514
326515
326516
326517
326518
326519
326520
326521
326522
326523
326524
326525
326526
326527
326528
326529
326530
326531
326532
326533
326534
326535
326536
326537
326538
326539
326540
326541
326542
326543
326544
326545
326546
326547
326548
326549
326550
326551
326552
326553
326554
326555
326556
326557
326558
326559
326560
326561
326562
326563
326564
326565
326566
326567
326568
326569
326570
326571
326572
326573
326574
326575
326576
326577
326578
326579
326580
326581
326582
326583
326584
326585
326586
326587
326588
326589
326590
326591
326592
326593
326594
326595
326596
326597
326598
326599
326600
326601
326602
326603
326604
326605
326606
326607
326608
326609
326610
326611
326612
326613
326614
326615
326616
326617
326618
326619
326620
326621
326622
326623
326624
326625
326626
326627
326628
326629
326630
326631
326632
326633
326634
326635
326636
326637
326638
326639
326640
326641
326642
326643
326644
326645
326646
326647
326648
326649
326650
326651
326652
326653
326654
326655
326656
326657
326658
326659
326660
326661
326662
326663
326664
326665
326666
326667
326668
326669
326670
326671
326672
326673
326674
326675
326676
326677
326678
326679
326680
326681
326682
326683
326684
326685
326686
326687
326688
326689
326690
326691
326692
326693
326694
326695
326696
326697
326698
326699
326700
326701
326702
326703
326704
326705
326706
326707
326708
326709
326710
326711
326712
326713
326714
326715
326716
326717
326718
326719
326720
326721
326722
326723
326724
326725
326726
326727
326728
326729
326730
326731
326732
326733
326734
326735
326736
326737
326738
326739
326740
326741
326742
326743
326744
326745
326746
326747
326748
326749
326750
326751
326752
326753
326754
326755
326756
326757
326758
326759
326760
326761
326762
326763
326764
326765
326766
326767
326768
326769
326770
326771
326772
326773
326774
326775
326776
326777
326778
326779
326780
326781
326782
326783
326784
326785
326786
326787
326788
326789
326790
326791
326792
326793
326794
326795
326796
326797
326798
326799
326800
326801
326802
326803
326804
326805
326806
326807
326808
326809
326810
326811
326812
326813
326814
326815
326816
326817
326818
326819
326820
326821
326822
326823
326824
326825
326826
326827
326828
326829
326830
326831
326832
326833
326834
326835
326836
326837
326838
326839
326840
326841
326842
326843
326844
326845
326846
326847
326848
326849
326850
124800
124900
125000
125100
125200
125300
125400
125500
125600
125700
125800
125900
126000
126100
126200
126300
126400
126500
126600
126700
126800
126900
127000
127100
127200
127300
127400
127500
127600
127700
127800
127900
128000
128100
128200
128300
128400
128500
128600
128700
128800
128900
129000
129100
129200
129300
129400
129500
129600
129699
129602
129604
129606
129608
129610
129612
129614
129616
129618
129620
129622
129624
129626
129628
129630
129632
129634
129636
129638
129640
129642
129644
129646
129648
129650
129652
129654
129656
129658
129660
129662
129664
129666
129668
129670
129672
129674
129676
129678
129680
129682
129684
129686
129688
129690
129692
129694
129696
129698
129700
-109652
-109654
-109656
-109658
-109660
-109662
-109664
-109666
-109668
-109670
-109672
-109674
-109676
-109678
-109680
-109682
-109684
-109686
-109688
-109690
-109692
-109694
-109696
-109698
-109700
-109702
-109704
-109706
-109708
-109710
-109712
-109714
-109716
-109718
-109720
-109722
-109724
-109726
-109728
-109730
-109732
-109734
-109736
-109738
-109740
-109742
-109744
-109746
-109748
-109750
-119800
-119900
-120000
-120100
-120200
-120300
-120400
-120500
-120600
-120700
-120800
-120900
-121000
-121100
-121200
-121300
-121400
-121500
-121600
-121700
-121800
-121900
-122000
-122100
-122200
-122300
-122400
-122500
-122600
-122700
-122800
-122900
-123000
-123100
-123200
-123300
-123400
-123500
-123600
-123700
-123800
-123900
-124000
-124100
-124200
-124300
-124400
-124500
-124600
-124699
)


// ************************************************************************* //
