/*--------------------------------*- C++ -*----------------------------------*\
| =========                 |                                                 |
| \\      /  F ield         | OpenFOAM: The Open Source CFD Toolbox           |
|  \\    /   O peration     | Version:  v1906                                 |
|   \\  /    A nd           | Web:      www.OpenFOAM.com                      |
|    \\/     M anipulation  |                                                 |
\*---------------------------------------------------------------------------*/
FoamFile
{
    version     2.0;
    format      ascii;
    class       labelList;
    location    "constant/impp32/polyMesh";
    object      faceRegionAddressing;
}
// * * * * * * * * * * * * * * * * * * * * * * * * * * * * * * * * * * * * * //


10100
(
159551
159552
159553
159554
159555
159556
159557
159558
159559
159560
159561
159562
159563
159564
159565
159566
159567
159568
159569
159570
159571
159572
159573
159574
159575
159576
159577
159578
159579
159580
159581
159582
159583
159584
159585
159586
159587
159588
159589
159590
159591
159592
159593
159594
159595
159596
159597
159598
159599
159600
159601
159602
159603
159604
159605
159606
159607
159608
159609
159610
159611
159612
159613
159614
159615
159616
159617
159618
159619
159620
159621
159622
159623
159624
159625
159626
159627
159628
159629
159630
159631
159632
159633
159634
159635
159636
159637
159638
159639
159640
159641
159642
159643
159644
159645
159646
159647
159648
159649
159651
159652
159653
159654
159655
159656
159657
159658
159659
159660
159661
159662
159663
159664
159665
159666
159667
159668
159669
159670
159671
159672
159673
159674
159675
159676
159677
159678
159679
159680
159681
159682
159683
159684
159685
159686
159687
159688
159689
159690
159691
159692
159693
159694
159695
159696
159697
159698
159699
159700
159701
159702
159703
159704
159705
159706
159707
159708
159709
159710
159711
159712
159713
159714
159715
159716
159717
159718
159719
159720
159721
159722
159723
159724
159725
159726
159727
159728
159729
159730
159731
159732
159733
159734
159735
159736
159737
159738
159739
159740
159741
159742
159743
159744
159745
159746
159747
159748
159749
159751
159752
159753
159754
159755
159756
159757
159758
159759
159760
159761
159762
159763
159764
159765
159766
159767
159768
159769
159770
159771
159772
159773
159774
159775
159776
159777
159778
159779
159780
159781
159782
159783
159784
159785
159786
159787
159788
159789
159790
159791
159792
159793
159794
159795
159796
159797
159798
159799
159800
159801
159802
159803
159804
159805
159806
159807
159808
159809
159810
159811
159812
159813
159814
159815
159816
159817
159818
159819
159820
159821
159822
159823
159824
159825
159826
159827
159828
159829
159830
159831
159832
159833
159834
159835
159836
159837
159838
159839
159840
159841
159842
159843
159844
159845
159846
159847
159848
159849
159851
159852
159853
159854
159855
159856
159857
159858
159859
159860
159861
159862
159863
159864
159865
159866
159867
159868
159869
159870
159871
159872
159873
159874
159875
159876
159877
159878
159879
159880
159881
159882
159883
159884
159885
159886
159887
159888
159889
159890
159891
159892
159893
159894
159895
159896
159897
159898
159899
159900
159901
159902
159903
159904
159905
159906
159907
159908
159909
159910
159911
159912
159913
159914
159915
159916
159917
159918
159919
159920
159921
159922
159923
159924
159925
159926
159927
159928
159929
159930
159931
159932
159933
159934
159935
159936
159937
159938
159939
159940
159941
159942
159943
159944
159945
159946
159947
159948
159949
159951
159952
159953
159954
159955
159956
159957
159958
159959
159960
159961
159962
159963
159964
159965
159966
159967
159968
159969
159970
159971
159972
159973
159974
159975
159976
159977
159978
159979
159980
159981
159982
159983
159984
159985
159986
159987
159988
159989
159990
159991
159992
159993
159994
159995
159996
159997
159998
159999
160000
160001
160002
160003
160004
160005
160006
160007
160008
160009
160010
160011
160012
160013
160014
160015
160016
160017
160018
160019
160020
160021
160022
160023
160024
160025
160026
160027
160028
160029
160030
160031
160032
160033
160034
160035
160036
160037
160038
160039
160040
160041
160042
160043
160044
160045
160046
160047
160048
160049
160051
160052
160053
160054
160055
160056
160057
160058
160059
160060
160061
160062
160063
160064
160065
160066
160067
160068
160069
160070
160071
160072
160073
160074
160075
160076
160077
160078
160079
160080
160081
160082
160083
160084
160085
160086
160087
160088
160089
160090
160091
160092
160093
160094
160095
160096
160097
160098
160099
160100
160101
160102
160103
160104
160105
160106
160107
160108
160109
160110
160111
160112
160113
160114
160115
160116
160117
160118
160119
160120
160121
160122
160123
160124
160125
160126
160127
160128
160129
160130
160131
160132
160133
160134
160135
160136
160137
160138
160139
160140
160141
160142
160143
160144
160145
160146
160147
160148
160149
160151
160152
160153
160154
160155
160156
160157
160158
160159
160160
160161
160162
160163
160164
160165
160166
160167
160168
160169
160170
160171
160172
160173
160174
160175
160176
160177
160178
160179
160180
160181
160182
160183
160184
160185
160186
160187
160188
160189
160190
160191
160192
160193
160194
160195
160196
160197
160198
160199
160200
160201
160202
160203
160204
160205
160206
160207
160208
160209
160210
160211
160212
160213
160214
160215
160216
160217
160218
160219
160220
160221
160222
160223
160224
160225
160226
160227
160228
160229
160230
160231
160232
160233
160234
160235
160236
160237
160238
160239
160240
160241
160242
160243
160244
160245
160246
160247
160248
160249
160251
160252
160253
160254
160255
160256
160257
160258
160259
160260
160261
160262
160263
160264
160265
160266
160267
160268
160269
160270
160271
160272
160273
160274
160275
160276
160277
160278
160279
160280
160281
160282
160283
160284
160285
160286
160287
160288
160289
160290
160291
160292
160293
160294
160295
160296
160297
160298
160299
160300
160301
160302
160303
160304
160305
160306
160307
160308
160309
160310
160311
160312
160313
160314
160315
160316
160317
160318
160319
160320
160321
160322
160323
160324
160325
160326
160327
160328
160329
160330
160331
160332
160333
160334
160335
160336
160337
160338
160339
160340
160341
160342
160343
160344
160345
160346
160347
160348
160349
160351
160352
160353
160354
160355
160356
160357
160358
160359
160360
160361
160362
160363
160364
160365
160366
160367
160368
160369
160370
160371
160372
160373
160374
160375
160376
160377
160378
160379
160380
160381
160382
160383
160384
160385
160386
160387
160388
160389
160390
160391
160392
160393
160394
160395
160396
160397
160398
160399
160400
160401
160402
160403
160404
160405
160406
160407
160408
160409
160410
160411
160412
160413
160414
160415
160416
160417
160418
160419
160420
160421
160422
160423
160424
160425
160426
160427
160428
160429
160430
160431
160432
160433
160434
160435
160436
160437
160438
160439
160440
160441
160442
160443
160444
160445
160446
160447
160448
160449
160451
160452
160453
160454
160455
160456
160457
160458
160459
160460
160461
160462
160463
160464
160465
160466
160467
160468
160469
160470
160471
160472
160473
160474
160475
160476
160477
160478
160479
160480
160481
160482
160483
160484
160485
160486
160487
160488
160489
160490
160491
160492
160493
160494
160495
160496
160497
160498
160499
160500
160501
160502
160503
160504
160505
160506
160507
160508
160509
160510
160511
160512
160513
160514
160515
160516
160517
160518
160519
160520
160521
160522
160523
160524
160525
160526
160527
160528
160529
160530
160531
160532
160533
160534
160535
160536
160537
160538
160539
160540
160541
160542
160543
160544
160545
160546
160547
160548
160549
160551
160552
160553
160554
160555
160556
160557
160558
160559
160560
160561
160562
160563
160564
160565
160566
160567
160568
160569
160570
160571
160572
160573
160574
160575
160576
160577
160578
160579
160580
160581
160582
160583
160584
160585
160586
160587
160588
160589
160590
160591
160592
160593
160594
160595
160596
160597
160598
160599
160600
160601
160602
160603
160604
160605
160606
160607
160608
160609
160610
160611
160612
160613
160614
160615
160616
160617
160618
160619
160620
160621
160622
160623
160624
160625
160626
160627
160628
160629
160630
160631
160632
160633
160634
160635
160636
160637
160638
160639
160640
160641
160642
160643
160644
160645
160646
160647
160648
160649
160651
160652
160653
160654
160655
160656
160657
160658
160659
160660
160661
160662
160663
160664
160665
160666
160667
160668
160669
160670
160671
160672
160673
160674
160675
160676
160677
160678
160679
160680
160681
160682
160683
160684
160685
160686
160687
160688
160689
160690
160691
160692
160693
160694
160695
160696
160697
160698
160699
160700
160701
160702
160703
160704
160705
160706
160707
160708
160709
160710
160711
160712
160713
160714
160715
160716
160717
160718
160719
160720
160721
160722
160723
160724
160725
160726
160727
160728
160729
160730
160731
160732
160733
160734
160735
160736
160737
160738
160739
160740
160741
160742
160743
160744
160745
160746
160747
160748
160749
160751
160752
160753
160754
160755
160756
160757
160758
160759
160760
160761
160762
160763
160764
160765
160766
160767
160768
160769
160770
160771
160772
160773
160774
160775
160776
160777
160778
160779
160780
160781
160782
160783
160784
160785
160786
160787
160788
160789
160790
160791
160792
160793
160794
160795
160796
160797
160798
160799
160800
160801
160802
160803
160804
160805
160806
160807
160808
160809
160810
160811
160812
160813
160814
160815
160816
160817
160818
160819
160820
160821
160822
160823
160824
160825
160826
160827
160828
160829
160830
160831
160832
160833
160834
160835
160836
160837
160838
160839
160840
160841
160842
160843
160844
160845
160846
160847
160848
160849
160851
160852
160853
160854
160855
160856
160857
160858
160859
160860
160861
160862
160863
160864
160865
160866
160867
160868
160869
160870
160871
160872
160873
160874
160875
160876
160877
160878
160879
160880
160881
160882
160883
160884
160885
160886
160887
160888
160889
160890
160891
160892
160893
160894
160895
160896
160897
160898
160899
160900
160901
160902
160903
160904
160905
160906
160907
160908
160909
160910
160911
160912
160913
160914
160915
160916
160917
160918
160919
160920
160921
160922
160923
160924
160925
160926
160927
160928
160929
160930
160931
160932
160933
160934
160935
160936
160937
160938
160939
160940
160941
160942
160943
160944
160945
160946
160947
160948
160949
160951
160952
160953
160954
160955
160956
160957
160958
160959
160960
160961
160962
160963
160964
160965
160966
160967
160968
160969
160970
160971
160972
160973
160974
160975
160976
160977
160978
160979
160980
160981
160982
160983
160984
160985
160986
160987
160988
160989
160990
160991
160992
160993
160994
160995
160996
160997
160998
160999
161000
161001
161002
161003
161004
161005
161006
161007
161008
161009
161010
161011
161012
161013
161014
161015
161016
161017
161018
161019
161020
161021
161022
161023
161024
161025
161026
161027
161028
161029
161030
161031
161032
161033
161034
161035
161036
161037
161038
161039
161040
161041
161042
161043
161044
161045
161046
161047
161048
161049
161051
161052
161053
161054
161055
161056
161057
161058
161059
161060
161061
161062
161063
161064
161065
161066
161067
161068
161069
161070
161071
161072
161073
161074
161075
161076
161077
161078
161079
161080
161081
161082
161083
161084
161085
161086
161087
161088
161089
161090
161091
161092
161093
161094
161095
161096
161097
161098
161099
161100
161101
161102
161103
161104
161105
161106
161107
161108
161109
161110
161111
161112
161113
161114
161115
161116
161117
161118
161119
161120
161121
161122
161123
161124
161125
161126
161127
161128
161129
161130
161131
161132
161133
161134
161135
161136
161137
161138
161139
161140
161141
161142
161143
161144
161145
161146
161147
161148
161149
161151
161152
161153
161154
161155
161156
161157
161158
161159
161160
161161
161162
161163
161164
161165
161166
161167
161168
161169
161170
161171
161172
161173
161174
161175
161176
161177
161178
161179
161180
161181
161182
161183
161184
161185
161186
161187
161188
161189
161190
161191
161192
161193
161194
161195
161196
161197
161198
161199
161200
161201
161202
161203
161204
161205
161206
161207
161208
161209
161210
161211
161212
161213
161214
161215
161216
161217
161218
161219
161220
161221
161222
161223
161224
161225
161226
161227
161228
161229
161230
161231
161232
161233
161234
161235
161236
161237
161238
161239
161240
161241
161242
161243
161244
161245
161246
161247
161248
161249
161251
161252
161253
161254
161255
161256
161257
161258
161259
161260
161261
161262
161263
161264
161265
161266
161267
161268
161269
161270
161271
161272
161273
161274
161275
161276
161277
161278
161279
161280
161281
161282
161283
161284
161285
161286
161287
161288
161289
161290
161291
161292
161293
161294
161295
161296
161297
161298
161299
161300
161301
161302
161303
161304
161305
161306
161307
161308
161309
161310
161311
161312
161313
161314
161315
161316
161317
161318
161319
161320
161321
161322
161323
161324
161325
161326
161327
161328
161329
161330
161331
161332
161333
161334
161335
161336
161337
161338
161339
161340
161341
161342
161343
161344
161345
161346
161347
161348
161349
161351
161352
161353
161354
161355
161356
161357
161358
161359
161360
161361
161362
161363
161364
161365
161366
161367
161368
161369
161370
161371
161372
161373
161374
161375
161376
161377
161378
161379
161380
161381
161382
161383
161384
161385
161386
161387
161388
161389
161390
161391
161392
161393
161394
161395
161396
161397
161398
161399
161400
161401
161402
161403
161404
161405
161406
161407
161408
161409
161410
161411
161412
161413
161414
161415
161416
161417
161418
161419
161420
161421
161422
161423
161424
161425
161426
161427
161428
161429
161430
161431
161432
161433
161434
161435
161436
161437
161438
161439
161440
161441
161442
161443
161444
161445
161446
161447
161448
161449
161451
161452
161453
161454
161455
161456
161457
161458
161459
161460
161461
161462
161463
161464
161465
161466
161467
161468
161469
161470
161471
161472
161473
161474
161475
161476
161477
161478
161479
161480
161481
161482
161483
161484
161485
161486
161487
161488
161489
161490
161491
161492
161493
161494
161495
161496
161497
161498
161499
161500
161501
161502
161503
161504
161505
161506
161507
161508
161509
161510
161511
161512
161513
161514
161515
161516
161517
161518
161519
161520
161521
161522
161523
161524
161525
161526
161527
161528
161529
161530
161531
161532
161533
161534
161535
161536
161537
161538
161539
161540
161541
161542
161543
161544
161545
161546
161547
161548
161549
161551
161552
161553
161554
161555
161556
161557
161558
161559
161560
161561
161562
161563
161564
161565
161566
161567
161568
161569
161570
161571
161572
161573
161574
161575
161576
161577
161578
161579
161580
161581
161582
161583
161584
161585
161586
161587
161588
161589
161590
161591
161592
161593
161594
161595
161596
161597
161598
161599
161600
161601
161602
161603
161604
161605
161606
161607
161608
161609
161610
161611
161612
161613
161614
161615
161616
161617
161618
161619
161620
161621
161622
161623
161624
161625
161626
161627
161628
161629
161630
161631
161632
161633
161634
161635
161636
161637
161638
161639
161640
161641
161642
161643
161644
161645
161646
161647
161648
161649
161651
161652
161653
161654
161655
161656
161657
161658
161659
161660
161661
161662
161663
161664
161665
161666
161667
161668
161669
161670
161671
161672
161673
161674
161675
161676
161677
161678
161679
161680
161681
161682
161683
161684
161685
161686
161687
161688
161689
161690
161691
161692
161693
161694
161695
161696
161697
161698
161699
161700
161701
161702
161703
161704
161705
161706
161707
161708
161709
161710
161711
161712
161713
161714
161715
161716
161717
161718
161719
161720
161721
161722
161723
161724
161725
161726
161727
161728
161729
161730
161731
161732
161733
161734
161735
161736
161737
161738
161739
161740
161741
161742
161743
161744
161745
161746
161747
161748
161749
161751
161752
161753
161754
161755
161756
161757
161758
161759
161760
161761
161762
161763
161764
161765
161766
161767
161768
161769
161770
161771
161772
161773
161774
161775
161776
161777
161778
161779
161780
161781
161782
161783
161784
161785
161786
161787
161788
161789
161790
161791
161792
161793
161794
161795
161796
161797
161798
161799
161800
161801
161802
161803
161804
161805
161806
161807
161808
161809
161810
161811
161812
161813
161814
161815
161816
161817
161818
161819
161820
161821
161822
161823
161824
161825
161826
161827
161828
161829
161830
161831
161832
161833
161834
161835
161836
161837
161838
161839
161840
161841
161842
161843
161844
161845
161846
161847
161848
161849
161851
161852
161853
161854
161855
161856
161857
161858
161859
161860
161861
161862
161863
161864
161865
161866
161867
161868
161869
161870
161871
161872
161873
161874
161875
161876
161877
161878
161879
161880
161881
161882
161883
161884
161885
161886
161887
161888
161889
161890
161891
161892
161893
161894
161895
161896
161897
161898
161899
161900
161901
161902
161903
161904
161905
161906
161907
161908
161909
161910
161911
161912
161913
161914
161915
161916
161917
161918
161919
161920
161921
161922
161923
161924
161925
161926
161927
161928
161929
161930
161931
161932
161933
161934
161935
161936
161937
161938
161939
161940
161941
161942
161943
161944
161945
161946
161947
161948
161949
161951
161952
161953
161954
161955
161956
161957
161958
161959
161960
161961
161962
161963
161964
161965
161966
161967
161968
161969
161970
161971
161972
161973
161974
161975
161976
161977
161978
161979
161980
161981
161982
161983
161984
161985
161986
161987
161988
161989
161990
161991
161992
161993
161994
161995
161996
161997
161998
161999
162000
162001
162002
162003
162004
162005
162006
162007
162008
162009
162010
162011
162012
162013
162014
162015
162016
162017
162018
162019
162020
162021
162022
162023
162024
162025
162026
162027
162028
162029
162030
162031
162032
162033
162034
162035
162036
162037
162038
162039
162040
162041
162042
162043
162044
162045
162046
162047
162048
162049
162051
162052
162053
162054
162055
162056
162057
162058
162059
162060
162061
162062
162063
162064
162065
162066
162067
162068
162069
162070
162071
162072
162073
162074
162075
162076
162077
162078
162079
162080
162081
162082
162083
162084
162085
162086
162087
162088
162089
162090
162091
162092
162093
162094
162095
162096
162097
162098
162099
162100
162101
162102
162103
162104
162105
162106
162107
162108
162109
162110
162111
162112
162113
162114
162115
162116
162117
162118
162119
162120
162121
162122
162123
162124
162125
162126
162127
162128
162129
162130
162131
162132
162133
162134
162135
162136
162137
162138
162139
162140
162141
162142
162143
162144
162145
162146
162147
162148
162149
162151
162152
162153
162154
162155
162156
162157
162158
162159
162160
162161
162162
162163
162164
162165
162166
162167
162168
162169
162170
162171
162172
162173
162174
162175
162176
162177
162178
162179
162180
162181
162182
162183
162184
162185
162186
162187
162188
162189
162190
162191
162192
162193
162194
162195
162196
162197
162198
162199
162200
162201
162202
162203
162204
162205
162206
162207
162208
162209
162210
162211
162212
162213
162214
162215
162216
162217
162218
162219
162220
162221
162222
162223
162224
162225
162226
162227
162228
162229
162230
162231
162232
162233
162234
162235
162236
162237
162238
162239
162240
162241
162242
162243
162244
162245
162246
162247
162248
162249
162251
162252
162253
162254
162255
162256
162257
162258
162259
162260
162261
162262
162263
162264
162265
162266
162267
162268
162269
162270
162271
162272
162273
162274
162275
162276
162277
162278
162279
162280
162281
162282
162283
162284
162285
162286
162287
162288
162289
162290
162291
162292
162293
162294
162295
162296
162297
162298
162299
162300
162301
162302
162303
162304
162305
162306
162307
162308
162309
162310
162311
162312
162313
162314
162315
162316
162317
162318
162319
162320
162321
162322
162323
162324
162325
162326
162327
162328
162329
162330
162331
162332
162333
162334
162335
162336
162337
162338
162339
162340
162341
162342
162343
162344
162345
162346
162347
162348
162349
162351
162352
162353
162354
162355
162356
162357
162358
162359
162360
162361
162362
162363
162364
162365
162366
162367
162368
162369
162370
162371
162372
162373
162374
162375
162376
162377
162378
162379
162380
162381
162382
162383
162384
162385
162386
162387
162388
162389
162390
162391
162392
162393
162394
162395
162396
162397
162398
162399
162400
162401
162402
162403
162404
162405
162406
162407
162408
162409
162410
162411
162412
162413
162414
162415
162416
162417
162418
162419
162420
162421
162422
162423
162424
162425
162426
162427
162428
162429
162430
162431
162432
162433
162434
162435
162436
162437
162438
162439
162440
162441
162442
162443
162444
162445
162446
162447
162448
162449
162451
162452
162453
162454
162455
162456
162457
162458
162459
162460
162461
162462
162463
162464
162465
162466
162467
162468
162469
162470
162471
162472
162473
162474
162475
162476
162477
162478
162479
162480
162481
162482
162483
162484
162485
162486
162487
162488
162489
162490
162491
162492
162493
162494
162495
162496
162497
162498
162499
162500
162501
162502
162503
162504
162505
162506
162507
162508
162509
162510
162511
162512
162513
162514
162515
162516
162517
162518
162519
162520
162521
162522
162523
162524
162525
162526
162527
162528
162529
162530
162531
162532
162533
162534
162535
162536
162537
162538
162539
162540
162541
162542
162543
162544
162545
162546
162547
162548
162549
162551
162552
162553
162554
162555
162556
162557
162558
162559
162560
162561
162562
162563
162564
162565
162566
162567
162568
162569
162570
162571
162572
162573
162574
162575
162576
162577
162578
162579
162580
162581
162582
162583
162584
162585
162586
162587
162588
162589
162590
162591
162592
162593
162594
162595
162596
162597
162598
162599
162600
162601
162602
162603
162604
162605
162606
162607
162608
162609
162610
162611
162612
162613
162614
162615
162616
162617
162618
162619
162620
162621
162622
162623
162624
162625
162626
162627
162628
162629
162630
162631
162632
162633
162634
162635
162636
162637
162638
162639
162640
162641
162642
162643
162644
162645
162646
162647
162648
162649
162651
162652
162653
162654
162655
162656
162657
162658
162659
162660
162661
162662
162663
162664
162665
162666
162667
162668
162669
162670
162671
162672
162673
162674
162675
162676
162677
162678
162679
162680
162681
162682
162683
162684
162685
162686
162687
162688
162689
162690
162691
162692
162693
162694
162695
162696
162697
162698
162699
162700
162701
162702
162703
162704
162705
162706
162707
162708
162709
162710
162711
162712
162713
162714
162715
162716
162717
162718
162719
162720
162721
162722
162723
162724
162725
162726
162727
162728
162729
162730
162731
162732
162733
162734
162735
162736
162737
162738
162739
162740
162741
162742
162743
162744
162745
162746
162747
162748
162749
162751
162752
162753
162754
162755
162756
162757
162758
162759
162760
162761
162762
162763
162764
162765
162766
162767
162768
162769
162770
162771
162772
162773
162774
162775
162776
162777
162778
162779
162780
162781
162782
162783
162784
162785
162786
162787
162788
162789
162790
162791
162792
162793
162794
162795
162796
162797
162798
162799
162800
162801
162802
162803
162804
162805
162806
162807
162808
162809
162810
162811
162812
162813
162814
162815
162816
162817
162818
162819
162820
162821
162822
162823
162824
162825
162826
162827
162828
162829
162830
162831
162832
162833
162834
162835
162836
162837
162838
162839
162840
162841
162842
162843
162844
162845
162846
162847
162848
162849
162851
162852
162853
162854
162855
162856
162857
162858
162859
162860
162861
162862
162863
162864
162865
162866
162867
162868
162869
162870
162871
162872
162873
162874
162875
162876
162877
162878
162879
162880
162881
162882
162883
162884
162885
162886
162887
162888
162889
162890
162891
162892
162893
162894
162895
162896
162897
162898
162899
162900
162901
162902
162903
162904
162905
162906
162907
162908
162909
162910
162911
162912
162913
162914
162915
162916
162917
162918
162919
162920
162921
162922
162923
162924
162925
162926
162927
162928
162929
162930
162931
162932
162933
162934
162935
162936
162937
162938
162939
162940
162941
162942
162943
162944
162945
162946
162947
162948
162949
162951
162952
162953
162954
162955
162956
162957
162958
162959
162960
162961
162962
162963
162964
162965
162966
162967
162968
162969
162970
162971
162972
162973
162974
162975
162976
162977
162978
162979
162980
162981
162982
162983
162984
162985
162986
162987
162988
162989
162990
162991
162992
162993
162994
162995
162996
162997
162998
162999
163000
163001
163002
163003
163004
163005
163006
163007
163008
163009
163010
163011
163012
163013
163014
163015
163016
163017
163018
163019
163020
163021
163022
163023
163024
163025
163026
163027
163028
163029
163030
163031
163032
163033
163034
163035
163036
163037
163038
163039
163040
163041
163042
163043
163044
163045
163046
163047
163048
163049
163051
163052
163053
163054
163055
163056
163057
163058
163059
163060
163061
163062
163063
163064
163065
163066
163067
163068
163069
163070
163071
163072
163073
163074
163075
163076
163077
163078
163079
163080
163081
163082
163083
163084
163085
163086
163087
163088
163089
163090
163091
163092
163093
163094
163095
163096
163097
163098
163099
163100
163101
163102
163103
163104
163105
163106
163107
163108
163109
163110
163111
163112
163113
163114
163115
163116
163117
163118
163119
163120
163121
163122
163123
163124
163125
163126
163127
163128
163129
163130
163131
163132
163133
163134
163135
163136
163137
163138
163139
163140
163141
163142
163143
163144
163145
163146
163147
163148
163149
163151
163152
163153
163154
163155
163156
163157
163158
163159
163160
163161
163162
163163
163164
163165
163166
163167
163168
163169
163170
163171
163172
163173
163174
163175
163176
163177
163178
163179
163180
163181
163182
163183
163184
163185
163186
163187
163188
163189
163190
163191
163192
163193
163194
163195
163196
163197
163198
163199
163200
163201
163202
163203
163204
163205
163206
163207
163208
163209
163210
163211
163212
163213
163214
163215
163216
163217
163218
163219
163220
163221
163222
163223
163224
163225
163226
163227
163228
163229
163230
163231
163232
163233
163234
163235
163236
163237
163238
163239
163240
163241
163242
163243
163244
163245
163246
163247
163248
163249
163251
163252
163253
163254
163255
163256
163257
163258
163259
163260
163261
163262
163263
163264
163265
163266
163267
163268
163269
163270
163271
163272
163273
163274
163275
163276
163277
163278
163279
163280
163281
163282
163283
163284
163285
163286
163287
163288
163289
163290
163291
163292
163293
163294
163295
163296
163297
163298
163299
163300
163301
163302
163303
163304
163305
163306
163307
163308
163309
163310
163311
163312
163313
163314
163315
163316
163317
163318
163319
163320
163321
163322
163323
163324
163325
163326
163327
163328
163329
163330
163331
163332
163333
163334
163335
163336
163337
163338
163339
163340
163341
163342
163343
163344
163345
163346
163347
163348
163349
163351
163352
163353
163354
163355
163356
163357
163358
163359
163360
163361
163362
163363
163364
163365
163366
163367
163368
163369
163370
163371
163372
163373
163374
163375
163376
163377
163378
163379
163380
163381
163382
163383
163384
163385
163386
163387
163388
163389
163390
163391
163392
163393
163394
163395
163396
163397
163398
163399
163400
163401
163402
163403
163404
163405
163406
163407
163408
163409
163410
163411
163412
163413
163414
163415
163416
163417
163418
163419
163420
163421
163422
163423
163424
163425
163426
163427
163428
163429
163430
163431
163432
163433
163434
163435
163436
163437
163438
163439
163440
163441
163442
163443
163444
163445
163446
163447
163448
163449
163451
163452
163453
163454
163455
163456
163457
163458
163459
163460
163461
163462
163463
163464
163465
163466
163467
163468
163469
163470
163471
163472
163473
163474
163475
163476
163477
163478
163479
163480
163481
163482
163483
163484
163485
163486
163487
163488
163489
163490
163491
163492
163493
163494
163495
163496
163497
163498
163499
163500
163501
163502
163503
163504
163505
163506
163507
163508
163509
163510
163511
163512
163513
163514
163515
163516
163517
163518
163519
163520
163521
163522
163523
163524
163525
163526
163527
163528
163529
163530
163531
163532
163533
163534
163535
163536
163537
163538
163539
163540
163541
163542
163543
163544
163545
163546
163547
163548
163549
163551
163552
163553
163554
163555
163556
163557
163558
163559
163560
163561
163562
163563
163564
163565
163566
163567
163568
163569
163570
163571
163572
163573
163574
163575
163576
163577
163578
163579
163580
163581
163582
163583
163584
163585
163586
163587
163588
163589
163590
163591
163592
163593
163594
163595
163596
163597
163598
163599
163600
163601
163602
163603
163604
163605
163606
163607
163608
163609
163610
163611
163612
163613
163614
163615
163616
163617
163618
163619
163620
163621
163622
163623
163624
163625
163626
163627
163628
163629
163630
163631
163632
163633
163634
163635
163636
163637
163638
163639
163640
163641
163642
163643
163644
163645
163646
163647
163648
163649
163651
163652
163653
163654
163655
163656
163657
163658
163659
163660
163661
163662
163663
163664
163665
163666
163667
163668
163669
163670
163671
163672
163673
163674
163675
163676
163677
163678
163679
163680
163681
163682
163683
163684
163685
163686
163687
163688
163689
163690
163691
163692
163693
163694
163695
163696
163697
163698
163699
163700
163701
163702
163703
163704
163705
163706
163707
163708
163709
163710
163711
163712
163713
163714
163715
163716
163717
163718
163719
163720
163721
163722
163723
163724
163725
163726
163727
163728
163729
163730
163731
163732
163733
163734
163735
163736
163737
163738
163739
163740
163741
163742
163743
163744
163745
163746
163747
163748
163749
163751
163752
163753
163754
163755
163756
163757
163758
163759
163760
163761
163762
163763
163764
163765
163766
163767
163768
163769
163770
163771
163772
163773
163774
163775
163776
163777
163778
163779
163780
163781
163782
163783
163784
163785
163786
163787
163788
163789
163790
163791
163792
163793
163794
163795
163796
163797
163798
163799
163800
163801
163802
163803
163804
163805
163806
163807
163808
163809
163810
163811
163812
163813
163814
163815
163816
163817
163818
163819
163820
163821
163822
163823
163824
163825
163826
163827
163828
163829
163830
163831
163832
163833
163834
163835
163836
163837
163838
163839
163840
163841
163842
163843
163844
163845
163846
163847
163848
163849
163851
163852
163853
163854
163855
163856
163857
163858
163859
163860
163861
163862
163863
163864
163865
163866
163867
163868
163869
163870
163871
163872
163873
163874
163875
163876
163877
163878
163879
163880
163881
163882
163883
163884
163885
163886
163887
163888
163889
163890
163891
163892
163893
163894
163895
163896
163897
163898
163899
163900
163901
163902
163903
163904
163905
163906
163907
163908
163909
163910
163911
163912
163913
163914
163915
163916
163917
163918
163919
163920
163921
163922
163923
163924
163925
163926
163927
163928
163929
163930
163931
163932
163933
163934
163935
163936
163937
163938
163939
163940
163941
163942
163943
163944
163945
163946
163947
163948
163949
163951
163952
163953
163954
163955
163956
163957
163958
163959
163960
163961
163962
163963
163964
163965
163966
163967
163968
163969
163970
163971
163972
163973
163974
163975
163976
163977
163978
163979
163980
163981
163982
163983
163984
163985
163986
163987
163988
163989
163990
163991
163992
163993
163994
163995
163996
163997
163998
163999
164000
164001
164002
164003
164004
164005
164006
164007
164008
164009
164010
164011
164012
164013
164014
164015
164016
164017
164018
164019
164020
164021
164022
164023
164024
164025
164026
164027
164028
164029
164030
164031
164032
164033
164034
164035
164036
164037
164038
164039
164040
164041
164042
164043
164044
164045
164046
164047
164048
164049
164051
164052
164053
164054
164055
164056
164057
164058
164059
164060
164061
164062
164063
164064
164065
164066
164067
164068
164069
164070
164071
164072
164073
164074
164075
164076
164077
164078
164079
164080
164081
164082
164083
164084
164085
164086
164087
164088
164089
164090
164091
164092
164093
164094
164095
164096
164097
164098
164099
164100
164101
164102
164103
164104
164105
164106
164107
164108
164109
164110
164111
164112
164113
164114
164115
164116
164117
164118
164119
164120
164121
164122
164123
164124
164125
164126
164127
164128
164129
164130
164131
164132
164133
164134
164135
164136
164137
164138
164139
164140
164141
164142
164143
164144
164145
164146
164147
164148
164149
164151
164152
164153
164154
164155
164156
164157
164158
164159
164160
164161
164162
164163
164164
164165
164166
164167
164168
164169
164170
164171
164172
164173
164174
164175
164176
164177
164178
164179
164180
164181
164182
164183
164184
164185
164186
164187
164188
164189
164190
164191
164192
164193
164194
164195
164196
164197
164198
164199
164200
164201
164202
164203
164204
164205
164206
164207
164208
164209
164210
164211
164212
164213
164214
164215
164216
164217
164218
164219
164220
164221
164222
164223
164224
164225
164226
164227
164228
164229
164230
164231
164232
164233
164234
164235
164236
164237
164238
164239
164240
164241
164242
164243
164244
164245
164246
164247
164248
164249
164251
164252
164253
164254
164255
164256
164257
164258
164259
164260
164261
164262
164263
164264
164265
164266
164267
164268
164269
164270
164271
164272
164273
164274
164275
164276
164277
164278
164279
164280
164281
164282
164283
164284
164285
164286
164287
164288
164289
164290
164291
164292
164293
164294
164295
164296
164297
164298
164299
164300
164301
164302
164303
164304
164305
164306
164307
164308
164309
164310
164311
164312
164313
164314
164315
164316
164317
164318
164319
164320
164321
164322
164323
164324
164325
164326
164327
164328
164329
164330
164331
164332
164333
164334
164335
164336
164337
164338
164339
164340
164341
164342
164343
164344
164345
164346
164347
164348
164349
164351
164352
164353
164354
164355
164356
164357
164358
164359
164360
164361
164362
164363
164364
164365
164366
164367
164368
164369
164370
164371
164372
164373
164374
164375
164376
164377
164378
164379
164380
164381
164382
164383
164384
164385
164386
164387
164388
164389
164390
164391
164392
164393
164394
164395
164396
164397
164398
164399
164400
164401
164402
164403
164404
164405
164406
164407
164408
164409
164410
164411
164412
164413
164414
164415
164416
164417
164418
164419
164420
164421
164422
164423
164424
164425
164426
164427
164428
164429
164430
164431
164432
164433
164434
164435
164436
164437
164438
164439
164440
164441
164442
164443
164444
164445
164446
164447
164448
164449
164451
164452
164453
164454
164455
164456
164457
164458
164459
164460
164461
164462
164463
164464
164465
164466
164467
164468
164469
164470
164471
164472
164473
164474
164475
164476
164477
164478
164479
164480
164481
164482
164483
164484
164485
164486
164487
164488
164489
164490
164491
164492
164493
164494
164495
164496
164497
164498
164499
254351
254352
254353
254354
254355
254356
254357
254358
254359
254360
254361
254362
254363
254364
254365
254366
254367
254368
254369
254370
254371
254372
254373
254374
254375
254376
254377
254378
254379
254380
254381
254382
254383
254384
254385
254386
254387
254388
254389
254390
254391
254392
254393
254394
254395
254396
254397
254398
254399
254400
254401
254402
254403
254404
254405
254406
254407
254408
254409
254410
254411
254412
254413
254414
254415
254416
254417
254418
254419
254420
254421
254422
254423
254424
254425
254426
254427
254428
254429
254430
254431
254432
254433
254434
254435
254436
254437
254438
254439
254440
254441
254442
254443
254444
254445
254446
254447
254448
254449
254450
254451
254452
254453
254454
254455
254456
254457
254458
254459
254460
254461
254462
254463
254464
254465
254466
254467
254468
254469
254470
254471
254472
254473
254474
254475
254476
254477
254478
254479
254480
254481
254482
254483
254484
254485
254486
254487
254488
254489
254490
254491
254492
254493
254494
254495
254496
254497
254498
254499
254500
254501
254502
254503
254504
254505
254506
254507
254508
254509
254510
254511
254512
254513
254514
254515
254516
254517
254518
254519
254520
254521
254522
254523
254524
254525
254526
254527
254528
254529
254530
254531
254532
254533
254534
254535
254536
254537
254538
254539
254540
254541
254542
254543
254544
254545
254546
254547
254548
254549
254550
254551
254552
254553
254554
254555
254556
254557
254558
254559
254560
254561
254562
254563
254564
254565
254566
254567
254568
254569
254570
254571
254572
254573
254574
254575
254576
254577
254578
254579
254580
254581
254582
254583
254584
254585
254586
254587
254588
254589
254590
254591
254592
254593
254594
254595
254596
254597
254598
254599
254600
254601
254602
254603
254604
254605
254606
254607
254608
254609
254610
254611
254612
254613
254614
254615
254616
254617
254618
254619
254620
254621
254622
254623
254624
254625
254626
254627
254628
254629
254630
254631
254632
254633
254634
254635
254636
254637
254638
254639
254640
254641
254642
254643
254644
254645
254646
254647
254648
254649
254650
254651
254652
254653
254654
254655
254656
254657
254658
254659
254660
254661
254662
254663
254664
254665
254666
254667
254668
254669
254670
254671
254672
254673
254674
254675
254676
254677
254678
254679
254680
254681
254682
254683
254684
254685
254686
254687
254688
254689
254690
254691
254692
254693
254694
254695
254696
254697
254698
254699
254700
254701
254702
254703
254704
254705
254706
254707
254708
254709
254710
254711
254712
254713
254714
254715
254716
254717
254718
254719
254720
254721
254722
254723
254724
254725
254726
254727
254728
254729
254730
254731
254732
254733
254734
254735
254736
254737
254738
254739
254740
254741
254742
254743
254744
254745
254746
254747
254748
254749
254750
254751
254752
254753
254754
254755
254756
254757
254758
254759
254760
254761
254762
254763
254764
254765
254766
254767
254768
254769
254770
254771
254772
254773
254774
254775
254776
254777
254778
254779
254780
254781
254782
254783
254784
254785
254786
254787
254788
254789
254790
254791
254792
254793
254794
254795
254796
254797
254798
254799
254800
254801
254802
254803
254804
254805
254806
254807
254808
254809
254810
254811
254812
254813
254814
254815
254816
254817
254818
254819
254820
254821
254822
254823
254824
254825
254826
254827
254828
254829
254830
254831
254832
254833
254834
254835
254836
254837
254838
254839
254840
254841
254842
254843
254844
254845
254846
254847
254848
254849
254850
254851
254852
254853
254854
254855
254856
254857
254858
254859
254860
254861
254862
254863
254864
254865
254866
254867
254868
254869
254870
254871
254872
254873
254874
254875
254876
254877
254878
254879
254880
254881
254882
254883
254884
254885
254886
254887
254888
254889
254890
254891
254892
254893
254894
254895
254896
254897
254898
254899
254900
254901
254902
254903
254904
254905
254906
254907
254908
254909
254910
254911
254912
254913
254914
254915
254916
254917
254918
254919
254920
254921
254922
254923
254924
254925
254926
254927
254928
254929
254930
254931
254932
254933
254934
254935
254936
254937
254938
254939
254940
254941
254942
254943
254944
254945
254946
254947
254948
254949
254950
254951
254952
254953
254954
254955
254956
254957
254958
254959
254960
254961
254962
254963
254964
254965
254966
254967
254968
254969
254970
254971
254972
254973
254974
254975
254976
254977
254978
254979
254980
254981
254982
254983
254984
254985
254986
254987
254988
254989
254990
254991
254992
254993
254994
254995
254996
254997
254998
254999
255000
255001
255002
255003
255004
255005
255006
255007
255008
255009
255010
255011
255012
255013
255014
255015
255016
255017
255018
255019
255020
255021
255022
255023
255024
255025
255026
255027
255028
255029
255030
255031
255032
255033
255034
255035
255036
255037
255038
255039
255040
255041
255042
255043
255044
255045
255046
255047
255048
255049
255050
255051
255052
255053
255054
255055
255056
255057
255058
255059
255060
255061
255062
255063
255064
255065
255066
255067
255068
255069
255070
255071
255072
255073
255074
255075
255076
255077
255078
255079
255080
255081
255082
255083
255084
255085
255086
255087
255088
255089
255090
255091
255092
255093
255094
255095
255096
255097
255098
255099
255100
255101
255102
255103
255104
255105
255106
255107
255108
255109
255110
255111
255112
255113
255114
255115
255116
255117
255118
255119
255120
255121
255122
255123
255124
255125
255126
255127
255128
255129
255130
255131
255132
255133
255134
255135
255136
255137
255138
255139
255140
255141
255142
255143
255144
255145
255146
255147
255148
255149
255150
255151
255152
255153
255154
255155
255156
255157
255158
255159
255160
255161
255162
255163
255164
255165
255166
255167
255168
255169
255170
255171
255172
255173
255174
255175
255176
255177
255178
255179
255180
255181
255182
255183
255184
255185
255186
255187
255188
255189
255190
255191
255192
255193
255194
255195
255196
255197
255198
255199
255200
255201
255202
255203
255204
255205
255206
255207
255208
255209
255210
255211
255212
255213
255214
255215
255216
255217
255218
255219
255220
255221
255222
255223
255224
255225
255226
255227
255228
255229
255230
255231
255232
255233
255234
255235
255236
255237
255238
255239
255240
255241
255242
255243
255244
255245
255246
255247
255248
255249
255250
255251
255252
255253
255254
255255
255256
255257
255258
255259
255260
255261
255262
255263
255264
255265
255266
255267
255268
255269
255270
255271
255272
255273
255274
255275
255276
255277
255278
255279
255280
255281
255282
255283
255284
255285
255286
255287
255288
255289
255290
255291
255292
255293
255294
255295
255296
255297
255298
255299
255300
255301
255302
255303
255304
255305
255306
255307
255308
255309
255310
255311
255312
255313
255314
255315
255316
255317
255318
255319
255320
255321
255322
255323
255324
255325
255326
255327
255328
255329
255330
255331
255332
255333
255334
255335
255336
255337
255338
255339
255340
255341
255342
255343
255344
255345
255346
255347
255348
255349
255350
255351
255352
255353
255354
255355
255356
255357
255358
255359
255360
255361
255362
255363
255364
255365
255366
255367
255368
255369
255370
255371
255372
255373
255374
255375
255376
255377
255378
255379
255380
255381
255382
255383
255384
255385
255386
255387
255388
255389
255390
255391
255392
255393
255394
255395
255396
255397
255398
255399
255400
255401
255402
255403
255404
255405
255406
255407
255408
255409
255410
255411
255412
255413
255414
255415
255416
255417
255418
255419
255420
255421
255422
255423
255424
255425
255426
255427
255428
255429
255430
255431
255432
255433
255434
255435
255436
255437
255438
255439
255440
255441
255442
255443
255444
255445
255446
255447
255448
255449
255450
255451
255452
255453
255454
255455
255456
255457
255458
255459
255460
255461
255462
255463
255464
255465
255466
255467
255468
255469
255470
255471
255472
255473
255474
255475
255476
255477
255478
255479
255480
255481
255482
255483
255484
255485
255486
255487
255488
255489
255490
255491
255492
255493
255494
255495
255496
255497
255498
255499
255500
255501
255502
255503
255504
255505
255506
255507
255508
255509
255510
255511
255512
255513
255514
255515
255516
255517
255518
255519
255520
255521
255522
255523
255524
255525
255526
255527
255528
255529
255530
255531
255532
255533
255534
255535
255536
255537
255538
255539
255540
255541
255542
255543
255544
255545
255546
255547
255548
255549
255550
255551
255552
255553
255554
255555
255556
255557
255558
255559
255560
255561
255562
255563
255564
255565
255566
255567
255568
255569
255570
255571
255572
255573
255574
255575
255576
255577
255578
255579
255580
255581
255582
255583
255584
255585
255586
255587
255588
255589
255590
255591
255592
255593
255594
255595
255596
255597
255598
255599
255600
255601
255602
255603
255604
255605
255606
255607
255608
255609
255610
255611
255612
255613
255614
255615
255616
255617
255618
255619
255620
255621
255622
255623
255624
255625
255626
255627
255628
255629
255630
255631
255632
255633
255634
255635
255636
255637
255638
255639
255640
255641
255642
255643
255644
255645
255646
255647
255648
255649
255650
255651
255652
255653
255654
255655
255656
255657
255658
255659
255660
255661
255662
255663
255664
255665
255666
255667
255668
255669
255670
255671
255672
255673
255674
255675
255676
255677
255678
255679
255680
255681
255682
255683
255684
255685
255686
255687
255688
255689
255690
255691
255692
255693
255694
255695
255696
255697
255698
255699
255700
255701
255702
255703
255704
255705
255706
255707
255708
255709
255710
255711
255712
255713
255714
255715
255716
255717
255718
255719
255720
255721
255722
255723
255724
255725
255726
255727
255728
255729
255730
255731
255732
255733
255734
255735
255736
255737
255738
255739
255740
255741
255742
255743
255744
255745
255746
255747
255748
255749
255750
255751
255752
255753
255754
255755
255756
255757
255758
255759
255760
255761
255762
255763
255764
255765
255766
255767
255768
255769
255770
255771
255772
255773
255774
255775
255776
255777
255778
255779
255780
255781
255782
255783
255784
255785
255786
255787
255788
255789
255790
255791
255792
255793
255794
255795
255796
255797
255798
255799
255800
255801
255802
255803
255804
255805
255806
255807
255808
255809
255810
255811
255812
255813
255814
255815
255816
255817
255818
255819
255820
255821
255822
255823
255824
255825
255826
255827
255828
255829
255830
255831
255832
255833
255834
255835
255836
255837
255838
255839
255840
255841
255842
255843
255844
255845
255846
255847
255848
255849
255850
255851
255852
255853
255854
255855
255856
255857
255858
255859
255860
255861
255862
255863
255864
255865
255866
255867
255868
255869
255870
255871
255872
255873
255874
255875
255876
255877
255878
255879
255880
255881
255882
255883
255884
255885
255886
255887
255888
255889
255890
255891
255892
255893
255894
255895
255896
255897
255898
255899
255900
255901
255902
255903
255904
255905
255906
255907
255908
255909
255910
255911
255912
255913
255914
255915
255916
255917
255918
255919
255920
255921
255922
255923
255924
255925
255926
255927
255928
255929
255930
255931
255932
255933
255934
255935
255936
255937
255938
255939
255940
255941
255942
255943
255944
255945
255946
255947
255948
255949
255950
255951
255952
255953
255954
255955
255956
255957
255958
255959
255960
255961
255962
255963
255964
255965
255966
255967
255968
255969
255970
255971
255972
255973
255974
255975
255976
255977
255978
255979
255980
255981
255982
255983
255984
255985
255986
255987
255988
255989
255990
255991
255992
255993
255994
255995
255996
255997
255998
255999
256000
256001
256002
256003
256004
256005
256006
256007
256008
256009
256010
256011
256012
256013
256014
256015
256016
256017
256018
256019
256020
256021
256022
256023
256024
256025
256026
256027
256028
256029
256030
256031
256032
256033
256034
256035
256036
256037
256038
256039
256040
256041
256042
256043
256044
256045
256046
256047
256048
256049
256050
256051
256052
256053
256054
256055
256056
256057
256058
256059
256060
256061
256062
256063
256064
256065
256066
256067
256068
256069
256070
256071
256072
256073
256074
256075
256076
256077
256078
256079
256080
256081
256082
256083
256084
256085
256086
256087
256088
256089
256090
256091
256092
256093
256094
256095
256096
256097
256098
256099
256100
256101
256102
256103
256104
256105
256106
256107
256108
256109
256110
256111
256112
256113
256114
256115
256116
256117
256118
256119
256120
256121
256122
256123
256124
256125
256126
256127
256128
256129
256130
256131
256132
256133
256134
256135
256136
256137
256138
256139
256140
256141
256142
256143
256144
256145
256146
256147
256148
256149
256150
256151
256152
256153
256154
256155
256156
256157
256158
256159
256160
256161
256162
256163
256164
256165
256166
256167
256168
256169
256170
256171
256172
256173
256174
256175
256176
256177
256178
256179
256180
256181
256182
256183
256184
256185
256186
256187
256188
256189
256190
256191
256192
256193
256194
256195
256196
256197
256198
256199
256200
256201
256202
256203
256204
256205
256206
256207
256208
256209
256210
256211
256212
256213
256214
256215
256216
256217
256218
256219
256220
256221
256222
256223
256224
256225
256226
256227
256228
256229
256230
256231
256232
256233
256234
256235
256236
256237
256238
256239
256240
256241
256242
256243
256244
256245
256246
256247
256248
256249
256250
256251
256252
256253
256254
256255
256256
256257
256258
256259
256260
256261
256262
256263
256264
256265
256266
256267
256268
256269
256270
256271
256272
256273
256274
256275
256276
256277
256278
256279
256280
256281
256282
256283
256284
256285
256286
256287
256288
256289
256290
256291
256292
256293
256294
256295
256296
256297
256298
256299
256300
256301
256302
256303
256304
256305
256306
256307
256308
256309
256310
256311
256312
256313
256314
256315
256316
256317
256318
256319
256320
256321
256322
256323
256324
256325
256326
256327
256328
256329
256330
256331
256332
256333
256334
256335
256336
256337
256338
256339
256340
256341
256342
256343
256344
256345
256346
256347
256348
256349
256350
256351
256352
256353
256354
256355
256356
256357
256358
256359
256360
256361
256362
256363
256364
256365
256366
256367
256368
256369
256370
256371
256372
256373
256374
256375
256376
256377
256378
256379
256380
256381
256382
256383
256384
256385
256386
256387
256388
256389
256390
256391
256392
256393
256394
256395
256396
256397
256398
256399
256400
256401
256402
256403
256404
256405
256406
256407
256408
256409
256410
256411
256412
256413
256414
256415
256416
256417
256418
256419
256420
256421
256422
256423
256424
256425
256426
256427
256428
256429
256430
256431
256432
256433
256434
256435
256436
256437
256438
256439
256440
256441
256442
256443
256444
256445
256446
256447
256448
256449
256450
256451
256452
256453
256454
256455
256456
256457
256458
256459
256460
256461
256462
256463
256464
256465
256466
256467
256468
256469
256470
256471
256472
256473
256474
256475
256476
256477
256478
256479
256480
256481
256482
256483
256484
256485
256486
256487
256488
256489
256490
256491
256492
256493
256494
256495
256496
256497
256498
256499
256500
256501
256502
256503
256504
256505
256506
256507
256508
256509
256510
256511
256512
256513
256514
256515
256516
256517
256518
256519
256520
256521
256522
256523
256524
256525
256526
256527
256528
256529
256530
256531
256532
256533
256534
256535
256536
256537
256538
256539
256540
256541
256542
256543
256544
256545
256546
256547
256548
256549
256550
256551
256552
256553
256554
256555
256556
256557
256558
256559
256560
256561
256562
256563
256564
256565
256566
256567
256568
256569
256570
256571
256572
256573
256574
256575
256576
256577
256578
256579
256580
256581
256582
256583
256584
256585
256586
256587
256588
256589
256590
256591
256592
256593
256594
256595
256596
256597
256598
256599
256600
256601
256602
256603
256604
256605
256606
256607
256608
256609
256610
256611
256612
256613
256614
256615
256616
256617
256618
256619
256620
256621
256622
256623
256624
256625
256626
256627
256628
256629
256630
256631
256632
256633
256634
256635
256636
256637
256638
256639
256640
256641
256642
256643
256644
256645
256646
256647
256648
256649
256650
256651
256652
256653
256654
256655
256656
256657
256658
256659
256660
256661
256662
256663
256664
256665
256666
256667
256668
256669
256670
256671
256672
256673
256674
256675
256676
256677
256678
256679
256680
256681
256682
256683
256684
256685
256686
256687
256688
256689
256690
256691
256692
256693
256694
256695
256696
256697
256698
256699
256700
256701
256702
256703
256704
256705
256706
256707
256708
256709
256710
256711
256712
256713
256714
256715
256716
256717
256718
256719
256720
256721
256722
256723
256724
256725
256726
256727
256728
256729
256730
256731
256732
256733
256734
256735
256736
256737
256738
256739
256740
256741
256742
256743
256744
256745
256746
256747
256748
256749
256750
256751
256752
256753
256754
256755
256756
256757
256758
256759
256760
256761
256762
256763
256764
256765
256766
256767
256768
256769
256770
256771
256772
256773
256774
256775
256776
256777
256778
256779
256780
256781
256782
256783
256784
256785
256786
256787
256788
256789
256790
256791
256792
256793
256794
256795
256796
256797
256798
256799
256800
256801
256802
256803
256804
256805
256806
256807
256808
256809
256810
256811
256812
256813
256814
256815
256816
256817
256818
256819
256820
256821
256822
256823
256824
256825
256826
256827
256828
256829
256830
256831
256832
256833
256834
256835
256836
256837
256838
256839
256840
256841
256842
256843
256844
256845
256846
256847
256848
256849
256850
341851
341852
341853
341854
341855
341856
341857
341858
341859
341860
341861
341862
341863
341864
341865
341866
341867
341868
341869
341870
341871
341872
341873
341874
341875
341876
341877
341878
341879
341880
341881
341882
341883
341884
341885
341886
341887
341888
341889
341890
341891
341892
341893
341894
341895
341896
341897
341898
341899
341900
341901
341902
341903
341904
341905
341906
341907
341908
341909
341910
341911
341912
341913
341914
341915
341916
341917
341918
341919
341920
341921
341922
341923
341924
341925
341926
341927
341928
341929
341930
341931
341932
341933
341934
341935
341936
341937
341938
341939
341940
341941
341942
341943
341944
341945
341946
341947
341948
341949
341950
341951
341952
341953
341954
341955
341956
341957
341958
341959
341960
341961
341962
341963
341964
341965
341966
341967
341968
341969
341970
341971
341972
341973
341974
341975
341976
341977
341978
341979
341980
341981
341982
341983
341984
341985
341986
341987
341988
341989
341990
341991
341992
341993
341994
341995
341996
341997
341998
341999
342000
342001
342002
342003
342004
342005
342006
342007
342008
342009
342010
342011
342012
342013
342014
342015
342016
342017
342018
342019
342020
342021
342022
342023
342024
342025
342026
342027
342028
342029
342030
342031
342032
342033
342034
342035
342036
342037
342038
342039
342040
342041
342042
342043
342044
342045
342046
342047
342048
342049
342050
342051
342052
342053
342054
342055
342056
342057
342058
342059
342060
342061
342062
342063
342064
342065
342066
342067
342068
342069
342070
342071
342072
342073
342074
342075
342076
342077
342078
342079
342080
342081
342082
342083
342084
342085
342086
342087
342088
342089
342090
342091
342092
342093
342094
342095
342096
342097
342098
342099
342100
342101
342102
342103
342104
342105
342106
342107
342108
342109
342110
342111
342112
342113
342114
342115
342116
342117
342118
342119
342120
342121
342122
342123
342124
342125
342126
342127
342128
342129
342130
342131
342132
342133
342134
342135
342136
342137
342138
342139
342140
342141
342142
342143
342144
342145
342146
342147
342148
342149
342150
342151
342152
342153
342154
342155
342156
342157
342158
342159
342160
342161
342162
342163
342164
342165
342166
342167
342168
342169
342170
342171
342172
342173
342174
342175
342176
342177
342178
342179
342180
342181
342182
342183
342184
342185
342186
342187
342188
342189
342190
342191
342192
342193
342194
342195
342196
342197
342198
342199
342200
342201
342202
342203
342204
342205
342206
342207
342208
342209
342210
342211
342212
342213
342214
342215
342216
342217
342218
342219
342220
342221
342222
342223
342224
342225
342226
342227
342228
342229
342230
342231
342232
342233
342234
342235
342236
342237
342238
342239
342240
342241
342242
342243
342244
342245
342246
342247
342248
342249
342250
342251
342252
342253
342254
342255
342256
342257
342258
342259
342260
342261
342262
342263
342264
342265
342266
342267
342268
342269
342270
342271
342272
342273
342274
342275
342276
342277
342278
342279
342280
342281
342282
342283
342284
342285
342286
342287
342288
342289
342290
342291
342292
342293
342294
342295
342296
342297
342298
342299
342300
342301
342302
342303
342304
342305
342306
342307
342308
342309
342310
342311
342312
342313
342314
342315
342316
342317
342318
342319
342320
342321
342322
342323
342324
342325
342326
342327
342328
342329
342330
342331
342332
342333
342334
342335
342336
342337
342338
342339
342340
342341
342342
342343
342344
342345
342346
342347
342348
342349
342350
342351
342352
342353
342354
342355
342356
342357
342358
342359
342360
342361
342362
342363
342364
342365
342366
342367
342368
342369
342370
342371
342372
342373
342374
342375
342376
342377
342378
342379
342380
342381
342382
342383
342384
342385
342386
342387
342388
342389
342390
342391
342392
342393
342394
342395
342396
342397
342398
342399
342400
342401
342402
342403
342404
342405
342406
342407
342408
342409
342410
342411
342412
342413
342414
342415
342416
342417
342418
342419
342420
342421
342422
342423
342424
342425
342426
342427
342428
342429
342430
342431
342432
342433
342434
342435
342436
342437
342438
342439
342440
342441
342442
342443
342444
342445
342446
342447
342448
342449
342450
342451
342452
342453
342454
342455
342456
342457
342458
342459
342460
342461
342462
342463
342464
342465
342466
342467
342468
342469
342470
342471
342472
342473
342474
342475
342476
342477
342478
342479
342480
342481
342482
342483
342484
342485
342486
342487
342488
342489
342490
342491
342492
342493
342494
342495
342496
342497
342498
342499
342500
342501
342502
342503
342504
342505
342506
342507
342508
342509
342510
342511
342512
342513
342514
342515
342516
342517
342518
342519
342520
342521
342522
342523
342524
342525
342526
342527
342528
342529
342530
342531
342532
342533
342534
342535
342536
342537
342538
342539
342540
342541
342542
342543
342544
342545
342546
342547
342548
342549
342550
342551
342552
342553
342554
342555
342556
342557
342558
342559
342560
342561
342562
342563
342564
342565
342566
342567
342568
342569
342570
342571
342572
342573
342574
342575
342576
342577
342578
342579
342580
342581
342582
342583
342584
342585
342586
342587
342588
342589
342590
342591
342592
342593
342594
342595
342596
342597
342598
342599
342600
342601
342602
342603
342604
342605
342606
342607
342608
342609
342610
342611
342612
342613
342614
342615
342616
342617
342618
342619
342620
342621
342622
342623
342624
342625
342626
342627
342628
342629
342630
342631
342632
342633
342634
342635
342636
342637
342638
342639
342640
342641
342642
342643
342644
342645
342646
342647
342648
342649
342650
342651
342652
342653
342654
342655
342656
342657
342658
342659
342660
342661
342662
342663
342664
342665
342666
342667
342668
342669
342670
342671
342672
342673
342674
342675
342676
342677
342678
342679
342680
342681
342682
342683
342684
342685
342686
342687
342688
342689
342690
342691
342692
342693
342694
342695
342696
342697
342698
342699
342700
342701
342702
342703
342704
342705
342706
342707
342708
342709
342710
342711
342712
342713
342714
342715
342716
342717
342718
342719
342720
342721
342722
342723
342724
342725
342726
342727
342728
342729
342730
342731
342732
342733
342734
342735
342736
342737
342738
342739
342740
342741
342742
342743
342744
342745
342746
342747
342748
342749
342750
342751
342752
342753
342754
342755
342756
342757
342758
342759
342760
342761
342762
342763
342764
342765
342766
342767
342768
342769
342770
342771
342772
342773
342774
342775
342776
342777
342778
342779
342780
342781
342782
342783
342784
342785
342786
342787
342788
342789
342790
342791
342792
342793
342794
342795
342796
342797
342798
342799
342800
342801
342802
342803
342804
342805
342806
342807
342808
342809
342810
342811
342812
342813
342814
342815
342816
342817
342818
342819
342820
342821
342822
342823
342824
342825
342826
342827
342828
342829
342830
342831
342832
342833
342834
342835
342836
342837
342838
342839
342840
342841
342842
342843
342844
342845
342846
342847
342848
342849
342850
342851
342852
342853
342854
342855
342856
342857
342858
342859
342860
342861
342862
342863
342864
342865
342866
342867
342868
342869
342870
342871
342872
342873
342874
342875
342876
342877
342878
342879
342880
342881
342882
342883
342884
342885
342886
342887
342888
342889
342890
342891
342892
342893
342894
342895
342896
342897
342898
342899
342900
342901
342902
342903
342904
342905
342906
342907
342908
342909
342910
342911
342912
342913
342914
342915
342916
342917
342918
342919
342920
342921
342922
342923
342924
342925
342926
342927
342928
342929
342930
342931
342932
342933
342934
342935
342936
342937
342938
342939
342940
342941
342942
342943
342944
342945
342946
342947
342948
342949
342950
342951
342952
342953
342954
342955
342956
342957
342958
342959
342960
342961
342962
342963
342964
342965
342966
342967
342968
342969
342970
342971
342972
342973
342974
342975
342976
342977
342978
342979
342980
342981
342982
342983
342984
342985
342986
342987
342988
342989
342990
342991
342992
342993
342994
342995
342996
342997
342998
342999
343000
343001
343002
343003
343004
343005
343006
343007
343008
343009
343010
343011
343012
343013
343014
343015
343016
343017
343018
343019
343020
343021
343022
343023
343024
343025
343026
343027
343028
343029
343030
343031
343032
343033
343034
343035
343036
343037
343038
343039
343040
343041
343042
343043
343044
343045
343046
343047
343048
343049
343050
343051
343052
343053
343054
343055
343056
343057
343058
343059
343060
343061
343062
343063
343064
343065
343066
343067
343068
343069
343070
343071
343072
343073
343074
343075
343076
343077
343078
343079
343080
343081
343082
343083
343084
343085
343086
343087
343088
343089
343090
343091
343092
343093
343094
343095
343096
343097
343098
343099
343100
343101
343102
343103
343104
343105
343106
343107
343108
343109
343110
343111
343112
343113
343114
343115
343116
343117
343118
343119
343120
343121
343122
343123
343124
343125
343126
343127
343128
343129
343130
343131
343132
343133
343134
343135
343136
343137
343138
343139
343140
343141
343142
343143
343144
343145
343146
343147
343148
343149
343150
343151
343152
343153
343154
343155
343156
343157
343158
343159
343160
343161
343162
343163
343164
343165
343166
343167
343168
343169
343170
343171
343172
343173
343174
343175
343176
343177
343178
343179
343180
343181
343182
343183
343184
343185
343186
343187
343188
343189
343190
343191
343192
343193
343194
343195
343196
343197
343198
343199
343200
343201
343202
343203
343204
343205
343206
343207
343208
343209
343210
343211
343212
343213
343214
343215
343216
343217
343218
343219
343220
343221
343222
343223
343224
343225
343226
343227
343228
343229
343230
343231
343232
343233
343234
343235
343236
343237
343238
343239
343240
343241
343242
343243
343244
343245
343246
343247
343248
343249
343250
343251
343252
343253
343254
343255
343256
343257
343258
343259
343260
343261
343262
343263
343264
343265
343266
343267
343268
343269
343270
343271
343272
343273
343274
343275
343276
343277
343278
343279
343280
343281
343282
343283
343284
343285
343286
343287
343288
343289
343290
343291
343292
343293
343294
343295
343296
343297
343298
343299
343300
343301
343302
343303
343304
343305
343306
343307
343308
343309
343310
343311
343312
343313
343314
343315
343316
343317
343318
343319
343320
343321
343322
343323
343324
343325
343326
343327
343328
343329
343330
343331
343332
343333
343334
343335
343336
343337
343338
343339
343340
343341
343342
343343
343344
343345
343346
343347
343348
343349
343350
343351
343352
343353
343354
343355
343356
343357
343358
343359
343360
343361
343362
343363
343364
343365
343366
343367
343368
343369
343370
343371
343372
343373
343374
343375
343376
343377
343378
343379
343380
343381
343382
343383
343384
343385
343386
343387
343388
343389
343390
343391
343392
343393
343394
343395
343396
343397
343398
343399
343400
343401
343402
343403
343404
343405
343406
343407
343408
343409
343410
343411
343412
343413
343414
343415
343416
343417
343418
343419
343420
343421
343422
343423
343424
343425
343426
343427
343428
343429
343430
343431
343432
343433
343434
343435
343436
343437
343438
343439
343440
343441
343442
343443
343444
343445
343446
343447
343448
343449
343450
343451
343452
343453
343454
343455
343456
343457
343458
343459
343460
343461
343462
343463
343464
343465
343466
343467
343468
343469
343470
343471
343472
343473
343474
343475
343476
343477
343478
343479
343480
343481
343482
343483
343484
343485
343486
343487
343488
343489
343490
343491
343492
343493
343494
343495
343496
343497
343498
343499
343500
343501
343502
343503
343504
343505
343506
343507
343508
343509
343510
343511
343512
343513
343514
343515
343516
343517
343518
343519
343520
343521
343522
343523
343524
343525
343526
343527
343528
343529
343530
343531
343532
343533
343534
343535
343536
343537
343538
343539
343540
343541
343542
343543
343544
343545
343546
343547
343548
343549
343550
343551
343552
343553
343554
343555
343556
343557
343558
343559
343560
343561
343562
343563
343564
343565
343566
343567
343568
343569
343570
343571
343572
343573
343574
343575
343576
343577
343578
343579
343580
343581
343582
343583
343584
343585
343586
343587
343588
343589
343590
343591
343592
343593
343594
343595
343596
343597
343598
343599
343600
343601
343602
343603
343604
343605
343606
343607
343608
343609
343610
343611
343612
343613
343614
343615
343616
343617
343618
343619
343620
343621
343622
343623
343624
343625
343626
343627
343628
343629
343630
343631
343632
343633
343634
343635
343636
343637
343638
343639
343640
343641
343642
343643
343644
343645
343646
343647
343648
343649
343650
343651
343652
343653
343654
343655
343656
343657
343658
343659
343660
343661
343662
343663
343664
343665
343666
343667
343668
343669
343670
343671
343672
343673
343674
343675
343676
343677
343678
343679
343680
343681
343682
343683
343684
343685
343686
343687
343688
343689
343690
343691
343692
343693
343694
343695
343696
343697
343698
343699
343700
343701
343702
343703
343704
343705
343706
343707
343708
343709
343710
343711
343712
343713
343714
343715
343716
343717
343718
343719
343720
343721
343722
343723
343724
343725
343726
343727
343728
343729
343730
343731
343732
343733
343734
343735
343736
343737
343738
343739
343740
343741
343742
343743
343744
343745
343746
343747
343748
343749
343750
343751
343752
343753
343754
343755
343756
343757
343758
343759
343760
343761
343762
343763
343764
343765
343766
343767
343768
343769
343770
343771
343772
343773
343774
343775
343776
343777
343778
343779
343780
343781
343782
343783
343784
343785
343786
343787
343788
343789
343790
343791
343792
343793
343794
343795
343796
343797
343798
343799
343800
343801
343802
343803
343804
343805
343806
343807
343808
343809
343810
343811
343812
343813
343814
343815
343816
343817
343818
343819
343820
343821
343822
343823
343824
343825
343826
343827
343828
343829
343830
343831
343832
343833
343834
343835
343836
343837
343838
343839
343840
343841
343842
343843
343844
343845
343846
343847
343848
343849
343850
343851
343852
343853
343854
343855
343856
343857
343858
343859
343860
343861
343862
343863
343864
343865
343866
343867
343868
343869
343870
343871
343872
343873
343874
343875
343876
343877
343878
343879
343880
343881
343882
343883
343884
343885
343886
343887
343888
343889
343890
343891
343892
343893
343894
343895
343896
343897
343898
343899
343900
343901
343902
343903
343904
343905
343906
343907
343908
343909
343910
343911
343912
343913
343914
343915
343916
343917
343918
343919
343920
343921
343922
343923
343924
343925
343926
343927
343928
343929
343930
343931
343932
343933
343934
343935
343936
343937
343938
343939
343940
343941
343942
343943
343944
343945
343946
343947
343948
343949
343950
343951
343952
343953
343954
343955
343956
343957
343958
343959
343960
343961
343962
343963
343964
343965
343966
343967
343968
343969
343970
343971
343972
343973
343974
343975
343976
343977
343978
343979
343980
343981
343982
343983
343984
343985
343986
343987
343988
343989
343990
343991
343992
343993
343994
343995
343996
343997
343998
343999
344000
344001
344002
344003
344004
344005
344006
344007
344008
344009
344010
344011
344012
344013
344014
344015
344016
344017
344018
344019
344020
344021
344022
344023
344024
344025
344026
344027
344028
344029
344030
344031
344032
344033
344034
344035
344036
344037
344038
344039
344040
344041
344042
344043
344044
344045
344046
344047
344048
344049
344050
344051
344052
344053
344054
344055
344056
344057
344058
344059
344060
344061
344062
344063
344064
344065
344066
344067
344068
344069
344070
344071
344072
344073
344074
344075
344076
344077
344078
344079
344080
344081
344082
344083
344084
344085
344086
344087
344088
344089
344090
344091
344092
344093
344094
344095
344096
344097
344098
344099
344100
344101
344102
344103
344104
344105
344106
344107
344108
344109
344110
344111
344112
344113
344114
344115
344116
344117
344118
344119
344120
344121
344122
344123
344124
344125
344126
344127
344128
344129
344130
344131
344132
344133
344134
344135
344136
344137
344138
344139
344140
344141
344142
344143
344144
344145
344146
344147
344148
344149
344150
344151
344152
344153
344154
344155
344156
344157
344158
344159
344160
344161
344162
344163
344164
344165
344166
344167
344168
344169
344170
344171
344172
344173
344174
344175
344176
344177
344178
344179
344180
344181
344182
344183
344184
344185
344186
344187
344188
344189
344190
344191
344192
344193
344194
344195
344196
344197
344198
344199
344200
344201
344202
344203
344204
344205
344206
344207
344208
344209
344210
344211
344212
344213
344214
344215
344216
344217
344218
344219
344220
344221
344222
344223
344224
344225
344226
344227
344228
344229
344230
344231
344232
344233
344234
344235
344236
344237
344238
344239
344240
344241
344242
344243
344244
344245
344246
344247
344248
344249
344250
344251
344252
344253
344254
344255
344256
344257
344258
344259
344260
344261
344262
344263
344264
344265
344266
344267
344268
344269
344270
344271
344272
344273
344274
344275
344276
344277
344278
344279
344280
344281
344282
344283
344284
344285
344286
344287
344288
344289
344290
344291
344292
344293
344294
344295
344296
344297
344298
344299
344300
344301
344302
344303
344304
344305
344306
344307
344308
344309
344310
344311
344312
344313
344314
344315
344316
344317
344318
344319
344320
344321
344322
344323
344324
344325
344326
344327
344328
344329
344330
344331
344332
344333
344334
344335
344336
344337
344338
344339
344340
344341
344342
344343
344344
344345
344346
344347
344348
344349
344350
350251
350252
350253
350254
350255
350256
350257
350258
350259
350260
350261
350262
350263
350264
350265
350266
350267
350268
350269
350270
350271
350272
350273
350274
350275
350276
350277
350278
350279
350280
350281
350282
350283
350284
350285
350286
350287
350288
350289
350290
350291
350292
350293
350294
350295
350296
350297
350298
350299
350300
350401
350402
350403
350404
350405
350406
350407
350408
350409
350410
350411
350412
350413
350414
350415
350416
350417
350418
350419
350420
350421
350422
350423
350424
350425
350426
350427
350428
350429
350430
350431
350432
350433
350434
350435
350436
350437
350438
350439
350440
350441
350442
350443
350444
350445
350446
350447
350448
350449
350450
159650
159750
159850
159950
160050
160150
160250
160350
160450
160550
160650
160750
160850
160950
161050
161150
161250
161350
161450
161550
161650
161750
161850
161950
162050
162150
162250
162350
162450
162550
162650
162750
162850
162950
163050
163150
163250
163350
163450
163550
163650
163750
163850
163950
164050
164150
164250
164350
164450
164500
-149502
-149504
-149506
-149508
-149510
-149512
-149514
-149516
-149518
-149520
-149522
-149524
-149526
-149528
-149530
-149532
-149534
-149536
-149538
-149540
-149542
-149544
-149546
-149548
-149550
-149552
-149554
-149556
-149558
-149560
-149562
-149564
-149566
-149568
-149570
-149572
-149574
-149576
-149578
-149580
-149582
-149584
-149586
-149588
-149590
-149592
-149594
-149596
-149598
-149600
)


// ************************************************************************* //
