/*--------------------------------*- C++ -*----------------------------------*\
| =========                 |                                                 |
| \\      /  F ield         | OpenFOAM: The Open Source CFD Toolbox           |
|  \\    /   O peration     | Version:  v1906                                 |
|   \\  /    A nd           | Web:      www.OpenFOAM.com                      |
|    \\/     M anipulation  |                                                 |
\*---------------------------------------------------------------------------*/
FoamFile
{
    version     2.0;
    format      ascii;
    class       labelList;
    location    "constant/pps22/polyMesh";
    object      faceRegionAddressing;
}
// * * * * * * * * * * * * * * * * * * * * * * * * * * * * * * * * * * * * * //


10100
(
109751
109752
109753
109754
109755
109756
109757
109758
109759
109760
109761
109762
109763
109764
109765
109766
109767
109768
109769
109770
109771
109772
109773
109774
109775
109776
109777
109778
109779
109780
109781
109782
109783
109784
109785
109786
109787
109788
109789
109790
109791
109792
109793
109794
109795
109796
109797
109798
109799
109800
109801
109802
109803
109804
109805
109806
109807
109808
109809
109810
109811
109812
109813
109814
109815
109816
109817
109818
109819
109820
109821
109822
109823
109824
109825
109826
109827
109828
109829
109830
109831
109832
109833
109834
109835
109836
109837
109838
109839
109840
109841
109842
109843
109844
109845
109846
109847
109848
109849
109851
109852
109853
109854
109855
109856
109857
109858
109859
109860
109861
109862
109863
109864
109865
109866
109867
109868
109869
109870
109871
109872
109873
109874
109875
109876
109877
109878
109879
109880
109881
109882
109883
109884
109885
109886
109887
109888
109889
109890
109891
109892
109893
109894
109895
109896
109897
109898
109899
109900
109901
109902
109903
109904
109905
109906
109907
109908
109909
109910
109911
109912
109913
109914
109915
109916
109917
109918
109919
109920
109921
109922
109923
109924
109925
109926
109927
109928
109929
109930
109931
109932
109933
109934
109935
109936
109937
109938
109939
109940
109941
109942
109943
109944
109945
109946
109947
109948
109949
109951
109952
109953
109954
109955
109956
109957
109958
109959
109960
109961
109962
109963
109964
109965
109966
109967
109968
109969
109970
109971
109972
109973
109974
109975
109976
109977
109978
109979
109980
109981
109982
109983
109984
109985
109986
109987
109988
109989
109990
109991
109992
109993
109994
109995
109996
109997
109998
109999
110000
110001
110002
110003
110004
110005
110006
110007
110008
110009
110010
110011
110012
110013
110014
110015
110016
110017
110018
110019
110020
110021
110022
110023
110024
110025
110026
110027
110028
110029
110030
110031
110032
110033
110034
110035
110036
110037
110038
110039
110040
110041
110042
110043
110044
110045
110046
110047
110048
110049
110051
110052
110053
110054
110055
110056
110057
110058
110059
110060
110061
110062
110063
110064
110065
110066
110067
110068
110069
110070
110071
110072
110073
110074
110075
110076
110077
110078
110079
110080
110081
110082
110083
110084
110085
110086
110087
110088
110089
110090
110091
110092
110093
110094
110095
110096
110097
110098
110099
110100
110101
110102
110103
110104
110105
110106
110107
110108
110109
110110
110111
110112
110113
110114
110115
110116
110117
110118
110119
110120
110121
110122
110123
110124
110125
110126
110127
110128
110129
110130
110131
110132
110133
110134
110135
110136
110137
110138
110139
110140
110141
110142
110143
110144
110145
110146
110147
110148
110149
110151
110152
110153
110154
110155
110156
110157
110158
110159
110160
110161
110162
110163
110164
110165
110166
110167
110168
110169
110170
110171
110172
110173
110174
110175
110176
110177
110178
110179
110180
110181
110182
110183
110184
110185
110186
110187
110188
110189
110190
110191
110192
110193
110194
110195
110196
110197
110198
110199
110200
110201
110202
110203
110204
110205
110206
110207
110208
110209
110210
110211
110212
110213
110214
110215
110216
110217
110218
110219
110220
110221
110222
110223
110224
110225
110226
110227
110228
110229
110230
110231
110232
110233
110234
110235
110236
110237
110238
110239
110240
110241
110242
110243
110244
110245
110246
110247
110248
110249
110251
110252
110253
110254
110255
110256
110257
110258
110259
110260
110261
110262
110263
110264
110265
110266
110267
110268
110269
110270
110271
110272
110273
110274
110275
110276
110277
110278
110279
110280
110281
110282
110283
110284
110285
110286
110287
110288
110289
110290
110291
110292
110293
110294
110295
110296
110297
110298
110299
110300
110301
110302
110303
110304
110305
110306
110307
110308
110309
110310
110311
110312
110313
110314
110315
110316
110317
110318
110319
110320
110321
110322
110323
110324
110325
110326
110327
110328
110329
110330
110331
110332
110333
110334
110335
110336
110337
110338
110339
110340
110341
110342
110343
110344
110345
110346
110347
110348
110349
110351
110352
110353
110354
110355
110356
110357
110358
110359
110360
110361
110362
110363
110364
110365
110366
110367
110368
110369
110370
110371
110372
110373
110374
110375
110376
110377
110378
110379
110380
110381
110382
110383
110384
110385
110386
110387
110388
110389
110390
110391
110392
110393
110394
110395
110396
110397
110398
110399
110400
110401
110402
110403
110404
110405
110406
110407
110408
110409
110410
110411
110412
110413
110414
110415
110416
110417
110418
110419
110420
110421
110422
110423
110424
110425
110426
110427
110428
110429
110430
110431
110432
110433
110434
110435
110436
110437
110438
110439
110440
110441
110442
110443
110444
110445
110446
110447
110448
110449
110451
110452
110453
110454
110455
110456
110457
110458
110459
110460
110461
110462
110463
110464
110465
110466
110467
110468
110469
110470
110471
110472
110473
110474
110475
110476
110477
110478
110479
110480
110481
110482
110483
110484
110485
110486
110487
110488
110489
110490
110491
110492
110493
110494
110495
110496
110497
110498
110499
110500
110501
110502
110503
110504
110505
110506
110507
110508
110509
110510
110511
110512
110513
110514
110515
110516
110517
110518
110519
110520
110521
110522
110523
110524
110525
110526
110527
110528
110529
110530
110531
110532
110533
110534
110535
110536
110537
110538
110539
110540
110541
110542
110543
110544
110545
110546
110547
110548
110549
110551
110552
110553
110554
110555
110556
110557
110558
110559
110560
110561
110562
110563
110564
110565
110566
110567
110568
110569
110570
110571
110572
110573
110574
110575
110576
110577
110578
110579
110580
110581
110582
110583
110584
110585
110586
110587
110588
110589
110590
110591
110592
110593
110594
110595
110596
110597
110598
110599
110600
110601
110602
110603
110604
110605
110606
110607
110608
110609
110610
110611
110612
110613
110614
110615
110616
110617
110618
110619
110620
110621
110622
110623
110624
110625
110626
110627
110628
110629
110630
110631
110632
110633
110634
110635
110636
110637
110638
110639
110640
110641
110642
110643
110644
110645
110646
110647
110648
110649
110651
110652
110653
110654
110655
110656
110657
110658
110659
110660
110661
110662
110663
110664
110665
110666
110667
110668
110669
110670
110671
110672
110673
110674
110675
110676
110677
110678
110679
110680
110681
110682
110683
110684
110685
110686
110687
110688
110689
110690
110691
110692
110693
110694
110695
110696
110697
110698
110699
110700
110701
110702
110703
110704
110705
110706
110707
110708
110709
110710
110711
110712
110713
110714
110715
110716
110717
110718
110719
110720
110721
110722
110723
110724
110725
110726
110727
110728
110729
110730
110731
110732
110733
110734
110735
110736
110737
110738
110739
110740
110741
110742
110743
110744
110745
110746
110747
110748
110749
110751
110752
110753
110754
110755
110756
110757
110758
110759
110760
110761
110762
110763
110764
110765
110766
110767
110768
110769
110770
110771
110772
110773
110774
110775
110776
110777
110778
110779
110780
110781
110782
110783
110784
110785
110786
110787
110788
110789
110790
110791
110792
110793
110794
110795
110796
110797
110798
110799
110800
110801
110802
110803
110804
110805
110806
110807
110808
110809
110810
110811
110812
110813
110814
110815
110816
110817
110818
110819
110820
110821
110822
110823
110824
110825
110826
110827
110828
110829
110830
110831
110832
110833
110834
110835
110836
110837
110838
110839
110840
110841
110842
110843
110844
110845
110846
110847
110848
110849
110851
110852
110853
110854
110855
110856
110857
110858
110859
110860
110861
110862
110863
110864
110865
110866
110867
110868
110869
110870
110871
110872
110873
110874
110875
110876
110877
110878
110879
110880
110881
110882
110883
110884
110885
110886
110887
110888
110889
110890
110891
110892
110893
110894
110895
110896
110897
110898
110899
110900
110901
110902
110903
110904
110905
110906
110907
110908
110909
110910
110911
110912
110913
110914
110915
110916
110917
110918
110919
110920
110921
110922
110923
110924
110925
110926
110927
110928
110929
110930
110931
110932
110933
110934
110935
110936
110937
110938
110939
110940
110941
110942
110943
110944
110945
110946
110947
110948
110949
110951
110952
110953
110954
110955
110956
110957
110958
110959
110960
110961
110962
110963
110964
110965
110966
110967
110968
110969
110970
110971
110972
110973
110974
110975
110976
110977
110978
110979
110980
110981
110982
110983
110984
110985
110986
110987
110988
110989
110990
110991
110992
110993
110994
110995
110996
110997
110998
110999
111000
111001
111002
111003
111004
111005
111006
111007
111008
111009
111010
111011
111012
111013
111014
111015
111016
111017
111018
111019
111020
111021
111022
111023
111024
111025
111026
111027
111028
111029
111030
111031
111032
111033
111034
111035
111036
111037
111038
111039
111040
111041
111042
111043
111044
111045
111046
111047
111048
111049
111051
111052
111053
111054
111055
111056
111057
111058
111059
111060
111061
111062
111063
111064
111065
111066
111067
111068
111069
111070
111071
111072
111073
111074
111075
111076
111077
111078
111079
111080
111081
111082
111083
111084
111085
111086
111087
111088
111089
111090
111091
111092
111093
111094
111095
111096
111097
111098
111099
111100
111101
111102
111103
111104
111105
111106
111107
111108
111109
111110
111111
111112
111113
111114
111115
111116
111117
111118
111119
111120
111121
111122
111123
111124
111125
111126
111127
111128
111129
111130
111131
111132
111133
111134
111135
111136
111137
111138
111139
111140
111141
111142
111143
111144
111145
111146
111147
111148
111149
111151
111152
111153
111154
111155
111156
111157
111158
111159
111160
111161
111162
111163
111164
111165
111166
111167
111168
111169
111170
111171
111172
111173
111174
111175
111176
111177
111178
111179
111180
111181
111182
111183
111184
111185
111186
111187
111188
111189
111190
111191
111192
111193
111194
111195
111196
111197
111198
111199
111200
111201
111202
111203
111204
111205
111206
111207
111208
111209
111210
111211
111212
111213
111214
111215
111216
111217
111218
111219
111220
111221
111222
111223
111224
111225
111226
111227
111228
111229
111230
111231
111232
111233
111234
111235
111236
111237
111238
111239
111240
111241
111242
111243
111244
111245
111246
111247
111248
111249
111251
111252
111253
111254
111255
111256
111257
111258
111259
111260
111261
111262
111263
111264
111265
111266
111267
111268
111269
111270
111271
111272
111273
111274
111275
111276
111277
111278
111279
111280
111281
111282
111283
111284
111285
111286
111287
111288
111289
111290
111291
111292
111293
111294
111295
111296
111297
111298
111299
111300
111301
111302
111303
111304
111305
111306
111307
111308
111309
111310
111311
111312
111313
111314
111315
111316
111317
111318
111319
111320
111321
111322
111323
111324
111325
111326
111327
111328
111329
111330
111331
111332
111333
111334
111335
111336
111337
111338
111339
111340
111341
111342
111343
111344
111345
111346
111347
111348
111349
111351
111352
111353
111354
111355
111356
111357
111358
111359
111360
111361
111362
111363
111364
111365
111366
111367
111368
111369
111370
111371
111372
111373
111374
111375
111376
111377
111378
111379
111380
111381
111382
111383
111384
111385
111386
111387
111388
111389
111390
111391
111392
111393
111394
111395
111396
111397
111398
111399
111400
111401
111402
111403
111404
111405
111406
111407
111408
111409
111410
111411
111412
111413
111414
111415
111416
111417
111418
111419
111420
111421
111422
111423
111424
111425
111426
111427
111428
111429
111430
111431
111432
111433
111434
111435
111436
111437
111438
111439
111440
111441
111442
111443
111444
111445
111446
111447
111448
111449
111451
111452
111453
111454
111455
111456
111457
111458
111459
111460
111461
111462
111463
111464
111465
111466
111467
111468
111469
111470
111471
111472
111473
111474
111475
111476
111477
111478
111479
111480
111481
111482
111483
111484
111485
111486
111487
111488
111489
111490
111491
111492
111493
111494
111495
111496
111497
111498
111499
111500
111501
111502
111503
111504
111505
111506
111507
111508
111509
111510
111511
111512
111513
111514
111515
111516
111517
111518
111519
111520
111521
111522
111523
111524
111525
111526
111527
111528
111529
111530
111531
111532
111533
111534
111535
111536
111537
111538
111539
111540
111541
111542
111543
111544
111545
111546
111547
111548
111549
111551
111552
111553
111554
111555
111556
111557
111558
111559
111560
111561
111562
111563
111564
111565
111566
111567
111568
111569
111570
111571
111572
111573
111574
111575
111576
111577
111578
111579
111580
111581
111582
111583
111584
111585
111586
111587
111588
111589
111590
111591
111592
111593
111594
111595
111596
111597
111598
111599
111600
111601
111602
111603
111604
111605
111606
111607
111608
111609
111610
111611
111612
111613
111614
111615
111616
111617
111618
111619
111620
111621
111622
111623
111624
111625
111626
111627
111628
111629
111630
111631
111632
111633
111634
111635
111636
111637
111638
111639
111640
111641
111642
111643
111644
111645
111646
111647
111648
111649
111651
111652
111653
111654
111655
111656
111657
111658
111659
111660
111661
111662
111663
111664
111665
111666
111667
111668
111669
111670
111671
111672
111673
111674
111675
111676
111677
111678
111679
111680
111681
111682
111683
111684
111685
111686
111687
111688
111689
111690
111691
111692
111693
111694
111695
111696
111697
111698
111699
111700
111701
111702
111703
111704
111705
111706
111707
111708
111709
111710
111711
111712
111713
111714
111715
111716
111717
111718
111719
111720
111721
111722
111723
111724
111725
111726
111727
111728
111729
111730
111731
111732
111733
111734
111735
111736
111737
111738
111739
111740
111741
111742
111743
111744
111745
111746
111747
111748
111749
111751
111752
111753
111754
111755
111756
111757
111758
111759
111760
111761
111762
111763
111764
111765
111766
111767
111768
111769
111770
111771
111772
111773
111774
111775
111776
111777
111778
111779
111780
111781
111782
111783
111784
111785
111786
111787
111788
111789
111790
111791
111792
111793
111794
111795
111796
111797
111798
111799
111800
111801
111802
111803
111804
111805
111806
111807
111808
111809
111810
111811
111812
111813
111814
111815
111816
111817
111818
111819
111820
111821
111822
111823
111824
111825
111826
111827
111828
111829
111830
111831
111832
111833
111834
111835
111836
111837
111838
111839
111840
111841
111842
111843
111844
111845
111846
111847
111848
111849
111851
111852
111853
111854
111855
111856
111857
111858
111859
111860
111861
111862
111863
111864
111865
111866
111867
111868
111869
111870
111871
111872
111873
111874
111875
111876
111877
111878
111879
111880
111881
111882
111883
111884
111885
111886
111887
111888
111889
111890
111891
111892
111893
111894
111895
111896
111897
111898
111899
111900
111901
111902
111903
111904
111905
111906
111907
111908
111909
111910
111911
111912
111913
111914
111915
111916
111917
111918
111919
111920
111921
111922
111923
111924
111925
111926
111927
111928
111929
111930
111931
111932
111933
111934
111935
111936
111937
111938
111939
111940
111941
111942
111943
111944
111945
111946
111947
111948
111949
111951
111952
111953
111954
111955
111956
111957
111958
111959
111960
111961
111962
111963
111964
111965
111966
111967
111968
111969
111970
111971
111972
111973
111974
111975
111976
111977
111978
111979
111980
111981
111982
111983
111984
111985
111986
111987
111988
111989
111990
111991
111992
111993
111994
111995
111996
111997
111998
111999
112000
112001
112002
112003
112004
112005
112006
112007
112008
112009
112010
112011
112012
112013
112014
112015
112016
112017
112018
112019
112020
112021
112022
112023
112024
112025
112026
112027
112028
112029
112030
112031
112032
112033
112034
112035
112036
112037
112038
112039
112040
112041
112042
112043
112044
112045
112046
112047
112048
112049
112051
112052
112053
112054
112055
112056
112057
112058
112059
112060
112061
112062
112063
112064
112065
112066
112067
112068
112069
112070
112071
112072
112073
112074
112075
112076
112077
112078
112079
112080
112081
112082
112083
112084
112085
112086
112087
112088
112089
112090
112091
112092
112093
112094
112095
112096
112097
112098
112099
112100
112101
112102
112103
112104
112105
112106
112107
112108
112109
112110
112111
112112
112113
112114
112115
112116
112117
112118
112119
112120
112121
112122
112123
112124
112125
112126
112127
112128
112129
112130
112131
112132
112133
112134
112135
112136
112137
112138
112139
112140
112141
112142
112143
112144
112145
112146
112147
112148
112149
112151
112152
112153
112154
112155
112156
112157
112158
112159
112160
112161
112162
112163
112164
112165
112166
112167
112168
112169
112170
112171
112172
112173
112174
112175
112176
112177
112178
112179
112180
112181
112182
112183
112184
112185
112186
112187
112188
112189
112190
112191
112192
112193
112194
112195
112196
112197
112198
112199
112200
112201
112202
112203
112204
112205
112206
112207
112208
112209
112210
112211
112212
112213
112214
112215
112216
112217
112218
112219
112220
112221
112222
112223
112224
112225
112226
112227
112228
112229
112230
112231
112232
112233
112234
112235
112236
112237
112238
112239
112240
112241
112242
112243
112244
112245
112246
112247
112248
112249
112251
112252
112253
112254
112255
112256
112257
112258
112259
112260
112261
112262
112263
112264
112265
112266
112267
112268
112269
112270
112271
112272
112273
112274
112275
112276
112277
112278
112279
112280
112281
112282
112283
112284
112285
112286
112287
112288
112289
112290
112291
112292
112293
112294
112295
112296
112297
112298
112299
112300
112301
112302
112303
112304
112305
112306
112307
112308
112309
112310
112311
112312
112313
112314
112315
112316
112317
112318
112319
112320
112321
112322
112323
112324
112325
112326
112327
112328
112329
112330
112331
112332
112333
112334
112335
112336
112337
112338
112339
112340
112341
112342
112343
112344
112345
112346
112347
112348
112349
112351
112352
112353
112354
112355
112356
112357
112358
112359
112360
112361
112362
112363
112364
112365
112366
112367
112368
112369
112370
112371
112372
112373
112374
112375
112376
112377
112378
112379
112380
112381
112382
112383
112384
112385
112386
112387
112388
112389
112390
112391
112392
112393
112394
112395
112396
112397
112398
112399
112400
112401
112402
112403
112404
112405
112406
112407
112408
112409
112410
112411
112412
112413
112414
112415
112416
112417
112418
112419
112420
112421
112422
112423
112424
112425
112426
112427
112428
112429
112430
112431
112432
112433
112434
112435
112436
112437
112438
112439
112440
112441
112442
112443
112444
112445
112446
112447
112448
112449
112451
112452
112453
112454
112455
112456
112457
112458
112459
112460
112461
112462
112463
112464
112465
112466
112467
112468
112469
112470
112471
112472
112473
112474
112475
112476
112477
112478
112479
112480
112481
112482
112483
112484
112485
112486
112487
112488
112489
112490
112491
112492
112493
112494
112495
112496
112497
112498
112499
112500
112501
112502
112503
112504
112505
112506
112507
112508
112509
112510
112511
112512
112513
112514
112515
112516
112517
112518
112519
112520
112521
112522
112523
112524
112525
112526
112527
112528
112529
112530
112531
112532
112533
112534
112535
112536
112537
112538
112539
112540
112541
112542
112543
112544
112545
112546
112547
112548
112549
112551
112552
112553
112554
112555
112556
112557
112558
112559
112560
112561
112562
112563
112564
112565
112566
112567
112568
112569
112570
112571
112572
112573
112574
112575
112576
112577
112578
112579
112580
112581
112582
112583
112584
112585
112586
112587
112588
112589
112590
112591
112592
112593
112594
112595
112596
112597
112598
112599
112600
112601
112602
112603
112604
112605
112606
112607
112608
112609
112610
112611
112612
112613
112614
112615
112616
112617
112618
112619
112620
112621
112622
112623
112624
112625
112626
112627
112628
112629
112630
112631
112632
112633
112634
112635
112636
112637
112638
112639
112640
112641
112642
112643
112644
112645
112646
112647
112648
112649
112651
112652
112653
112654
112655
112656
112657
112658
112659
112660
112661
112662
112663
112664
112665
112666
112667
112668
112669
112670
112671
112672
112673
112674
112675
112676
112677
112678
112679
112680
112681
112682
112683
112684
112685
112686
112687
112688
112689
112690
112691
112692
112693
112694
112695
112696
112697
112698
112699
112700
112701
112702
112703
112704
112705
112706
112707
112708
112709
112710
112711
112712
112713
112714
112715
112716
112717
112718
112719
112720
112721
112722
112723
112724
112725
112726
112727
112728
112729
112730
112731
112732
112733
112734
112735
112736
112737
112738
112739
112740
112741
112742
112743
112744
112745
112746
112747
112748
112749
112751
112752
112753
112754
112755
112756
112757
112758
112759
112760
112761
112762
112763
112764
112765
112766
112767
112768
112769
112770
112771
112772
112773
112774
112775
112776
112777
112778
112779
112780
112781
112782
112783
112784
112785
112786
112787
112788
112789
112790
112791
112792
112793
112794
112795
112796
112797
112798
112799
112800
112801
112802
112803
112804
112805
112806
112807
112808
112809
112810
112811
112812
112813
112814
112815
112816
112817
112818
112819
112820
112821
112822
112823
112824
112825
112826
112827
112828
112829
112830
112831
112832
112833
112834
112835
112836
112837
112838
112839
112840
112841
112842
112843
112844
112845
112846
112847
112848
112849
112851
112852
112853
112854
112855
112856
112857
112858
112859
112860
112861
112862
112863
112864
112865
112866
112867
112868
112869
112870
112871
112872
112873
112874
112875
112876
112877
112878
112879
112880
112881
112882
112883
112884
112885
112886
112887
112888
112889
112890
112891
112892
112893
112894
112895
112896
112897
112898
112899
112900
112901
112902
112903
112904
112905
112906
112907
112908
112909
112910
112911
112912
112913
112914
112915
112916
112917
112918
112919
112920
112921
112922
112923
112924
112925
112926
112927
112928
112929
112930
112931
112932
112933
112934
112935
112936
112937
112938
112939
112940
112941
112942
112943
112944
112945
112946
112947
112948
112949
112951
112952
112953
112954
112955
112956
112957
112958
112959
112960
112961
112962
112963
112964
112965
112966
112967
112968
112969
112970
112971
112972
112973
112974
112975
112976
112977
112978
112979
112980
112981
112982
112983
112984
112985
112986
112987
112988
112989
112990
112991
112992
112993
112994
112995
112996
112997
112998
112999
113000
113001
113002
113003
113004
113005
113006
113007
113008
113009
113010
113011
113012
113013
113014
113015
113016
113017
113018
113019
113020
113021
113022
113023
113024
113025
113026
113027
113028
113029
113030
113031
113032
113033
113034
113035
113036
113037
113038
113039
113040
113041
113042
113043
113044
113045
113046
113047
113048
113049
113051
113052
113053
113054
113055
113056
113057
113058
113059
113060
113061
113062
113063
113064
113065
113066
113067
113068
113069
113070
113071
113072
113073
113074
113075
113076
113077
113078
113079
113080
113081
113082
113083
113084
113085
113086
113087
113088
113089
113090
113091
113092
113093
113094
113095
113096
113097
113098
113099
113100
113101
113102
113103
113104
113105
113106
113107
113108
113109
113110
113111
113112
113113
113114
113115
113116
113117
113118
113119
113120
113121
113122
113123
113124
113125
113126
113127
113128
113129
113130
113131
113132
113133
113134
113135
113136
113137
113138
113139
113140
113141
113142
113143
113144
113145
113146
113147
113148
113149
113151
113152
113153
113154
113155
113156
113157
113158
113159
113160
113161
113162
113163
113164
113165
113166
113167
113168
113169
113170
113171
113172
113173
113174
113175
113176
113177
113178
113179
113180
113181
113182
113183
113184
113185
113186
113187
113188
113189
113190
113191
113192
113193
113194
113195
113196
113197
113198
113199
113200
113201
113202
113203
113204
113205
113206
113207
113208
113209
113210
113211
113212
113213
113214
113215
113216
113217
113218
113219
113220
113221
113222
113223
113224
113225
113226
113227
113228
113229
113230
113231
113232
113233
113234
113235
113236
113237
113238
113239
113240
113241
113242
113243
113244
113245
113246
113247
113248
113249
113251
113252
113253
113254
113255
113256
113257
113258
113259
113260
113261
113262
113263
113264
113265
113266
113267
113268
113269
113270
113271
113272
113273
113274
113275
113276
113277
113278
113279
113280
113281
113282
113283
113284
113285
113286
113287
113288
113289
113290
113291
113292
113293
113294
113295
113296
113297
113298
113299
113300
113301
113302
113303
113304
113305
113306
113307
113308
113309
113310
113311
113312
113313
113314
113315
113316
113317
113318
113319
113320
113321
113322
113323
113324
113325
113326
113327
113328
113329
113330
113331
113332
113333
113334
113335
113336
113337
113338
113339
113340
113341
113342
113343
113344
113345
113346
113347
113348
113349
113351
113352
113353
113354
113355
113356
113357
113358
113359
113360
113361
113362
113363
113364
113365
113366
113367
113368
113369
113370
113371
113372
113373
113374
113375
113376
113377
113378
113379
113380
113381
113382
113383
113384
113385
113386
113387
113388
113389
113390
113391
113392
113393
113394
113395
113396
113397
113398
113399
113400
113401
113402
113403
113404
113405
113406
113407
113408
113409
113410
113411
113412
113413
113414
113415
113416
113417
113418
113419
113420
113421
113422
113423
113424
113425
113426
113427
113428
113429
113430
113431
113432
113433
113434
113435
113436
113437
113438
113439
113440
113441
113442
113443
113444
113445
113446
113447
113448
113449
113451
113452
113453
113454
113455
113456
113457
113458
113459
113460
113461
113462
113463
113464
113465
113466
113467
113468
113469
113470
113471
113472
113473
113474
113475
113476
113477
113478
113479
113480
113481
113482
113483
113484
113485
113486
113487
113488
113489
113490
113491
113492
113493
113494
113495
113496
113497
113498
113499
113500
113501
113502
113503
113504
113505
113506
113507
113508
113509
113510
113511
113512
113513
113514
113515
113516
113517
113518
113519
113520
113521
113522
113523
113524
113525
113526
113527
113528
113529
113530
113531
113532
113533
113534
113535
113536
113537
113538
113539
113540
113541
113542
113543
113544
113545
113546
113547
113548
113549
113551
113552
113553
113554
113555
113556
113557
113558
113559
113560
113561
113562
113563
113564
113565
113566
113567
113568
113569
113570
113571
113572
113573
113574
113575
113576
113577
113578
113579
113580
113581
113582
113583
113584
113585
113586
113587
113588
113589
113590
113591
113592
113593
113594
113595
113596
113597
113598
113599
113600
113601
113602
113603
113604
113605
113606
113607
113608
113609
113610
113611
113612
113613
113614
113615
113616
113617
113618
113619
113620
113621
113622
113623
113624
113625
113626
113627
113628
113629
113630
113631
113632
113633
113634
113635
113636
113637
113638
113639
113640
113641
113642
113643
113644
113645
113646
113647
113648
113649
113651
113652
113653
113654
113655
113656
113657
113658
113659
113660
113661
113662
113663
113664
113665
113666
113667
113668
113669
113670
113671
113672
113673
113674
113675
113676
113677
113678
113679
113680
113681
113682
113683
113684
113685
113686
113687
113688
113689
113690
113691
113692
113693
113694
113695
113696
113697
113698
113699
113700
113701
113702
113703
113704
113705
113706
113707
113708
113709
113710
113711
113712
113713
113714
113715
113716
113717
113718
113719
113720
113721
113722
113723
113724
113725
113726
113727
113728
113729
113730
113731
113732
113733
113734
113735
113736
113737
113738
113739
113740
113741
113742
113743
113744
113745
113746
113747
113748
113749
113751
113752
113753
113754
113755
113756
113757
113758
113759
113760
113761
113762
113763
113764
113765
113766
113767
113768
113769
113770
113771
113772
113773
113774
113775
113776
113777
113778
113779
113780
113781
113782
113783
113784
113785
113786
113787
113788
113789
113790
113791
113792
113793
113794
113795
113796
113797
113798
113799
113800
113801
113802
113803
113804
113805
113806
113807
113808
113809
113810
113811
113812
113813
113814
113815
113816
113817
113818
113819
113820
113821
113822
113823
113824
113825
113826
113827
113828
113829
113830
113831
113832
113833
113834
113835
113836
113837
113838
113839
113840
113841
113842
113843
113844
113845
113846
113847
113848
113849
113851
113852
113853
113854
113855
113856
113857
113858
113859
113860
113861
113862
113863
113864
113865
113866
113867
113868
113869
113870
113871
113872
113873
113874
113875
113876
113877
113878
113879
113880
113881
113882
113883
113884
113885
113886
113887
113888
113889
113890
113891
113892
113893
113894
113895
113896
113897
113898
113899
113900
113901
113902
113903
113904
113905
113906
113907
113908
113909
113910
113911
113912
113913
113914
113915
113916
113917
113918
113919
113920
113921
113922
113923
113924
113925
113926
113927
113928
113929
113930
113931
113932
113933
113934
113935
113936
113937
113938
113939
113940
113941
113942
113943
113944
113945
113946
113947
113948
113949
113951
113952
113953
113954
113955
113956
113957
113958
113959
113960
113961
113962
113963
113964
113965
113966
113967
113968
113969
113970
113971
113972
113973
113974
113975
113976
113977
113978
113979
113980
113981
113982
113983
113984
113985
113986
113987
113988
113989
113990
113991
113992
113993
113994
113995
113996
113997
113998
113999
114000
114001
114002
114003
114004
114005
114006
114007
114008
114009
114010
114011
114012
114013
114014
114015
114016
114017
114018
114019
114020
114021
114022
114023
114024
114025
114026
114027
114028
114029
114030
114031
114032
114033
114034
114035
114036
114037
114038
114039
114040
114041
114042
114043
114044
114045
114046
114047
114048
114049
114051
114052
114053
114054
114055
114056
114057
114058
114059
114060
114061
114062
114063
114064
114065
114066
114067
114068
114069
114070
114071
114072
114073
114074
114075
114076
114077
114078
114079
114080
114081
114082
114083
114084
114085
114086
114087
114088
114089
114090
114091
114092
114093
114094
114095
114096
114097
114098
114099
114100
114101
114102
114103
114104
114105
114106
114107
114108
114109
114110
114111
114112
114113
114114
114115
114116
114117
114118
114119
114120
114121
114122
114123
114124
114125
114126
114127
114128
114129
114130
114131
114132
114133
114134
114135
114136
114137
114138
114139
114140
114141
114142
114143
114144
114145
114146
114147
114148
114149
114151
114152
114153
114154
114155
114156
114157
114158
114159
114160
114161
114162
114163
114164
114165
114166
114167
114168
114169
114170
114171
114172
114173
114174
114175
114176
114177
114178
114179
114180
114181
114182
114183
114184
114185
114186
114187
114188
114189
114190
114191
114192
114193
114194
114195
114196
114197
114198
114199
114200
114201
114202
114203
114204
114205
114206
114207
114208
114209
114210
114211
114212
114213
114214
114215
114216
114217
114218
114219
114220
114221
114222
114223
114224
114225
114226
114227
114228
114229
114230
114231
114232
114233
114234
114235
114236
114237
114238
114239
114240
114241
114242
114243
114244
114245
114246
114247
114248
114249
114251
114252
114253
114254
114255
114256
114257
114258
114259
114260
114261
114262
114263
114264
114265
114266
114267
114268
114269
114270
114271
114272
114273
114274
114275
114276
114277
114278
114279
114280
114281
114282
114283
114284
114285
114286
114287
114288
114289
114290
114291
114292
114293
114294
114295
114296
114297
114298
114299
114300
114301
114302
114303
114304
114305
114306
114307
114308
114309
114310
114311
114312
114313
114314
114315
114316
114317
114318
114319
114320
114321
114322
114323
114324
114325
114326
114327
114328
114329
114330
114331
114332
114333
114334
114335
114336
114337
114338
114339
114340
114341
114342
114343
114344
114345
114346
114347
114348
114349
114351
114352
114353
114354
114355
114356
114357
114358
114359
114360
114361
114362
114363
114364
114365
114366
114367
114368
114369
114370
114371
114372
114373
114374
114375
114376
114377
114378
114379
114380
114381
114382
114383
114384
114385
114386
114387
114388
114389
114390
114391
114392
114393
114394
114395
114396
114397
114398
114399
114400
114401
114402
114403
114404
114405
114406
114407
114408
114409
114410
114411
114412
114413
114414
114415
114416
114417
114418
114419
114420
114421
114422
114423
114424
114425
114426
114427
114428
114429
114430
114431
114432
114433
114434
114435
114436
114437
114438
114439
114440
114441
114442
114443
114444
114445
114446
114447
114448
114449
114451
114452
114453
114454
114455
114456
114457
114458
114459
114460
114461
114462
114463
114464
114465
114466
114467
114468
114469
114470
114471
114472
114473
114474
114475
114476
114477
114478
114479
114480
114481
114482
114483
114484
114485
114486
114487
114488
114489
114490
114491
114492
114493
114494
114495
114496
114497
114498
114499
114500
114501
114502
114503
114504
114505
114506
114507
114508
114509
114510
114511
114512
114513
114514
114515
114516
114517
114518
114519
114520
114521
114522
114523
114524
114525
114526
114527
114528
114529
114530
114531
114532
114533
114534
114535
114536
114537
114538
114539
114540
114541
114542
114543
114544
114545
114546
114547
114548
114549
114551
114552
114553
114554
114555
114556
114557
114558
114559
114560
114561
114562
114563
114564
114565
114566
114567
114568
114569
114570
114571
114572
114573
114574
114575
114576
114577
114578
114579
114580
114581
114582
114583
114584
114585
114586
114587
114588
114589
114590
114591
114592
114593
114594
114595
114596
114597
114598
114599
114600
114601
114602
114603
114604
114605
114606
114607
114608
114609
114610
114611
114612
114613
114614
114615
114616
114617
114618
114619
114620
114621
114622
114623
114624
114625
114626
114627
114628
114629
114630
114631
114632
114633
114634
114635
114636
114637
114638
114639
114640
114641
114642
114643
114644
114645
114646
114647
114648
114649
114651
114653
114655
114657
114659
114661
114663
114665
114667
114669
114671
114673
114675
114677
114679
114681
114683
114685
114687
114689
114691
114693
114695
114697
114699
114701
114703
114705
114707
114709
114711
114713
114715
114717
114719
114721
114723
114725
114727
114729
114731
114733
114735
114737
114739
114741
114743
114745
114747
229351
229352
229353
229354
229355
229356
229357
229358
229359
229360
229361
229362
229363
229364
229365
229366
229367
229368
229369
229370
229371
229372
229373
229374
229375
229376
229377
229378
229379
229380
229381
229382
229383
229384
229385
229386
229387
229388
229389
229390
229391
229392
229393
229394
229395
229396
229397
229398
229399
229400
229401
229402
229403
229404
229405
229406
229407
229408
229409
229410
229411
229412
229413
229414
229415
229416
229417
229418
229419
229420
229421
229422
229423
229424
229425
229426
229427
229428
229429
229430
229431
229432
229433
229434
229435
229436
229437
229438
229439
229440
229441
229442
229443
229444
229445
229446
229447
229448
229449
229450
229451
229452
229453
229454
229455
229456
229457
229458
229459
229460
229461
229462
229463
229464
229465
229466
229467
229468
229469
229470
229471
229472
229473
229474
229475
229476
229477
229478
229479
229480
229481
229482
229483
229484
229485
229486
229487
229488
229489
229490
229491
229492
229493
229494
229495
229496
229497
229498
229499
229500
229501
229502
229503
229504
229505
229506
229507
229508
229509
229510
229511
229512
229513
229514
229515
229516
229517
229518
229519
229520
229521
229522
229523
229524
229525
229526
229527
229528
229529
229530
229531
229532
229533
229534
229535
229536
229537
229538
229539
229540
229541
229542
229543
229544
229545
229546
229547
229548
229549
229550
229551
229552
229553
229554
229555
229556
229557
229558
229559
229560
229561
229562
229563
229564
229565
229566
229567
229568
229569
229570
229571
229572
229573
229574
229575
229576
229577
229578
229579
229580
229581
229582
229583
229584
229585
229586
229587
229588
229589
229590
229591
229592
229593
229594
229595
229596
229597
229598
229599
229600
229601
229602
229603
229604
229605
229606
229607
229608
229609
229610
229611
229612
229613
229614
229615
229616
229617
229618
229619
229620
229621
229622
229623
229624
229625
229626
229627
229628
229629
229630
229631
229632
229633
229634
229635
229636
229637
229638
229639
229640
229641
229642
229643
229644
229645
229646
229647
229648
229649
229650
229651
229652
229653
229654
229655
229656
229657
229658
229659
229660
229661
229662
229663
229664
229665
229666
229667
229668
229669
229670
229671
229672
229673
229674
229675
229676
229677
229678
229679
229680
229681
229682
229683
229684
229685
229686
229687
229688
229689
229690
229691
229692
229693
229694
229695
229696
229697
229698
229699
229700
229701
229702
229703
229704
229705
229706
229707
229708
229709
229710
229711
229712
229713
229714
229715
229716
229717
229718
229719
229720
229721
229722
229723
229724
229725
229726
229727
229728
229729
229730
229731
229732
229733
229734
229735
229736
229737
229738
229739
229740
229741
229742
229743
229744
229745
229746
229747
229748
229749
229750
229751
229752
229753
229754
229755
229756
229757
229758
229759
229760
229761
229762
229763
229764
229765
229766
229767
229768
229769
229770
229771
229772
229773
229774
229775
229776
229777
229778
229779
229780
229781
229782
229783
229784
229785
229786
229787
229788
229789
229790
229791
229792
229793
229794
229795
229796
229797
229798
229799
229800
229801
229802
229803
229804
229805
229806
229807
229808
229809
229810
229811
229812
229813
229814
229815
229816
229817
229818
229819
229820
229821
229822
229823
229824
229825
229826
229827
229828
229829
229830
229831
229832
229833
229834
229835
229836
229837
229838
229839
229840
229841
229842
229843
229844
229845
229846
229847
229848
229849
229850
229851
229852
229853
229854
229855
229856
229857
229858
229859
229860
229861
229862
229863
229864
229865
229866
229867
229868
229869
229870
229871
229872
229873
229874
229875
229876
229877
229878
229879
229880
229881
229882
229883
229884
229885
229886
229887
229888
229889
229890
229891
229892
229893
229894
229895
229896
229897
229898
229899
229900
229901
229902
229903
229904
229905
229906
229907
229908
229909
229910
229911
229912
229913
229914
229915
229916
229917
229918
229919
229920
229921
229922
229923
229924
229925
229926
229927
229928
229929
229930
229931
229932
229933
229934
229935
229936
229937
229938
229939
229940
229941
229942
229943
229944
229945
229946
229947
229948
229949
229950
229951
229952
229953
229954
229955
229956
229957
229958
229959
229960
229961
229962
229963
229964
229965
229966
229967
229968
229969
229970
229971
229972
229973
229974
229975
229976
229977
229978
229979
229980
229981
229982
229983
229984
229985
229986
229987
229988
229989
229990
229991
229992
229993
229994
229995
229996
229997
229998
229999
230000
230001
230002
230003
230004
230005
230006
230007
230008
230009
230010
230011
230012
230013
230014
230015
230016
230017
230018
230019
230020
230021
230022
230023
230024
230025
230026
230027
230028
230029
230030
230031
230032
230033
230034
230035
230036
230037
230038
230039
230040
230041
230042
230043
230044
230045
230046
230047
230048
230049
230050
230051
230052
230053
230054
230055
230056
230057
230058
230059
230060
230061
230062
230063
230064
230065
230066
230067
230068
230069
230070
230071
230072
230073
230074
230075
230076
230077
230078
230079
230080
230081
230082
230083
230084
230085
230086
230087
230088
230089
230090
230091
230092
230093
230094
230095
230096
230097
230098
230099
230100
230101
230102
230103
230104
230105
230106
230107
230108
230109
230110
230111
230112
230113
230114
230115
230116
230117
230118
230119
230120
230121
230122
230123
230124
230125
230126
230127
230128
230129
230130
230131
230132
230133
230134
230135
230136
230137
230138
230139
230140
230141
230142
230143
230144
230145
230146
230147
230148
230149
230150
230151
230152
230153
230154
230155
230156
230157
230158
230159
230160
230161
230162
230163
230164
230165
230166
230167
230168
230169
230170
230171
230172
230173
230174
230175
230176
230177
230178
230179
230180
230181
230182
230183
230184
230185
230186
230187
230188
230189
230190
230191
230192
230193
230194
230195
230196
230197
230198
230199
230200
230201
230202
230203
230204
230205
230206
230207
230208
230209
230210
230211
230212
230213
230214
230215
230216
230217
230218
230219
230220
230221
230222
230223
230224
230225
230226
230227
230228
230229
230230
230231
230232
230233
230234
230235
230236
230237
230238
230239
230240
230241
230242
230243
230244
230245
230246
230247
230248
230249
230250
230251
230252
230253
230254
230255
230256
230257
230258
230259
230260
230261
230262
230263
230264
230265
230266
230267
230268
230269
230270
230271
230272
230273
230274
230275
230276
230277
230278
230279
230280
230281
230282
230283
230284
230285
230286
230287
230288
230289
230290
230291
230292
230293
230294
230295
230296
230297
230298
230299
230300
230301
230302
230303
230304
230305
230306
230307
230308
230309
230310
230311
230312
230313
230314
230315
230316
230317
230318
230319
230320
230321
230322
230323
230324
230325
230326
230327
230328
230329
230330
230331
230332
230333
230334
230335
230336
230337
230338
230339
230340
230341
230342
230343
230344
230345
230346
230347
230348
230349
230350
230351
230352
230353
230354
230355
230356
230357
230358
230359
230360
230361
230362
230363
230364
230365
230366
230367
230368
230369
230370
230371
230372
230373
230374
230375
230376
230377
230378
230379
230380
230381
230382
230383
230384
230385
230386
230387
230388
230389
230390
230391
230392
230393
230394
230395
230396
230397
230398
230399
230400
230401
230402
230403
230404
230405
230406
230407
230408
230409
230410
230411
230412
230413
230414
230415
230416
230417
230418
230419
230420
230421
230422
230423
230424
230425
230426
230427
230428
230429
230430
230431
230432
230433
230434
230435
230436
230437
230438
230439
230440
230441
230442
230443
230444
230445
230446
230447
230448
230449
230450
230451
230452
230453
230454
230455
230456
230457
230458
230459
230460
230461
230462
230463
230464
230465
230466
230467
230468
230469
230470
230471
230472
230473
230474
230475
230476
230477
230478
230479
230480
230481
230482
230483
230484
230485
230486
230487
230488
230489
230490
230491
230492
230493
230494
230495
230496
230497
230498
230499
230500
230501
230502
230503
230504
230505
230506
230507
230508
230509
230510
230511
230512
230513
230514
230515
230516
230517
230518
230519
230520
230521
230522
230523
230524
230525
230526
230527
230528
230529
230530
230531
230532
230533
230534
230535
230536
230537
230538
230539
230540
230541
230542
230543
230544
230545
230546
230547
230548
230549
230550
230551
230552
230553
230554
230555
230556
230557
230558
230559
230560
230561
230562
230563
230564
230565
230566
230567
230568
230569
230570
230571
230572
230573
230574
230575
230576
230577
230578
230579
230580
230581
230582
230583
230584
230585
230586
230587
230588
230589
230590
230591
230592
230593
230594
230595
230596
230597
230598
230599
230600
230601
230602
230603
230604
230605
230606
230607
230608
230609
230610
230611
230612
230613
230614
230615
230616
230617
230618
230619
230620
230621
230622
230623
230624
230625
230626
230627
230628
230629
230630
230631
230632
230633
230634
230635
230636
230637
230638
230639
230640
230641
230642
230643
230644
230645
230646
230647
230648
230649
230650
230651
230652
230653
230654
230655
230656
230657
230658
230659
230660
230661
230662
230663
230664
230665
230666
230667
230668
230669
230670
230671
230672
230673
230674
230675
230676
230677
230678
230679
230680
230681
230682
230683
230684
230685
230686
230687
230688
230689
230690
230691
230692
230693
230694
230695
230696
230697
230698
230699
230700
230701
230702
230703
230704
230705
230706
230707
230708
230709
230710
230711
230712
230713
230714
230715
230716
230717
230718
230719
230720
230721
230722
230723
230724
230725
230726
230727
230728
230729
230730
230731
230732
230733
230734
230735
230736
230737
230738
230739
230740
230741
230742
230743
230744
230745
230746
230747
230748
230749
230750
230751
230752
230753
230754
230755
230756
230757
230758
230759
230760
230761
230762
230763
230764
230765
230766
230767
230768
230769
230770
230771
230772
230773
230774
230775
230776
230777
230778
230779
230780
230781
230782
230783
230784
230785
230786
230787
230788
230789
230790
230791
230792
230793
230794
230795
230796
230797
230798
230799
230800
230801
230802
230803
230804
230805
230806
230807
230808
230809
230810
230811
230812
230813
230814
230815
230816
230817
230818
230819
230820
230821
230822
230823
230824
230825
230826
230827
230828
230829
230830
230831
230832
230833
230834
230835
230836
230837
230838
230839
230840
230841
230842
230843
230844
230845
230846
230847
230848
230849
230850
230851
230852
230853
230854
230855
230856
230857
230858
230859
230860
230861
230862
230863
230864
230865
230866
230867
230868
230869
230870
230871
230872
230873
230874
230875
230876
230877
230878
230879
230880
230881
230882
230883
230884
230885
230886
230887
230888
230889
230890
230891
230892
230893
230894
230895
230896
230897
230898
230899
230900
230901
230902
230903
230904
230905
230906
230907
230908
230909
230910
230911
230912
230913
230914
230915
230916
230917
230918
230919
230920
230921
230922
230923
230924
230925
230926
230927
230928
230929
230930
230931
230932
230933
230934
230935
230936
230937
230938
230939
230940
230941
230942
230943
230944
230945
230946
230947
230948
230949
230950
230951
230952
230953
230954
230955
230956
230957
230958
230959
230960
230961
230962
230963
230964
230965
230966
230967
230968
230969
230970
230971
230972
230973
230974
230975
230976
230977
230978
230979
230980
230981
230982
230983
230984
230985
230986
230987
230988
230989
230990
230991
230992
230993
230994
230995
230996
230997
230998
230999
231000
231001
231002
231003
231004
231005
231006
231007
231008
231009
231010
231011
231012
231013
231014
231015
231016
231017
231018
231019
231020
231021
231022
231023
231024
231025
231026
231027
231028
231029
231030
231031
231032
231033
231034
231035
231036
231037
231038
231039
231040
231041
231042
231043
231044
231045
231046
231047
231048
231049
231050
231051
231052
231053
231054
231055
231056
231057
231058
231059
231060
231061
231062
231063
231064
231065
231066
231067
231068
231069
231070
231071
231072
231073
231074
231075
231076
231077
231078
231079
231080
231081
231082
231083
231084
231085
231086
231087
231088
231089
231090
231091
231092
231093
231094
231095
231096
231097
231098
231099
231100
231101
231102
231103
231104
231105
231106
231107
231108
231109
231110
231111
231112
231113
231114
231115
231116
231117
231118
231119
231120
231121
231122
231123
231124
231125
231126
231127
231128
231129
231130
231131
231132
231133
231134
231135
231136
231137
231138
231139
231140
231141
231142
231143
231144
231145
231146
231147
231148
231149
231150
231151
231152
231153
231154
231155
231156
231157
231158
231159
231160
231161
231162
231163
231164
231165
231166
231167
231168
231169
231170
231171
231172
231173
231174
231175
231176
231177
231178
231179
231180
231181
231182
231183
231184
231185
231186
231187
231188
231189
231190
231191
231192
231193
231194
231195
231196
231197
231198
231199
231200
231201
231202
231203
231204
231205
231206
231207
231208
231209
231210
231211
231212
231213
231214
231215
231216
231217
231218
231219
231220
231221
231222
231223
231224
231225
231226
231227
231228
231229
231230
231231
231232
231233
231234
231235
231236
231237
231238
231239
231240
231241
231242
231243
231244
231245
231246
231247
231248
231249
231250
231251
231252
231253
231254
231255
231256
231257
231258
231259
231260
231261
231262
231263
231264
231265
231266
231267
231268
231269
231270
231271
231272
231273
231274
231275
231276
231277
231278
231279
231280
231281
231282
231283
231284
231285
231286
231287
231288
231289
231290
231291
231292
231293
231294
231295
231296
231297
231298
231299
231300
231301
231302
231303
231304
231305
231306
231307
231308
231309
231310
231311
231312
231313
231314
231315
231316
231317
231318
231319
231320
231321
231322
231323
231324
231325
231326
231327
231328
231329
231330
231331
231332
231333
231334
231335
231336
231337
231338
231339
231340
231341
231342
231343
231344
231345
231346
231347
231348
231349
231350
231351
231352
231353
231354
231355
231356
231357
231358
231359
231360
231361
231362
231363
231364
231365
231366
231367
231368
231369
231370
231371
231372
231373
231374
231375
231376
231377
231378
231379
231380
231381
231382
231383
231384
231385
231386
231387
231388
231389
231390
231391
231392
231393
231394
231395
231396
231397
231398
231399
231400
231401
231402
231403
231404
231405
231406
231407
231408
231409
231410
231411
231412
231413
231414
231415
231416
231417
231418
231419
231420
231421
231422
231423
231424
231425
231426
231427
231428
231429
231430
231431
231432
231433
231434
231435
231436
231437
231438
231439
231440
231441
231442
231443
231444
231445
231446
231447
231448
231449
231450
231451
231452
231453
231454
231455
231456
231457
231458
231459
231460
231461
231462
231463
231464
231465
231466
231467
231468
231469
231470
231471
231472
231473
231474
231475
231476
231477
231478
231479
231480
231481
231482
231483
231484
231485
231486
231487
231488
231489
231490
231491
231492
231493
231494
231495
231496
231497
231498
231499
231500
231501
231502
231503
231504
231505
231506
231507
231508
231509
231510
231511
231512
231513
231514
231515
231516
231517
231518
231519
231520
231521
231522
231523
231524
231525
231526
231527
231528
231529
231530
231531
231532
231533
231534
231535
231536
231537
231538
231539
231540
231541
231542
231543
231544
231545
231546
231547
231548
231549
231550
231551
231552
231553
231554
231555
231556
231557
231558
231559
231560
231561
231562
231563
231564
231565
231566
231567
231568
231569
231570
231571
231572
231573
231574
231575
231576
231577
231578
231579
231580
231581
231582
231583
231584
231585
231586
231587
231588
231589
231590
231591
231592
231593
231594
231595
231596
231597
231598
231599
231600
231601
231602
231603
231604
231605
231606
231607
231608
231609
231610
231611
231612
231613
231614
231615
231616
231617
231618
231619
231620
231621
231622
231623
231624
231625
231626
231627
231628
231629
231630
231631
231632
231633
231634
231635
231636
231637
231638
231639
231640
231641
231642
231643
231644
231645
231646
231647
231648
231649
231650
231651
231652
231653
231654
231655
231656
231657
231658
231659
231660
231661
231662
231663
231664
231665
231666
231667
231668
231669
231670
231671
231672
231673
231674
231675
231676
231677
231678
231679
231680
231681
231682
231683
231684
231685
231686
231687
231688
231689
231690
231691
231692
231693
231694
231695
231696
231697
231698
231699
231700
231701
231702
231703
231704
231705
231706
231707
231708
231709
231710
231711
231712
231713
231714
231715
231716
231717
231718
231719
231720
231721
231722
231723
231724
231725
231726
231727
231728
231729
231730
231731
231732
231733
231734
231735
231736
231737
231738
231739
231740
231741
231742
231743
231744
231745
231746
231747
231748
231749
231750
231751
231752
231753
231754
231755
231756
231757
231758
231759
231760
231761
231762
231763
231764
231765
231766
231767
231768
231769
231770
231771
231772
231773
231774
231775
231776
231777
231778
231779
231780
231781
231782
231783
231784
231785
231786
231787
231788
231789
231790
231791
231792
231793
231794
231795
231796
231797
231798
231799
231800
231801
231802
231803
231804
231805
231806
231807
231808
231809
231810
231811
231812
231813
231814
231815
231816
231817
231818
231819
231820
231821
231822
231823
231824
231825
231826
231827
231828
231829
231830
231831
231832
231833
231834
231835
231836
231837
231838
231839
231840
231841
231842
231843
231844
231845
231846
231847
231848
231849
231850
316851
316852
316853
316854
316855
316856
316857
316858
316859
316860
316861
316862
316863
316864
316865
316866
316867
316868
316869
316870
316871
316872
316873
316874
316875
316876
316877
316878
316879
316880
316881
316882
316883
316884
316885
316886
316887
316888
316889
316890
316891
316892
316893
316894
316895
316896
316897
316898
316899
316900
316901
316902
316903
316904
316905
316906
316907
316908
316909
316910
316911
316912
316913
316914
316915
316916
316917
316918
316919
316920
316921
316922
316923
316924
316925
316926
316927
316928
316929
316930
316931
316932
316933
316934
316935
316936
316937
316938
316939
316940
316941
316942
316943
316944
316945
316946
316947
316948
316949
316950
316951
316952
316953
316954
316955
316956
316957
316958
316959
316960
316961
316962
316963
316964
316965
316966
316967
316968
316969
316970
316971
316972
316973
316974
316975
316976
316977
316978
316979
316980
316981
316982
316983
316984
316985
316986
316987
316988
316989
316990
316991
316992
316993
316994
316995
316996
316997
316998
316999
317000
317001
317002
317003
317004
317005
317006
317007
317008
317009
317010
317011
317012
317013
317014
317015
317016
317017
317018
317019
317020
317021
317022
317023
317024
317025
317026
317027
317028
317029
317030
317031
317032
317033
317034
317035
317036
317037
317038
317039
317040
317041
317042
317043
317044
317045
317046
317047
317048
317049
317050
317051
317052
317053
317054
317055
317056
317057
317058
317059
317060
317061
317062
317063
317064
317065
317066
317067
317068
317069
317070
317071
317072
317073
317074
317075
317076
317077
317078
317079
317080
317081
317082
317083
317084
317085
317086
317087
317088
317089
317090
317091
317092
317093
317094
317095
317096
317097
317098
317099
317100
317101
317102
317103
317104
317105
317106
317107
317108
317109
317110
317111
317112
317113
317114
317115
317116
317117
317118
317119
317120
317121
317122
317123
317124
317125
317126
317127
317128
317129
317130
317131
317132
317133
317134
317135
317136
317137
317138
317139
317140
317141
317142
317143
317144
317145
317146
317147
317148
317149
317150
317151
317152
317153
317154
317155
317156
317157
317158
317159
317160
317161
317162
317163
317164
317165
317166
317167
317168
317169
317170
317171
317172
317173
317174
317175
317176
317177
317178
317179
317180
317181
317182
317183
317184
317185
317186
317187
317188
317189
317190
317191
317192
317193
317194
317195
317196
317197
317198
317199
317200
317201
317202
317203
317204
317205
317206
317207
317208
317209
317210
317211
317212
317213
317214
317215
317216
317217
317218
317219
317220
317221
317222
317223
317224
317225
317226
317227
317228
317229
317230
317231
317232
317233
317234
317235
317236
317237
317238
317239
317240
317241
317242
317243
317244
317245
317246
317247
317248
317249
317250
317251
317252
317253
317254
317255
317256
317257
317258
317259
317260
317261
317262
317263
317264
317265
317266
317267
317268
317269
317270
317271
317272
317273
317274
317275
317276
317277
317278
317279
317280
317281
317282
317283
317284
317285
317286
317287
317288
317289
317290
317291
317292
317293
317294
317295
317296
317297
317298
317299
317300
317301
317302
317303
317304
317305
317306
317307
317308
317309
317310
317311
317312
317313
317314
317315
317316
317317
317318
317319
317320
317321
317322
317323
317324
317325
317326
317327
317328
317329
317330
317331
317332
317333
317334
317335
317336
317337
317338
317339
317340
317341
317342
317343
317344
317345
317346
317347
317348
317349
317350
317351
317352
317353
317354
317355
317356
317357
317358
317359
317360
317361
317362
317363
317364
317365
317366
317367
317368
317369
317370
317371
317372
317373
317374
317375
317376
317377
317378
317379
317380
317381
317382
317383
317384
317385
317386
317387
317388
317389
317390
317391
317392
317393
317394
317395
317396
317397
317398
317399
317400
317401
317402
317403
317404
317405
317406
317407
317408
317409
317410
317411
317412
317413
317414
317415
317416
317417
317418
317419
317420
317421
317422
317423
317424
317425
317426
317427
317428
317429
317430
317431
317432
317433
317434
317435
317436
317437
317438
317439
317440
317441
317442
317443
317444
317445
317446
317447
317448
317449
317450
317451
317452
317453
317454
317455
317456
317457
317458
317459
317460
317461
317462
317463
317464
317465
317466
317467
317468
317469
317470
317471
317472
317473
317474
317475
317476
317477
317478
317479
317480
317481
317482
317483
317484
317485
317486
317487
317488
317489
317490
317491
317492
317493
317494
317495
317496
317497
317498
317499
317500
317501
317502
317503
317504
317505
317506
317507
317508
317509
317510
317511
317512
317513
317514
317515
317516
317517
317518
317519
317520
317521
317522
317523
317524
317525
317526
317527
317528
317529
317530
317531
317532
317533
317534
317535
317536
317537
317538
317539
317540
317541
317542
317543
317544
317545
317546
317547
317548
317549
317550
317551
317552
317553
317554
317555
317556
317557
317558
317559
317560
317561
317562
317563
317564
317565
317566
317567
317568
317569
317570
317571
317572
317573
317574
317575
317576
317577
317578
317579
317580
317581
317582
317583
317584
317585
317586
317587
317588
317589
317590
317591
317592
317593
317594
317595
317596
317597
317598
317599
317600
317601
317602
317603
317604
317605
317606
317607
317608
317609
317610
317611
317612
317613
317614
317615
317616
317617
317618
317619
317620
317621
317622
317623
317624
317625
317626
317627
317628
317629
317630
317631
317632
317633
317634
317635
317636
317637
317638
317639
317640
317641
317642
317643
317644
317645
317646
317647
317648
317649
317650
317651
317652
317653
317654
317655
317656
317657
317658
317659
317660
317661
317662
317663
317664
317665
317666
317667
317668
317669
317670
317671
317672
317673
317674
317675
317676
317677
317678
317679
317680
317681
317682
317683
317684
317685
317686
317687
317688
317689
317690
317691
317692
317693
317694
317695
317696
317697
317698
317699
317700
317701
317702
317703
317704
317705
317706
317707
317708
317709
317710
317711
317712
317713
317714
317715
317716
317717
317718
317719
317720
317721
317722
317723
317724
317725
317726
317727
317728
317729
317730
317731
317732
317733
317734
317735
317736
317737
317738
317739
317740
317741
317742
317743
317744
317745
317746
317747
317748
317749
317750
317751
317752
317753
317754
317755
317756
317757
317758
317759
317760
317761
317762
317763
317764
317765
317766
317767
317768
317769
317770
317771
317772
317773
317774
317775
317776
317777
317778
317779
317780
317781
317782
317783
317784
317785
317786
317787
317788
317789
317790
317791
317792
317793
317794
317795
317796
317797
317798
317799
317800
317801
317802
317803
317804
317805
317806
317807
317808
317809
317810
317811
317812
317813
317814
317815
317816
317817
317818
317819
317820
317821
317822
317823
317824
317825
317826
317827
317828
317829
317830
317831
317832
317833
317834
317835
317836
317837
317838
317839
317840
317841
317842
317843
317844
317845
317846
317847
317848
317849
317850
317851
317852
317853
317854
317855
317856
317857
317858
317859
317860
317861
317862
317863
317864
317865
317866
317867
317868
317869
317870
317871
317872
317873
317874
317875
317876
317877
317878
317879
317880
317881
317882
317883
317884
317885
317886
317887
317888
317889
317890
317891
317892
317893
317894
317895
317896
317897
317898
317899
317900
317901
317902
317903
317904
317905
317906
317907
317908
317909
317910
317911
317912
317913
317914
317915
317916
317917
317918
317919
317920
317921
317922
317923
317924
317925
317926
317927
317928
317929
317930
317931
317932
317933
317934
317935
317936
317937
317938
317939
317940
317941
317942
317943
317944
317945
317946
317947
317948
317949
317950
317951
317952
317953
317954
317955
317956
317957
317958
317959
317960
317961
317962
317963
317964
317965
317966
317967
317968
317969
317970
317971
317972
317973
317974
317975
317976
317977
317978
317979
317980
317981
317982
317983
317984
317985
317986
317987
317988
317989
317990
317991
317992
317993
317994
317995
317996
317997
317998
317999
318000
318001
318002
318003
318004
318005
318006
318007
318008
318009
318010
318011
318012
318013
318014
318015
318016
318017
318018
318019
318020
318021
318022
318023
318024
318025
318026
318027
318028
318029
318030
318031
318032
318033
318034
318035
318036
318037
318038
318039
318040
318041
318042
318043
318044
318045
318046
318047
318048
318049
318050
318051
318052
318053
318054
318055
318056
318057
318058
318059
318060
318061
318062
318063
318064
318065
318066
318067
318068
318069
318070
318071
318072
318073
318074
318075
318076
318077
318078
318079
318080
318081
318082
318083
318084
318085
318086
318087
318088
318089
318090
318091
318092
318093
318094
318095
318096
318097
318098
318099
318100
318101
318102
318103
318104
318105
318106
318107
318108
318109
318110
318111
318112
318113
318114
318115
318116
318117
318118
318119
318120
318121
318122
318123
318124
318125
318126
318127
318128
318129
318130
318131
318132
318133
318134
318135
318136
318137
318138
318139
318140
318141
318142
318143
318144
318145
318146
318147
318148
318149
318150
318151
318152
318153
318154
318155
318156
318157
318158
318159
318160
318161
318162
318163
318164
318165
318166
318167
318168
318169
318170
318171
318172
318173
318174
318175
318176
318177
318178
318179
318180
318181
318182
318183
318184
318185
318186
318187
318188
318189
318190
318191
318192
318193
318194
318195
318196
318197
318198
318199
318200
318201
318202
318203
318204
318205
318206
318207
318208
318209
318210
318211
318212
318213
318214
318215
318216
318217
318218
318219
318220
318221
318222
318223
318224
318225
318226
318227
318228
318229
318230
318231
318232
318233
318234
318235
318236
318237
318238
318239
318240
318241
318242
318243
318244
318245
318246
318247
318248
318249
318250
318251
318252
318253
318254
318255
318256
318257
318258
318259
318260
318261
318262
318263
318264
318265
318266
318267
318268
318269
318270
318271
318272
318273
318274
318275
318276
318277
318278
318279
318280
318281
318282
318283
318284
318285
318286
318287
318288
318289
318290
318291
318292
318293
318294
318295
318296
318297
318298
318299
318300
318301
318302
318303
318304
318305
318306
318307
318308
318309
318310
318311
318312
318313
318314
318315
318316
318317
318318
318319
318320
318321
318322
318323
318324
318325
318326
318327
318328
318329
318330
318331
318332
318333
318334
318335
318336
318337
318338
318339
318340
318341
318342
318343
318344
318345
318346
318347
318348
318349
318350
318351
318352
318353
318354
318355
318356
318357
318358
318359
318360
318361
318362
318363
318364
318365
318366
318367
318368
318369
318370
318371
318372
318373
318374
318375
318376
318377
318378
318379
318380
318381
318382
318383
318384
318385
318386
318387
318388
318389
318390
318391
318392
318393
318394
318395
318396
318397
318398
318399
318400
318401
318402
318403
318404
318405
318406
318407
318408
318409
318410
318411
318412
318413
318414
318415
318416
318417
318418
318419
318420
318421
318422
318423
318424
318425
318426
318427
318428
318429
318430
318431
318432
318433
318434
318435
318436
318437
318438
318439
318440
318441
318442
318443
318444
318445
318446
318447
318448
318449
318450
318451
318452
318453
318454
318455
318456
318457
318458
318459
318460
318461
318462
318463
318464
318465
318466
318467
318468
318469
318470
318471
318472
318473
318474
318475
318476
318477
318478
318479
318480
318481
318482
318483
318484
318485
318486
318487
318488
318489
318490
318491
318492
318493
318494
318495
318496
318497
318498
318499
318500
318501
318502
318503
318504
318505
318506
318507
318508
318509
318510
318511
318512
318513
318514
318515
318516
318517
318518
318519
318520
318521
318522
318523
318524
318525
318526
318527
318528
318529
318530
318531
318532
318533
318534
318535
318536
318537
318538
318539
318540
318541
318542
318543
318544
318545
318546
318547
318548
318549
318550
318551
318552
318553
318554
318555
318556
318557
318558
318559
318560
318561
318562
318563
318564
318565
318566
318567
318568
318569
318570
318571
318572
318573
318574
318575
318576
318577
318578
318579
318580
318581
318582
318583
318584
318585
318586
318587
318588
318589
318590
318591
318592
318593
318594
318595
318596
318597
318598
318599
318600
318601
318602
318603
318604
318605
318606
318607
318608
318609
318610
318611
318612
318613
318614
318615
318616
318617
318618
318619
318620
318621
318622
318623
318624
318625
318626
318627
318628
318629
318630
318631
318632
318633
318634
318635
318636
318637
318638
318639
318640
318641
318642
318643
318644
318645
318646
318647
318648
318649
318650
318651
318652
318653
318654
318655
318656
318657
318658
318659
318660
318661
318662
318663
318664
318665
318666
318667
318668
318669
318670
318671
318672
318673
318674
318675
318676
318677
318678
318679
318680
318681
318682
318683
318684
318685
318686
318687
318688
318689
318690
318691
318692
318693
318694
318695
318696
318697
318698
318699
318700
318701
318702
318703
318704
318705
318706
318707
318708
318709
318710
318711
318712
318713
318714
318715
318716
318717
318718
318719
318720
318721
318722
318723
318724
318725
318726
318727
318728
318729
318730
318731
318732
318733
318734
318735
318736
318737
318738
318739
318740
318741
318742
318743
318744
318745
318746
318747
318748
318749
318750
318751
318752
318753
318754
318755
318756
318757
318758
318759
318760
318761
318762
318763
318764
318765
318766
318767
318768
318769
318770
318771
318772
318773
318774
318775
318776
318777
318778
318779
318780
318781
318782
318783
318784
318785
318786
318787
318788
318789
318790
318791
318792
318793
318794
318795
318796
318797
318798
318799
318800
318801
318802
318803
318804
318805
318806
318807
318808
318809
318810
318811
318812
318813
318814
318815
318816
318817
318818
318819
318820
318821
318822
318823
318824
318825
318826
318827
318828
318829
318830
318831
318832
318833
318834
318835
318836
318837
318838
318839
318840
318841
318842
318843
318844
318845
318846
318847
318848
318849
318850
318851
318852
318853
318854
318855
318856
318857
318858
318859
318860
318861
318862
318863
318864
318865
318866
318867
318868
318869
318870
318871
318872
318873
318874
318875
318876
318877
318878
318879
318880
318881
318882
318883
318884
318885
318886
318887
318888
318889
318890
318891
318892
318893
318894
318895
318896
318897
318898
318899
318900
318901
318902
318903
318904
318905
318906
318907
318908
318909
318910
318911
318912
318913
318914
318915
318916
318917
318918
318919
318920
318921
318922
318923
318924
318925
318926
318927
318928
318929
318930
318931
318932
318933
318934
318935
318936
318937
318938
318939
318940
318941
318942
318943
318944
318945
318946
318947
318948
318949
318950
318951
318952
318953
318954
318955
318956
318957
318958
318959
318960
318961
318962
318963
318964
318965
318966
318967
318968
318969
318970
318971
318972
318973
318974
318975
318976
318977
318978
318979
318980
318981
318982
318983
318984
318985
318986
318987
318988
318989
318990
318991
318992
318993
318994
318995
318996
318997
318998
318999
319000
319001
319002
319003
319004
319005
319006
319007
319008
319009
319010
319011
319012
319013
319014
319015
319016
319017
319018
319019
319020
319021
319022
319023
319024
319025
319026
319027
319028
319029
319030
319031
319032
319033
319034
319035
319036
319037
319038
319039
319040
319041
319042
319043
319044
319045
319046
319047
319048
319049
319050
319051
319052
319053
319054
319055
319056
319057
319058
319059
319060
319061
319062
319063
319064
319065
319066
319067
319068
319069
319070
319071
319072
319073
319074
319075
319076
319077
319078
319079
319080
319081
319082
319083
319084
319085
319086
319087
319088
319089
319090
319091
319092
319093
319094
319095
319096
319097
319098
319099
319100
319101
319102
319103
319104
319105
319106
319107
319108
319109
319110
319111
319112
319113
319114
319115
319116
319117
319118
319119
319120
319121
319122
319123
319124
319125
319126
319127
319128
319129
319130
319131
319132
319133
319134
319135
319136
319137
319138
319139
319140
319141
319142
319143
319144
319145
319146
319147
319148
319149
319150
319151
319152
319153
319154
319155
319156
319157
319158
319159
319160
319161
319162
319163
319164
319165
319166
319167
319168
319169
319170
319171
319172
319173
319174
319175
319176
319177
319178
319179
319180
319181
319182
319183
319184
319185
319186
319187
319188
319189
319190
319191
319192
319193
319194
319195
319196
319197
319198
319199
319200
319201
319202
319203
319204
319205
319206
319207
319208
319209
319210
319211
319212
319213
319214
319215
319216
319217
319218
319219
319220
319221
319222
319223
319224
319225
319226
319227
319228
319229
319230
319231
319232
319233
319234
319235
319236
319237
319238
319239
319240
319241
319242
319243
319244
319245
319246
319247
319248
319249
319250
319251
319252
319253
319254
319255
319256
319257
319258
319259
319260
319261
319262
319263
319264
319265
319266
319267
319268
319269
319270
319271
319272
319273
319274
319275
319276
319277
319278
319279
319280
319281
319282
319283
319284
319285
319286
319287
319288
319289
319290
319291
319292
319293
319294
319295
319296
319297
319298
319299
319300
319301
319302
319303
319304
319305
319306
319307
319308
319309
319310
319311
319312
319313
319314
319315
319316
319317
319318
319319
319320
319321
319322
319323
319324
319325
319326
319327
319328
319329
319330
319331
319332
319333
319334
319335
319336
319337
319338
319339
319340
319341
319342
319343
319344
319345
319346
319347
319348
319349
319350
-94702
-94704
-94706
-94708
-94710
-94712
-94714
-94716
-94718
-94720
-94722
-94724
-94726
-94728
-94730
-94732
-94734
-94736
-94738
-94740
-94742
-94744
-94746
-94748
-94750
-94752
-94754
-94756
-94758
-94760
-94762
-94764
-94766
-94768
-94770
-94772
-94774
-94776
-94778
-94780
-94782
-94784
-94786
-94788
-94790
-94792
-94794
-94796
-94798
-94800
109850
109950
110050
110150
110250
110350
110450
110550
110650
110750
110850
110950
111050
111150
111250
111350
111450
111550
111650
111750
111850
111950
112050
112150
112250
112350
112450
112550
112650
112750
112850
112950
113050
113150
113250
113350
113450
113550
113650
113750
113850
113950
114050
114150
114250
114350
114450
114550
114650
114749
114652
114654
114656
114658
114660
114662
114664
114666
114668
114670
114672
114674
114676
114678
114680
114682
114684
114686
114688
114690
114692
114694
114696
114698
114700
114702
114704
114706
114708
114710
114712
114714
114716
114718
114720
114722
114724
114726
114728
114730
114732
114734
114736
114738
114740
114742
114744
114746
114748
114750
-104850
-104950
-105050
-105150
-105250
-105350
-105450
-105550
-105650
-105750
-105850
-105950
-106050
-106150
-106250
-106350
-106450
-106550
-106650
-106750
-106850
-106950
-107050
-107150
-107250
-107350
-107450
-107550
-107650
-107750
-107850
-107950
-108050
-108150
-108250
-108350
-108450
-108550
-108650
-108750
-108850
-108950
-109050
-109150
-109250
-109350
-109450
-109550
-109650
-109749
)


// ************************************************************************* //
