/*--------------------------------*- C++ -*----------------------------------*\
| =========                 |                                                 |
| \\      /  F ield         | OpenFOAM: The Open Source CFD Toolbox           |
|  \\    /   O peration     | Version:  v1906                                 |
|   \\  /    A nd           | Web:      www.OpenFOAM.com                      |
|    \\/     M anipulation  |                                                 |
\*---------------------------------------------------------------------------*/
FoamFile
{
    version     2.0;
    format      ascii;
    class       labelList;
    location    "constant/pps20/polyMesh";
    object      faceRegionAddressing;
}
// * * * * * * * * * * * * * * * * * * * * * * * * * * * * * * * * * * * * * //


10100
(
99751
99752
99753
99754
99755
99756
99757
99758
99759
99760
99761
99762
99763
99764
99765
99766
99767
99768
99769
99770
99771
99772
99773
99774
99775
99776
99777
99778
99779
99780
99781
99782
99783
99784
99785
99786
99787
99788
99789
99790
99791
99792
99793
99794
99795
99796
99797
99798
99799
99800
99801
99802
99803
99804
99805
99806
99807
99808
99809
99810
99811
99812
99813
99814
99815
99816
99817
99818
99819
99820
99821
99822
99823
99824
99825
99826
99827
99828
99829
99830
99831
99832
99833
99834
99835
99836
99837
99838
99839
99840
99841
99842
99843
99844
99845
99846
99847
99848
99849
99851
99852
99853
99854
99855
99856
99857
99858
99859
99860
99861
99862
99863
99864
99865
99866
99867
99868
99869
99870
99871
99872
99873
99874
99875
99876
99877
99878
99879
99880
99881
99882
99883
99884
99885
99886
99887
99888
99889
99890
99891
99892
99893
99894
99895
99896
99897
99898
99899
99900
99901
99902
99903
99904
99905
99906
99907
99908
99909
99910
99911
99912
99913
99914
99915
99916
99917
99918
99919
99920
99921
99922
99923
99924
99925
99926
99927
99928
99929
99930
99931
99932
99933
99934
99935
99936
99937
99938
99939
99940
99941
99942
99943
99944
99945
99946
99947
99948
99949
99951
99952
99953
99954
99955
99956
99957
99958
99959
99960
99961
99962
99963
99964
99965
99966
99967
99968
99969
99970
99971
99972
99973
99974
99975
99976
99977
99978
99979
99980
99981
99982
99983
99984
99985
99986
99987
99988
99989
99990
99991
99992
99993
99994
99995
99996
99997
99998
99999
100000
100001
100002
100003
100004
100005
100006
100007
100008
100009
100010
100011
100012
100013
100014
100015
100016
100017
100018
100019
100020
100021
100022
100023
100024
100025
100026
100027
100028
100029
100030
100031
100032
100033
100034
100035
100036
100037
100038
100039
100040
100041
100042
100043
100044
100045
100046
100047
100048
100049
100051
100052
100053
100054
100055
100056
100057
100058
100059
100060
100061
100062
100063
100064
100065
100066
100067
100068
100069
100070
100071
100072
100073
100074
100075
100076
100077
100078
100079
100080
100081
100082
100083
100084
100085
100086
100087
100088
100089
100090
100091
100092
100093
100094
100095
100096
100097
100098
100099
100100
100101
100102
100103
100104
100105
100106
100107
100108
100109
100110
100111
100112
100113
100114
100115
100116
100117
100118
100119
100120
100121
100122
100123
100124
100125
100126
100127
100128
100129
100130
100131
100132
100133
100134
100135
100136
100137
100138
100139
100140
100141
100142
100143
100144
100145
100146
100147
100148
100149
100151
100152
100153
100154
100155
100156
100157
100158
100159
100160
100161
100162
100163
100164
100165
100166
100167
100168
100169
100170
100171
100172
100173
100174
100175
100176
100177
100178
100179
100180
100181
100182
100183
100184
100185
100186
100187
100188
100189
100190
100191
100192
100193
100194
100195
100196
100197
100198
100199
100200
100201
100202
100203
100204
100205
100206
100207
100208
100209
100210
100211
100212
100213
100214
100215
100216
100217
100218
100219
100220
100221
100222
100223
100224
100225
100226
100227
100228
100229
100230
100231
100232
100233
100234
100235
100236
100237
100238
100239
100240
100241
100242
100243
100244
100245
100246
100247
100248
100249
100251
100252
100253
100254
100255
100256
100257
100258
100259
100260
100261
100262
100263
100264
100265
100266
100267
100268
100269
100270
100271
100272
100273
100274
100275
100276
100277
100278
100279
100280
100281
100282
100283
100284
100285
100286
100287
100288
100289
100290
100291
100292
100293
100294
100295
100296
100297
100298
100299
100300
100301
100302
100303
100304
100305
100306
100307
100308
100309
100310
100311
100312
100313
100314
100315
100316
100317
100318
100319
100320
100321
100322
100323
100324
100325
100326
100327
100328
100329
100330
100331
100332
100333
100334
100335
100336
100337
100338
100339
100340
100341
100342
100343
100344
100345
100346
100347
100348
100349
100351
100352
100353
100354
100355
100356
100357
100358
100359
100360
100361
100362
100363
100364
100365
100366
100367
100368
100369
100370
100371
100372
100373
100374
100375
100376
100377
100378
100379
100380
100381
100382
100383
100384
100385
100386
100387
100388
100389
100390
100391
100392
100393
100394
100395
100396
100397
100398
100399
100400
100401
100402
100403
100404
100405
100406
100407
100408
100409
100410
100411
100412
100413
100414
100415
100416
100417
100418
100419
100420
100421
100422
100423
100424
100425
100426
100427
100428
100429
100430
100431
100432
100433
100434
100435
100436
100437
100438
100439
100440
100441
100442
100443
100444
100445
100446
100447
100448
100449
100451
100452
100453
100454
100455
100456
100457
100458
100459
100460
100461
100462
100463
100464
100465
100466
100467
100468
100469
100470
100471
100472
100473
100474
100475
100476
100477
100478
100479
100480
100481
100482
100483
100484
100485
100486
100487
100488
100489
100490
100491
100492
100493
100494
100495
100496
100497
100498
100499
100500
100501
100502
100503
100504
100505
100506
100507
100508
100509
100510
100511
100512
100513
100514
100515
100516
100517
100518
100519
100520
100521
100522
100523
100524
100525
100526
100527
100528
100529
100530
100531
100532
100533
100534
100535
100536
100537
100538
100539
100540
100541
100542
100543
100544
100545
100546
100547
100548
100549
100551
100552
100553
100554
100555
100556
100557
100558
100559
100560
100561
100562
100563
100564
100565
100566
100567
100568
100569
100570
100571
100572
100573
100574
100575
100576
100577
100578
100579
100580
100581
100582
100583
100584
100585
100586
100587
100588
100589
100590
100591
100592
100593
100594
100595
100596
100597
100598
100599
100600
100601
100602
100603
100604
100605
100606
100607
100608
100609
100610
100611
100612
100613
100614
100615
100616
100617
100618
100619
100620
100621
100622
100623
100624
100625
100626
100627
100628
100629
100630
100631
100632
100633
100634
100635
100636
100637
100638
100639
100640
100641
100642
100643
100644
100645
100646
100647
100648
100649
100651
100652
100653
100654
100655
100656
100657
100658
100659
100660
100661
100662
100663
100664
100665
100666
100667
100668
100669
100670
100671
100672
100673
100674
100675
100676
100677
100678
100679
100680
100681
100682
100683
100684
100685
100686
100687
100688
100689
100690
100691
100692
100693
100694
100695
100696
100697
100698
100699
100700
100701
100702
100703
100704
100705
100706
100707
100708
100709
100710
100711
100712
100713
100714
100715
100716
100717
100718
100719
100720
100721
100722
100723
100724
100725
100726
100727
100728
100729
100730
100731
100732
100733
100734
100735
100736
100737
100738
100739
100740
100741
100742
100743
100744
100745
100746
100747
100748
100749
100751
100752
100753
100754
100755
100756
100757
100758
100759
100760
100761
100762
100763
100764
100765
100766
100767
100768
100769
100770
100771
100772
100773
100774
100775
100776
100777
100778
100779
100780
100781
100782
100783
100784
100785
100786
100787
100788
100789
100790
100791
100792
100793
100794
100795
100796
100797
100798
100799
100800
100801
100802
100803
100804
100805
100806
100807
100808
100809
100810
100811
100812
100813
100814
100815
100816
100817
100818
100819
100820
100821
100822
100823
100824
100825
100826
100827
100828
100829
100830
100831
100832
100833
100834
100835
100836
100837
100838
100839
100840
100841
100842
100843
100844
100845
100846
100847
100848
100849
100851
100852
100853
100854
100855
100856
100857
100858
100859
100860
100861
100862
100863
100864
100865
100866
100867
100868
100869
100870
100871
100872
100873
100874
100875
100876
100877
100878
100879
100880
100881
100882
100883
100884
100885
100886
100887
100888
100889
100890
100891
100892
100893
100894
100895
100896
100897
100898
100899
100900
100901
100902
100903
100904
100905
100906
100907
100908
100909
100910
100911
100912
100913
100914
100915
100916
100917
100918
100919
100920
100921
100922
100923
100924
100925
100926
100927
100928
100929
100930
100931
100932
100933
100934
100935
100936
100937
100938
100939
100940
100941
100942
100943
100944
100945
100946
100947
100948
100949
100951
100952
100953
100954
100955
100956
100957
100958
100959
100960
100961
100962
100963
100964
100965
100966
100967
100968
100969
100970
100971
100972
100973
100974
100975
100976
100977
100978
100979
100980
100981
100982
100983
100984
100985
100986
100987
100988
100989
100990
100991
100992
100993
100994
100995
100996
100997
100998
100999
101000
101001
101002
101003
101004
101005
101006
101007
101008
101009
101010
101011
101012
101013
101014
101015
101016
101017
101018
101019
101020
101021
101022
101023
101024
101025
101026
101027
101028
101029
101030
101031
101032
101033
101034
101035
101036
101037
101038
101039
101040
101041
101042
101043
101044
101045
101046
101047
101048
101049
101051
101052
101053
101054
101055
101056
101057
101058
101059
101060
101061
101062
101063
101064
101065
101066
101067
101068
101069
101070
101071
101072
101073
101074
101075
101076
101077
101078
101079
101080
101081
101082
101083
101084
101085
101086
101087
101088
101089
101090
101091
101092
101093
101094
101095
101096
101097
101098
101099
101100
101101
101102
101103
101104
101105
101106
101107
101108
101109
101110
101111
101112
101113
101114
101115
101116
101117
101118
101119
101120
101121
101122
101123
101124
101125
101126
101127
101128
101129
101130
101131
101132
101133
101134
101135
101136
101137
101138
101139
101140
101141
101142
101143
101144
101145
101146
101147
101148
101149
101151
101152
101153
101154
101155
101156
101157
101158
101159
101160
101161
101162
101163
101164
101165
101166
101167
101168
101169
101170
101171
101172
101173
101174
101175
101176
101177
101178
101179
101180
101181
101182
101183
101184
101185
101186
101187
101188
101189
101190
101191
101192
101193
101194
101195
101196
101197
101198
101199
101200
101201
101202
101203
101204
101205
101206
101207
101208
101209
101210
101211
101212
101213
101214
101215
101216
101217
101218
101219
101220
101221
101222
101223
101224
101225
101226
101227
101228
101229
101230
101231
101232
101233
101234
101235
101236
101237
101238
101239
101240
101241
101242
101243
101244
101245
101246
101247
101248
101249
101251
101252
101253
101254
101255
101256
101257
101258
101259
101260
101261
101262
101263
101264
101265
101266
101267
101268
101269
101270
101271
101272
101273
101274
101275
101276
101277
101278
101279
101280
101281
101282
101283
101284
101285
101286
101287
101288
101289
101290
101291
101292
101293
101294
101295
101296
101297
101298
101299
101300
101301
101302
101303
101304
101305
101306
101307
101308
101309
101310
101311
101312
101313
101314
101315
101316
101317
101318
101319
101320
101321
101322
101323
101324
101325
101326
101327
101328
101329
101330
101331
101332
101333
101334
101335
101336
101337
101338
101339
101340
101341
101342
101343
101344
101345
101346
101347
101348
101349
101351
101352
101353
101354
101355
101356
101357
101358
101359
101360
101361
101362
101363
101364
101365
101366
101367
101368
101369
101370
101371
101372
101373
101374
101375
101376
101377
101378
101379
101380
101381
101382
101383
101384
101385
101386
101387
101388
101389
101390
101391
101392
101393
101394
101395
101396
101397
101398
101399
101400
101401
101402
101403
101404
101405
101406
101407
101408
101409
101410
101411
101412
101413
101414
101415
101416
101417
101418
101419
101420
101421
101422
101423
101424
101425
101426
101427
101428
101429
101430
101431
101432
101433
101434
101435
101436
101437
101438
101439
101440
101441
101442
101443
101444
101445
101446
101447
101448
101449
101451
101452
101453
101454
101455
101456
101457
101458
101459
101460
101461
101462
101463
101464
101465
101466
101467
101468
101469
101470
101471
101472
101473
101474
101475
101476
101477
101478
101479
101480
101481
101482
101483
101484
101485
101486
101487
101488
101489
101490
101491
101492
101493
101494
101495
101496
101497
101498
101499
101500
101501
101502
101503
101504
101505
101506
101507
101508
101509
101510
101511
101512
101513
101514
101515
101516
101517
101518
101519
101520
101521
101522
101523
101524
101525
101526
101527
101528
101529
101530
101531
101532
101533
101534
101535
101536
101537
101538
101539
101540
101541
101542
101543
101544
101545
101546
101547
101548
101549
101551
101552
101553
101554
101555
101556
101557
101558
101559
101560
101561
101562
101563
101564
101565
101566
101567
101568
101569
101570
101571
101572
101573
101574
101575
101576
101577
101578
101579
101580
101581
101582
101583
101584
101585
101586
101587
101588
101589
101590
101591
101592
101593
101594
101595
101596
101597
101598
101599
101600
101601
101602
101603
101604
101605
101606
101607
101608
101609
101610
101611
101612
101613
101614
101615
101616
101617
101618
101619
101620
101621
101622
101623
101624
101625
101626
101627
101628
101629
101630
101631
101632
101633
101634
101635
101636
101637
101638
101639
101640
101641
101642
101643
101644
101645
101646
101647
101648
101649
101651
101652
101653
101654
101655
101656
101657
101658
101659
101660
101661
101662
101663
101664
101665
101666
101667
101668
101669
101670
101671
101672
101673
101674
101675
101676
101677
101678
101679
101680
101681
101682
101683
101684
101685
101686
101687
101688
101689
101690
101691
101692
101693
101694
101695
101696
101697
101698
101699
101700
101701
101702
101703
101704
101705
101706
101707
101708
101709
101710
101711
101712
101713
101714
101715
101716
101717
101718
101719
101720
101721
101722
101723
101724
101725
101726
101727
101728
101729
101730
101731
101732
101733
101734
101735
101736
101737
101738
101739
101740
101741
101742
101743
101744
101745
101746
101747
101748
101749
101751
101752
101753
101754
101755
101756
101757
101758
101759
101760
101761
101762
101763
101764
101765
101766
101767
101768
101769
101770
101771
101772
101773
101774
101775
101776
101777
101778
101779
101780
101781
101782
101783
101784
101785
101786
101787
101788
101789
101790
101791
101792
101793
101794
101795
101796
101797
101798
101799
101800
101801
101802
101803
101804
101805
101806
101807
101808
101809
101810
101811
101812
101813
101814
101815
101816
101817
101818
101819
101820
101821
101822
101823
101824
101825
101826
101827
101828
101829
101830
101831
101832
101833
101834
101835
101836
101837
101838
101839
101840
101841
101842
101843
101844
101845
101846
101847
101848
101849
101851
101852
101853
101854
101855
101856
101857
101858
101859
101860
101861
101862
101863
101864
101865
101866
101867
101868
101869
101870
101871
101872
101873
101874
101875
101876
101877
101878
101879
101880
101881
101882
101883
101884
101885
101886
101887
101888
101889
101890
101891
101892
101893
101894
101895
101896
101897
101898
101899
101900
101901
101902
101903
101904
101905
101906
101907
101908
101909
101910
101911
101912
101913
101914
101915
101916
101917
101918
101919
101920
101921
101922
101923
101924
101925
101926
101927
101928
101929
101930
101931
101932
101933
101934
101935
101936
101937
101938
101939
101940
101941
101942
101943
101944
101945
101946
101947
101948
101949
101951
101952
101953
101954
101955
101956
101957
101958
101959
101960
101961
101962
101963
101964
101965
101966
101967
101968
101969
101970
101971
101972
101973
101974
101975
101976
101977
101978
101979
101980
101981
101982
101983
101984
101985
101986
101987
101988
101989
101990
101991
101992
101993
101994
101995
101996
101997
101998
101999
102000
102001
102002
102003
102004
102005
102006
102007
102008
102009
102010
102011
102012
102013
102014
102015
102016
102017
102018
102019
102020
102021
102022
102023
102024
102025
102026
102027
102028
102029
102030
102031
102032
102033
102034
102035
102036
102037
102038
102039
102040
102041
102042
102043
102044
102045
102046
102047
102048
102049
102051
102052
102053
102054
102055
102056
102057
102058
102059
102060
102061
102062
102063
102064
102065
102066
102067
102068
102069
102070
102071
102072
102073
102074
102075
102076
102077
102078
102079
102080
102081
102082
102083
102084
102085
102086
102087
102088
102089
102090
102091
102092
102093
102094
102095
102096
102097
102098
102099
102100
102101
102102
102103
102104
102105
102106
102107
102108
102109
102110
102111
102112
102113
102114
102115
102116
102117
102118
102119
102120
102121
102122
102123
102124
102125
102126
102127
102128
102129
102130
102131
102132
102133
102134
102135
102136
102137
102138
102139
102140
102141
102142
102143
102144
102145
102146
102147
102148
102149
102151
102152
102153
102154
102155
102156
102157
102158
102159
102160
102161
102162
102163
102164
102165
102166
102167
102168
102169
102170
102171
102172
102173
102174
102175
102176
102177
102178
102179
102180
102181
102182
102183
102184
102185
102186
102187
102188
102189
102190
102191
102192
102193
102194
102195
102196
102197
102198
102199
102200
102201
102202
102203
102204
102205
102206
102207
102208
102209
102210
102211
102212
102213
102214
102215
102216
102217
102218
102219
102220
102221
102222
102223
102224
102225
102226
102227
102228
102229
102230
102231
102232
102233
102234
102235
102236
102237
102238
102239
102240
102241
102242
102243
102244
102245
102246
102247
102248
102249
102251
102252
102253
102254
102255
102256
102257
102258
102259
102260
102261
102262
102263
102264
102265
102266
102267
102268
102269
102270
102271
102272
102273
102274
102275
102276
102277
102278
102279
102280
102281
102282
102283
102284
102285
102286
102287
102288
102289
102290
102291
102292
102293
102294
102295
102296
102297
102298
102299
102300
102301
102302
102303
102304
102305
102306
102307
102308
102309
102310
102311
102312
102313
102314
102315
102316
102317
102318
102319
102320
102321
102322
102323
102324
102325
102326
102327
102328
102329
102330
102331
102332
102333
102334
102335
102336
102337
102338
102339
102340
102341
102342
102343
102344
102345
102346
102347
102348
102349
102351
102352
102353
102354
102355
102356
102357
102358
102359
102360
102361
102362
102363
102364
102365
102366
102367
102368
102369
102370
102371
102372
102373
102374
102375
102376
102377
102378
102379
102380
102381
102382
102383
102384
102385
102386
102387
102388
102389
102390
102391
102392
102393
102394
102395
102396
102397
102398
102399
102400
102401
102402
102403
102404
102405
102406
102407
102408
102409
102410
102411
102412
102413
102414
102415
102416
102417
102418
102419
102420
102421
102422
102423
102424
102425
102426
102427
102428
102429
102430
102431
102432
102433
102434
102435
102436
102437
102438
102439
102440
102441
102442
102443
102444
102445
102446
102447
102448
102449
102451
102452
102453
102454
102455
102456
102457
102458
102459
102460
102461
102462
102463
102464
102465
102466
102467
102468
102469
102470
102471
102472
102473
102474
102475
102476
102477
102478
102479
102480
102481
102482
102483
102484
102485
102486
102487
102488
102489
102490
102491
102492
102493
102494
102495
102496
102497
102498
102499
102500
102501
102502
102503
102504
102505
102506
102507
102508
102509
102510
102511
102512
102513
102514
102515
102516
102517
102518
102519
102520
102521
102522
102523
102524
102525
102526
102527
102528
102529
102530
102531
102532
102533
102534
102535
102536
102537
102538
102539
102540
102541
102542
102543
102544
102545
102546
102547
102548
102549
102551
102552
102553
102554
102555
102556
102557
102558
102559
102560
102561
102562
102563
102564
102565
102566
102567
102568
102569
102570
102571
102572
102573
102574
102575
102576
102577
102578
102579
102580
102581
102582
102583
102584
102585
102586
102587
102588
102589
102590
102591
102592
102593
102594
102595
102596
102597
102598
102599
102600
102601
102602
102603
102604
102605
102606
102607
102608
102609
102610
102611
102612
102613
102614
102615
102616
102617
102618
102619
102620
102621
102622
102623
102624
102625
102626
102627
102628
102629
102630
102631
102632
102633
102634
102635
102636
102637
102638
102639
102640
102641
102642
102643
102644
102645
102646
102647
102648
102649
102651
102652
102653
102654
102655
102656
102657
102658
102659
102660
102661
102662
102663
102664
102665
102666
102667
102668
102669
102670
102671
102672
102673
102674
102675
102676
102677
102678
102679
102680
102681
102682
102683
102684
102685
102686
102687
102688
102689
102690
102691
102692
102693
102694
102695
102696
102697
102698
102699
102700
102701
102702
102703
102704
102705
102706
102707
102708
102709
102710
102711
102712
102713
102714
102715
102716
102717
102718
102719
102720
102721
102722
102723
102724
102725
102726
102727
102728
102729
102730
102731
102732
102733
102734
102735
102736
102737
102738
102739
102740
102741
102742
102743
102744
102745
102746
102747
102748
102749
102751
102752
102753
102754
102755
102756
102757
102758
102759
102760
102761
102762
102763
102764
102765
102766
102767
102768
102769
102770
102771
102772
102773
102774
102775
102776
102777
102778
102779
102780
102781
102782
102783
102784
102785
102786
102787
102788
102789
102790
102791
102792
102793
102794
102795
102796
102797
102798
102799
102800
102801
102802
102803
102804
102805
102806
102807
102808
102809
102810
102811
102812
102813
102814
102815
102816
102817
102818
102819
102820
102821
102822
102823
102824
102825
102826
102827
102828
102829
102830
102831
102832
102833
102834
102835
102836
102837
102838
102839
102840
102841
102842
102843
102844
102845
102846
102847
102848
102849
102851
102852
102853
102854
102855
102856
102857
102858
102859
102860
102861
102862
102863
102864
102865
102866
102867
102868
102869
102870
102871
102872
102873
102874
102875
102876
102877
102878
102879
102880
102881
102882
102883
102884
102885
102886
102887
102888
102889
102890
102891
102892
102893
102894
102895
102896
102897
102898
102899
102900
102901
102902
102903
102904
102905
102906
102907
102908
102909
102910
102911
102912
102913
102914
102915
102916
102917
102918
102919
102920
102921
102922
102923
102924
102925
102926
102927
102928
102929
102930
102931
102932
102933
102934
102935
102936
102937
102938
102939
102940
102941
102942
102943
102944
102945
102946
102947
102948
102949
102951
102952
102953
102954
102955
102956
102957
102958
102959
102960
102961
102962
102963
102964
102965
102966
102967
102968
102969
102970
102971
102972
102973
102974
102975
102976
102977
102978
102979
102980
102981
102982
102983
102984
102985
102986
102987
102988
102989
102990
102991
102992
102993
102994
102995
102996
102997
102998
102999
103000
103001
103002
103003
103004
103005
103006
103007
103008
103009
103010
103011
103012
103013
103014
103015
103016
103017
103018
103019
103020
103021
103022
103023
103024
103025
103026
103027
103028
103029
103030
103031
103032
103033
103034
103035
103036
103037
103038
103039
103040
103041
103042
103043
103044
103045
103046
103047
103048
103049
103051
103052
103053
103054
103055
103056
103057
103058
103059
103060
103061
103062
103063
103064
103065
103066
103067
103068
103069
103070
103071
103072
103073
103074
103075
103076
103077
103078
103079
103080
103081
103082
103083
103084
103085
103086
103087
103088
103089
103090
103091
103092
103093
103094
103095
103096
103097
103098
103099
103100
103101
103102
103103
103104
103105
103106
103107
103108
103109
103110
103111
103112
103113
103114
103115
103116
103117
103118
103119
103120
103121
103122
103123
103124
103125
103126
103127
103128
103129
103130
103131
103132
103133
103134
103135
103136
103137
103138
103139
103140
103141
103142
103143
103144
103145
103146
103147
103148
103149
103151
103152
103153
103154
103155
103156
103157
103158
103159
103160
103161
103162
103163
103164
103165
103166
103167
103168
103169
103170
103171
103172
103173
103174
103175
103176
103177
103178
103179
103180
103181
103182
103183
103184
103185
103186
103187
103188
103189
103190
103191
103192
103193
103194
103195
103196
103197
103198
103199
103200
103201
103202
103203
103204
103205
103206
103207
103208
103209
103210
103211
103212
103213
103214
103215
103216
103217
103218
103219
103220
103221
103222
103223
103224
103225
103226
103227
103228
103229
103230
103231
103232
103233
103234
103235
103236
103237
103238
103239
103240
103241
103242
103243
103244
103245
103246
103247
103248
103249
103251
103252
103253
103254
103255
103256
103257
103258
103259
103260
103261
103262
103263
103264
103265
103266
103267
103268
103269
103270
103271
103272
103273
103274
103275
103276
103277
103278
103279
103280
103281
103282
103283
103284
103285
103286
103287
103288
103289
103290
103291
103292
103293
103294
103295
103296
103297
103298
103299
103300
103301
103302
103303
103304
103305
103306
103307
103308
103309
103310
103311
103312
103313
103314
103315
103316
103317
103318
103319
103320
103321
103322
103323
103324
103325
103326
103327
103328
103329
103330
103331
103332
103333
103334
103335
103336
103337
103338
103339
103340
103341
103342
103343
103344
103345
103346
103347
103348
103349
103351
103352
103353
103354
103355
103356
103357
103358
103359
103360
103361
103362
103363
103364
103365
103366
103367
103368
103369
103370
103371
103372
103373
103374
103375
103376
103377
103378
103379
103380
103381
103382
103383
103384
103385
103386
103387
103388
103389
103390
103391
103392
103393
103394
103395
103396
103397
103398
103399
103400
103401
103402
103403
103404
103405
103406
103407
103408
103409
103410
103411
103412
103413
103414
103415
103416
103417
103418
103419
103420
103421
103422
103423
103424
103425
103426
103427
103428
103429
103430
103431
103432
103433
103434
103435
103436
103437
103438
103439
103440
103441
103442
103443
103444
103445
103446
103447
103448
103449
103451
103452
103453
103454
103455
103456
103457
103458
103459
103460
103461
103462
103463
103464
103465
103466
103467
103468
103469
103470
103471
103472
103473
103474
103475
103476
103477
103478
103479
103480
103481
103482
103483
103484
103485
103486
103487
103488
103489
103490
103491
103492
103493
103494
103495
103496
103497
103498
103499
103500
103501
103502
103503
103504
103505
103506
103507
103508
103509
103510
103511
103512
103513
103514
103515
103516
103517
103518
103519
103520
103521
103522
103523
103524
103525
103526
103527
103528
103529
103530
103531
103532
103533
103534
103535
103536
103537
103538
103539
103540
103541
103542
103543
103544
103545
103546
103547
103548
103549
103551
103552
103553
103554
103555
103556
103557
103558
103559
103560
103561
103562
103563
103564
103565
103566
103567
103568
103569
103570
103571
103572
103573
103574
103575
103576
103577
103578
103579
103580
103581
103582
103583
103584
103585
103586
103587
103588
103589
103590
103591
103592
103593
103594
103595
103596
103597
103598
103599
103600
103601
103602
103603
103604
103605
103606
103607
103608
103609
103610
103611
103612
103613
103614
103615
103616
103617
103618
103619
103620
103621
103622
103623
103624
103625
103626
103627
103628
103629
103630
103631
103632
103633
103634
103635
103636
103637
103638
103639
103640
103641
103642
103643
103644
103645
103646
103647
103648
103649
103651
103652
103653
103654
103655
103656
103657
103658
103659
103660
103661
103662
103663
103664
103665
103666
103667
103668
103669
103670
103671
103672
103673
103674
103675
103676
103677
103678
103679
103680
103681
103682
103683
103684
103685
103686
103687
103688
103689
103690
103691
103692
103693
103694
103695
103696
103697
103698
103699
103700
103701
103702
103703
103704
103705
103706
103707
103708
103709
103710
103711
103712
103713
103714
103715
103716
103717
103718
103719
103720
103721
103722
103723
103724
103725
103726
103727
103728
103729
103730
103731
103732
103733
103734
103735
103736
103737
103738
103739
103740
103741
103742
103743
103744
103745
103746
103747
103748
103749
103751
103752
103753
103754
103755
103756
103757
103758
103759
103760
103761
103762
103763
103764
103765
103766
103767
103768
103769
103770
103771
103772
103773
103774
103775
103776
103777
103778
103779
103780
103781
103782
103783
103784
103785
103786
103787
103788
103789
103790
103791
103792
103793
103794
103795
103796
103797
103798
103799
103800
103801
103802
103803
103804
103805
103806
103807
103808
103809
103810
103811
103812
103813
103814
103815
103816
103817
103818
103819
103820
103821
103822
103823
103824
103825
103826
103827
103828
103829
103830
103831
103832
103833
103834
103835
103836
103837
103838
103839
103840
103841
103842
103843
103844
103845
103846
103847
103848
103849
103851
103852
103853
103854
103855
103856
103857
103858
103859
103860
103861
103862
103863
103864
103865
103866
103867
103868
103869
103870
103871
103872
103873
103874
103875
103876
103877
103878
103879
103880
103881
103882
103883
103884
103885
103886
103887
103888
103889
103890
103891
103892
103893
103894
103895
103896
103897
103898
103899
103900
103901
103902
103903
103904
103905
103906
103907
103908
103909
103910
103911
103912
103913
103914
103915
103916
103917
103918
103919
103920
103921
103922
103923
103924
103925
103926
103927
103928
103929
103930
103931
103932
103933
103934
103935
103936
103937
103938
103939
103940
103941
103942
103943
103944
103945
103946
103947
103948
103949
103951
103952
103953
103954
103955
103956
103957
103958
103959
103960
103961
103962
103963
103964
103965
103966
103967
103968
103969
103970
103971
103972
103973
103974
103975
103976
103977
103978
103979
103980
103981
103982
103983
103984
103985
103986
103987
103988
103989
103990
103991
103992
103993
103994
103995
103996
103997
103998
103999
104000
104001
104002
104003
104004
104005
104006
104007
104008
104009
104010
104011
104012
104013
104014
104015
104016
104017
104018
104019
104020
104021
104022
104023
104024
104025
104026
104027
104028
104029
104030
104031
104032
104033
104034
104035
104036
104037
104038
104039
104040
104041
104042
104043
104044
104045
104046
104047
104048
104049
104051
104052
104053
104054
104055
104056
104057
104058
104059
104060
104061
104062
104063
104064
104065
104066
104067
104068
104069
104070
104071
104072
104073
104074
104075
104076
104077
104078
104079
104080
104081
104082
104083
104084
104085
104086
104087
104088
104089
104090
104091
104092
104093
104094
104095
104096
104097
104098
104099
104100
104101
104102
104103
104104
104105
104106
104107
104108
104109
104110
104111
104112
104113
104114
104115
104116
104117
104118
104119
104120
104121
104122
104123
104124
104125
104126
104127
104128
104129
104130
104131
104132
104133
104134
104135
104136
104137
104138
104139
104140
104141
104142
104143
104144
104145
104146
104147
104148
104149
104151
104152
104153
104154
104155
104156
104157
104158
104159
104160
104161
104162
104163
104164
104165
104166
104167
104168
104169
104170
104171
104172
104173
104174
104175
104176
104177
104178
104179
104180
104181
104182
104183
104184
104185
104186
104187
104188
104189
104190
104191
104192
104193
104194
104195
104196
104197
104198
104199
104200
104201
104202
104203
104204
104205
104206
104207
104208
104209
104210
104211
104212
104213
104214
104215
104216
104217
104218
104219
104220
104221
104222
104223
104224
104225
104226
104227
104228
104229
104230
104231
104232
104233
104234
104235
104236
104237
104238
104239
104240
104241
104242
104243
104244
104245
104246
104247
104248
104249
104251
104252
104253
104254
104255
104256
104257
104258
104259
104260
104261
104262
104263
104264
104265
104266
104267
104268
104269
104270
104271
104272
104273
104274
104275
104276
104277
104278
104279
104280
104281
104282
104283
104284
104285
104286
104287
104288
104289
104290
104291
104292
104293
104294
104295
104296
104297
104298
104299
104300
104301
104302
104303
104304
104305
104306
104307
104308
104309
104310
104311
104312
104313
104314
104315
104316
104317
104318
104319
104320
104321
104322
104323
104324
104325
104326
104327
104328
104329
104330
104331
104332
104333
104334
104335
104336
104337
104338
104339
104340
104341
104342
104343
104344
104345
104346
104347
104348
104349
104351
104352
104353
104354
104355
104356
104357
104358
104359
104360
104361
104362
104363
104364
104365
104366
104367
104368
104369
104370
104371
104372
104373
104374
104375
104376
104377
104378
104379
104380
104381
104382
104383
104384
104385
104386
104387
104388
104389
104390
104391
104392
104393
104394
104395
104396
104397
104398
104399
104400
104401
104402
104403
104404
104405
104406
104407
104408
104409
104410
104411
104412
104413
104414
104415
104416
104417
104418
104419
104420
104421
104422
104423
104424
104425
104426
104427
104428
104429
104430
104431
104432
104433
104434
104435
104436
104437
104438
104439
104440
104441
104442
104443
104444
104445
104446
104447
104448
104449
104451
104452
104453
104454
104455
104456
104457
104458
104459
104460
104461
104462
104463
104464
104465
104466
104467
104468
104469
104470
104471
104472
104473
104474
104475
104476
104477
104478
104479
104480
104481
104482
104483
104484
104485
104486
104487
104488
104489
104490
104491
104492
104493
104494
104495
104496
104497
104498
104499
104500
104501
104502
104503
104504
104505
104506
104507
104508
104509
104510
104511
104512
104513
104514
104515
104516
104517
104518
104519
104520
104521
104522
104523
104524
104525
104526
104527
104528
104529
104530
104531
104532
104533
104534
104535
104536
104537
104538
104539
104540
104541
104542
104543
104544
104545
104546
104547
104548
104549
104551
104552
104553
104554
104555
104556
104557
104558
104559
104560
104561
104562
104563
104564
104565
104566
104567
104568
104569
104570
104571
104572
104573
104574
104575
104576
104577
104578
104579
104580
104581
104582
104583
104584
104585
104586
104587
104588
104589
104590
104591
104592
104593
104594
104595
104596
104597
104598
104599
104600
104601
104602
104603
104604
104605
104606
104607
104608
104609
104610
104611
104612
104613
104614
104615
104616
104617
104618
104619
104620
104621
104622
104623
104624
104625
104626
104627
104628
104629
104630
104631
104632
104633
104634
104635
104636
104637
104638
104639
104640
104641
104642
104643
104644
104645
104646
104647
104648
104649
104651
104653
104655
104657
104659
104661
104663
104665
104667
104669
104671
104673
104675
104677
104679
104681
104683
104685
104687
104689
104691
104693
104695
104697
104699
104701
104703
104705
104707
104709
104711
104713
104715
104717
104719
104721
104723
104725
104727
104729
104731
104733
104735
104737
104739
104741
104743
104745
104747
224351
224352
224353
224354
224355
224356
224357
224358
224359
224360
224361
224362
224363
224364
224365
224366
224367
224368
224369
224370
224371
224372
224373
224374
224375
224376
224377
224378
224379
224380
224381
224382
224383
224384
224385
224386
224387
224388
224389
224390
224391
224392
224393
224394
224395
224396
224397
224398
224399
224400
224401
224402
224403
224404
224405
224406
224407
224408
224409
224410
224411
224412
224413
224414
224415
224416
224417
224418
224419
224420
224421
224422
224423
224424
224425
224426
224427
224428
224429
224430
224431
224432
224433
224434
224435
224436
224437
224438
224439
224440
224441
224442
224443
224444
224445
224446
224447
224448
224449
224450
224451
224452
224453
224454
224455
224456
224457
224458
224459
224460
224461
224462
224463
224464
224465
224466
224467
224468
224469
224470
224471
224472
224473
224474
224475
224476
224477
224478
224479
224480
224481
224482
224483
224484
224485
224486
224487
224488
224489
224490
224491
224492
224493
224494
224495
224496
224497
224498
224499
224500
224501
224502
224503
224504
224505
224506
224507
224508
224509
224510
224511
224512
224513
224514
224515
224516
224517
224518
224519
224520
224521
224522
224523
224524
224525
224526
224527
224528
224529
224530
224531
224532
224533
224534
224535
224536
224537
224538
224539
224540
224541
224542
224543
224544
224545
224546
224547
224548
224549
224550
224551
224552
224553
224554
224555
224556
224557
224558
224559
224560
224561
224562
224563
224564
224565
224566
224567
224568
224569
224570
224571
224572
224573
224574
224575
224576
224577
224578
224579
224580
224581
224582
224583
224584
224585
224586
224587
224588
224589
224590
224591
224592
224593
224594
224595
224596
224597
224598
224599
224600
224601
224602
224603
224604
224605
224606
224607
224608
224609
224610
224611
224612
224613
224614
224615
224616
224617
224618
224619
224620
224621
224622
224623
224624
224625
224626
224627
224628
224629
224630
224631
224632
224633
224634
224635
224636
224637
224638
224639
224640
224641
224642
224643
224644
224645
224646
224647
224648
224649
224650
224651
224652
224653
224654
224655
224656
224657
224658
224659
224660
224661
224662
224663
224664
224665
224666
224667
224668
224669
224670
224671
224672
224673
224674
224675
224676
224677
224678
224679
224680
224681
224682
224683
224684
224685
224686
224687
224688
224689
224690
224691
224692
224693
224694
224695
224696
224697
224698
224699
224700
224701
224702
224703
224704
224705
224706
224707
224708
224709
224710
224711
224712
224713
224714
224715
224716
224717
224718
224719
224720
224721
224722
224723
224724
224725
224726
224727
224728
224729
224730
224731
224732
224733
224734
224735
224736
224737
224738
224739
224740
224741
224742
224743
224744
224745
224746
224747
224748
224749
224750
224751
224752
224753
224754
224755
224756
224757
224758
224759
224760
224761
224762
224763
224764
224765
224766
224767
224768
224769
224770
224771
224772
224773
224774
224775
224776
224777
224778
224779
224780
224781
224782
224783
224784
224785
224786
224787
224788
224789
224790
224791
224792
224793
224794
224795
224796
224797
224798
224799
224800
224801
224802
224803
224804
224805
224806
224807
224808
224809
224810
224811
224812
224813
224814
224815
224816
224817
224818
224819
224820
224821
224822
224823
224824
224825
224826
224827
224828
224829
224830
224831
224832
224833
224834
224835
224836
224837
224838
224839
224840
224841
224842
224843
224844
224845
224846
224847
224848
224849
224850
224851
224852
224853
224854
224855
224856
224857
224858
224859
224860
224861
224862
224863
224864
224865
224866
224867
224868
224869
224870
224871
224872
224873
224874
224875
224876
224877
224878
224879
224880
224881
224882
224883
224884
224885
224886
224887
224888
224889
224890
224891
224892
224893
224894
224895
224896
224897
224898
224899
224900
224901
224902
224903
224904
224905
224906
224907
224908
224909
224910
224911
224912
224913
224914
224915
224916
224917
224918
224919
224920
224921
224922
224923
224924
224925
224926
224927
224928
224929
224930
224931
224932
224933
224934
224935
224936
224937
224938
224939
224940
224941
224942
224943
224944
224945
224946
224947
224948
224949
224950
224951
224952
224953
224954
224955
224956
224957
224958
224959
224960
224961
224962
224963
224964
224965
224966
224967
224968
224969
224970
224971
224972
224973
224974
224975
224976
224977
224978
224979
224980
224981
224982
224983
224984
224985
224986
224987
224988
224989
224990
224991
224992
224993
224994
224995
224996
224997
224998
224999
225000
225001
225002
225003
225004
225005
225006
225007
225008
225009
225010
225011
225012
225013
225014
225015
225016
225017
225018
225019
225020
225021
225022
225023
225024
225025
225026
225027
225028
225029
225030
225031
225032
225033
225034
225035
225036
225037
225038
225039
225040
225041
225042
225043
225044
225045
225046
225047
225048
225049
225050
225051
225052
225053
225054
225055
225056
225057
225058
225059
225060
225061
225062
225063
225064
225065
225066
225067
225068
225069
225070
225071
225072
225073
225074
225075
225076
225077
225078
225079
225080
225081
225082
225083
225084
225085
225086
225087
225088
225089
225090
225091
225092
225093
225094
225095
225096
225097
225098
225099
225100
225101
225102
225103
225104
225105
225106
225107
225108
225109
225110
225111
225112
225113
225114
225115
225116
225117
225118
225119
225120
225121
225122
225123
225124
225125
225126
225127
225128
225129
225130
225131
225132
225133
225134
225135
225136
225137
225138
225139
225140
225141
225142
225143
225144
225145
225146
225147
225148
225149
225150
225151
225152
225153
225154
225155
225156
225157
225158
225159
225160
225161
225162
225163
225164
225165
225166
225167
225168
225169
225170
225171
225172
225173
225174
225175
225176
225177
225178
225179
225180
225181
225182
225183
225184
225185
225186
225187
225188
225189
225190
225191
225192
225193
225194
225195
225196
225197
225198
225199
225200
225201
225202
225203
225204
225205
225206
225207
225208
225209
225210
225211
225212
225213
225214
225215
225216
225217
225218
225219
225220
225221
225222
225223
225224
225225
225226
225227
225228
225229
225230
225231
225232
225233
225234
225235
225236
225237
225238
225239
225240
225241
225242
225243
225244
225245
225246
225247
225248
225249
225250
225251
225252
225253
225254
225255
225256
225257
225258
225259
225260
225261
225262
225263
225264
225265
225266
225267
225268
225269
225270
225271
225272
225273
225274
225275
225276
225277
225278
225279
225280
225281
225282
225283
225284
225285
225286
225287
225288
225289
225290
225291
225292
225293
225294
225295
225296
225297
225298
225299
225300
225301
225302
225303
225304
225305
225306
225307
225308
225309
225310
225311
225312
225313
225314
225315
225316
225317
225318
225319
225320
225321
225322
225323
225324
225325
225326
225327
225328
225329
225330
225331
225332
225333
225334
225335
225336
225337
225338
225339
225340
225341
225342
225343
225344
225345
225346
225347
225348
225349
225350
225351
225352
225353
225354
225355
225356
225357
225358
225359
225360
225361
225362
225363
225364
225365
225366
225367
225368
225369
225370
225371
225372
225373
225374
225375
225376
225377
225378
225379
225380
225381
225382
225383
225384
225385
225386
225387
225388
225389
225390
225391
225392
225393
225394
225395
225396
225397
225398
225399
225400
225401
225402
225403
225404
225405
225406
225407
225408
225409
225410
225411
225412
225413
225414
225415
225416
225417
225418
225419
225420
225421
225422
225423
225424
225425
225426
225427
225428
225429
225430
225431
225432
225433
225434
225435
225436
225437
225438
225439
225440
225441
225442
225443
225444
225445
225446
225447
225448
225449
225450
225451
225452
225453
225454
225455
225456
225457
225458
225459
225460
225461
225462
225463
225464
225465
225466
225467
225468
225469
225470
225471
225472
225473
225474
225475
225476
225477
225478
225479
225480
225481
225482
225483
225484
225485
225486
225487
225488
225489
225490
225491
225492
225493
225494
225495
225496
225497
225498
225499
225500
225501
225502
225503
225504
225505
225506
225507
225508
225509
225510
225511
225512
225513
225514
225515
225516
225517
225518
225519
225520
225521
225522
225523
225524
225525
225526
225527
225528
225529
225530
225531
225532
225533
225534
225535
225536
225537
225538
225539
225540
225541
225542
225543
225544
225545
225546
225547
225548
225549
225550
225551
225552
225553
225554
225555
225556
225557
225558
225559
225560
225561
225562
225563
225564
225565
225566
225567
225568
225569
225570
225571
225572
225573
225574
225575
225576
225577
225578
225579
225580
225581
225582
225583
225584
225585
225586
225587
225588
225589
225590
225591
225592
225593
225594
225595
225596
225597
225598
225599
225600
225601
225602
225603
225604
225605
225606
225607
225608
225609
225610
225611
225612
225613
225614
225615
225616
225617
225618
225619
225620
225621
225622
225623
225624
225625
225626
225627
225628
225629
225630
225631
225632
225633
225634
225635
225636
225637
225638
225639
225640
225641
225642
225643
225644
225645
225646
225647
225648
225649
225650
225651
225652
225653
225654
225655
225656
225657
225658
225659
225660
225661
225662
225663
225664
225665
225666
225667
225668
225669
225670
225671
225672
225673
225674
225675
225676
225677
225678
225679
225680
225681
225682
225683
225684
225685
225686
225687
225688
225689
225690
225691
225692
225693
225694
225695
225696
225697
225698
225699
225700
225701
225702
225703
225704
225705
225706
225707
225708
225709
225710
225711
225712
225713
225714
225715
225716
225717
225718
225719
225720
225721
225722
225723
225724
225725
225726
225727
225728
225729
225730
225731
225732
225733
225734
225735
225736
225737
225738
225739
225740
225741
225742
225743
225744
225745
225746
225747
225748
225749
225750
225751
225752
225753
225754
225755
225756
225757
225758
225759
225760
225761
225762
225763
225764
225765
225766
225767
225768
225769
225770
225771
225772
225773
225774
225775
225776
225777
225778
225779
225780
225781
225782
225783
225784
225785
225786
225787
225788
225789
225790
225791
225792
225793
225794
225795
225796
225797
225798
225799
225800
225801
225802
225803
225804
225805
225806
225807
225808
225809
225810
225811
225812
225813
225814
225815
225816
225817
225818
225819
225820
225821
225822
225823
225824
225825
225826
225827
225828
225829
225830
225831
225832
225833
225834
225835
225836
225837
225838
225839
225840
225841
225842
225843
225844
225845
225846
225847
225848
225849
225850
225851
225852
225853
225854
225855
225856
225857
225858
225859
225860
225861
225862
225863
225864
225865
225866
225867
225868
225869
225870
225871
225872
225873
225874
225875
225876
225877
225878
225879
225880
225881
225882
225883
225884
225885
225886
225887
225888
225889
225890
225891
225892
225893
225894
225895
225896
225897
225898
225899
225900
225901
225902
225903
225904
225905
225906
225907
225908
225909
225910
225911
225912
225913
225914
225915
225916
225917
225918
225919
225920
225921
225922
225923
225924
225925
225926
225927
225928
225929
225930
225931
225932
225933
225934
225935
225936
225937
225938
225939
225940
225941
225942
225943
225944
225945
225946
225947
225948
225949
225950
225951
225952
225953
225954
225955
225956
225957
225958
225959
225960
225961
225962
225963
225964
225965
225966
225967
225968
225969
225970
225971
225972
225973
225974
225975
225976
225977
225978
225979
225980
225981
225982
225983
225984
225985
225986
225987
225988
225989
225990
225991
225992
225993
225994
225995
225996
225997
225998
225999
226000
226001
226002
226003
226004
226005
226006
226007
226008
226009
226010
226011
226012
226013
226014
226015
226016
226017
226018
226019
226020
226021
226022
226023
226024
226025
226026
226027
226028
226029
226030
226031
226032
226033
226034
226035
226036
226037
226038
226039
226040
226041
226042
226043
226044
226045
226046
226047
226048
226049
226050
226051
226052
226053
226054
226055
226056
226057
226058
226059
226060
226061
226062
226063
226064
226065
226066
226067
226068
226069
226070
226071
226072
226073
226074
226075
226076
226077
226078
226079
226080
226081
226082
226083
226084
226085
226086
226087
226088
226089
226090
226091
226092
226093
226094
226095
226096
226097
226098
226099
226100
226101
226102
226103
226104
226105
226106
226107
226108
226109
226110
226111
226112
226113
226114
226115
226116
226117
226118
226119
226120
226121
226122
226123
226124
226125
226126
226127
226128
226129
226130
226131
226132
226133
226134
226135
226136
226137
226138
226139
226140
226141
226142
226143
226144
226145
226146
226147
226148
226149
226150
226151
226152
226153
226154
226155
226156
226157
226158
226159
226160
226161
226162
226163
226164
226165
226166
226167
226168
226169
226170
226171
226172
226173
226174
226175
226176
226177
226178
226179
226180
226181
226182
226183
226184
226185
226186
226187
226188
226189
226190
226191
226192
226193
226194
226195
226196
226197
226198
226199
226200
226201
226202
226203
226204
226205
226206
226207
226208
226209
226210
226211
226212
226213
226214
226215
226216
226217
226218
226219
226220
226221
226222
226223
226224
226225
226226
226227
226228
226229
226230
226231
226232
226233
226234
226235
226236
226237
226238
226239
226240
226241
226242
226243
226244
226245
226246
226247
226248
226249
226250
226251
226252
226253
226254
226255
226256
226257
226258
226259
226260
226261
226262
226263
226264
226265
226266
226267
226268
226269
226270
226271
226272
226273
226274
226275
226276
226277
226278
226279
226280
226281
226282
226283
226284
226285
226286
226287
226288
226289
226290
226291
226292
226293
226294
226295
226296
226297
226298
226299
226300
226301
226302
226303
226304
226305
226306
226307
226308
226309
226310
226311
226312
226313
226314
226315
226316
226317
226318
226319
226320
226321
226322
226323
226324
226325
226326
226327
226328
226329
226330
226331
226332
226333
226334
226335
226336
226337
226338
226339
226340
226341
226342
226343
226344
226345
226346
226347
226348
226349
226350
226351
226352
226353
226354
226355
226356
226357
226358
226359
226360
226361
226362
226363
226364
226365
226366
226367
226368
226369
226370
226371
226372
226373
226374
226375
226376
226377
226378
226379
226380
226381
226382
226383
226384
226385
226386
226387
226388
226389
226390
226391
226392
226393
226394
226395
226396
226397
226398
226399
226400
226401
226402
226403
226404
226405
226406
226407
226408
226409
226410
226411
226412
226413
226414
226415
226416
226417
226418
226419
226420
226421
226422
226423
226424
226425
226426
226427
226428
226429
226430
226431
226432
226433
226434
226435
226436
226437
226438
226439
226440
226441
226442
226443
226444
226445
226446
226447
226448
226449
226450
226451
226452
226453
226454
226455
226456
226457
226458
226459
226460
226461
226462
226463
226464
226465
226466
226467
226468
226469
226470
226471
226472
226473
226474
226475
226476
226477
226478
226479
226480
226481
226482
226483
226484
226485
226486
226487
226488
226489
226490
226491
226492
226493
226494
226495
226496
226497
226498
226499
226500
226501
226502
226503
226504
226505
226506
226507
226508
226509
226510
226511
226512
226513
226514
226515
226516
226517
226518
226519
226520
226521
226522
226523
226524
226525
226526
226527
226528
226529
226530
226531
226532
226533
226534
226535
226536
226537
226538
226539
226540
226541
226542
226543
226544
226545
226546
226547
226548
226549
226550
226551
226552
226553
226554
226555
226556
226557
226558
226559
226560
226561
226562
226563
226564
226565
226566
226567
226568
226569
226570
226571
226572
226573
226574
226575
226576
226577
226578
226579
226580
226581
226582
226583
226584
226585
226586
226587
226588
226589
226590
226591
226592
226593
226594
226595
226596
226597
226598
226599
226600
226601
226602
226603
226604
226605
226606
226607
226608
226609
226610
226611
226612
226613
226614
226615
226616
226617
226618
226619
226620
226621
226622
226623
226624
226625
226626
226627
226628
226629
226630
226631
226632
226633
226634
226635
226636
226637
226638
226639
226640
226641
226642
226643
226644
226645
226646
226647
226648
226649
226650
226651
226652
226653
226654
226655
226656
226657
226658
226659
226660
226661
226662
226663
226664
226665
226666
226667
226668
226669
226670
226671
226672
226673
226674
226675
226676
226677
226678
226679
226680
226681
226682
226683
226684
226685
226686
226687
226688
226689
226690
226691
226692
226693
226694
226695
226696
226697
226698
226699
226700
226701
226702
226703
226704
226705
226706
226707
226708
226709
226710
226711
226712
226713
226714
226715
226716
226717
226718
226719
226720
226721
226722
226723
226724
226725
226726
226727
226728
226729
226730
226731
226732
226733
226734
226735
226736
226737
226738
226739
226740
226741
226742
226743
226744
226745
226746
226747
226748
226749
226750
226751
226752
226753
226754
226755
226756
226757
226758
226759
226760
226761
226762
226763
226764
226765
226766
226767
226768
226769
226770
226771
226772
226773
226774
226775
226776
226777
226778
226779
226780
226781
226782
226783
226784
226785
226786
226787
226788
226789
226790
226791
226792
226793
226794
226795
226796
226797
226798
226799
226800
226801
226802
226803
226804
226805
226806
226807
226808
226809
226810
226811
226812
226813
226814
226815
226816
226817
226818
226819
226820
226821
226822
226823
226824
226825
226826
226827
226828
226829
226830
226831
226832
226833
226834
226835
226836
226837
226838
226839
226840
226841
226842
226843
226844
226845
226846
226847
226848
226849
226850
311851
311852
311853
311854
311855
311856
311857
311858
311859
311860
311861
311862
311863
311864
311865
311866
311867
311868
311869
311870
311871
311872
311873
311874
311875
311876
311877
311878
311879
311880
311881
311882
311883
311884
311885
311886
311887
311888
311889
311890
311891
311892
311893
311894
311895
311896
311897
311898
311899
311900
311901
311902
311903
311904
311905
311906
311907
311908
311909
311910
311911
311912
311913
311914
311915
311916
311917
311918
311919
311920
311921
311922
311923
311924
311925
311926
311927
311928
311929
311930
311931
311932
311933
311934
311935
311936
311937
311938
311939
311940
311941
311942
311943
311944
311945
311946
311947
311948
311949
311950
311951
311952
311953
311954
311955
311956
311957
311958
311959
311960
311961
311962
311963
311964
311965
311966
311967
311968
311969
311970
311971
311972
311973
311974
311975
311976
311977
311978
311979
311980
311981
311982
311983
311984
311985
311986
311987
311988
311989
311990
311991
311992
311993
311994
311995
311996
311997
311998
311999
312000
312001
312002
312003
312004
312005
312006
312007
312008
312009
312010
312011
312012
312013
312014
312015
312016
312017
312018
312019
312020
312021
312022
312023
312024
312025
312026
312027
312028
312029
312030
312031
312032
312033
312034
312035
312036
312037
312038
312039
312040
312041
312042
312043
312044
312045
312046
312047
312048
312049
312050
312051
312052
312053
312054
312055
312056
312057
312058
312059
312060
312061
312062
312063
312064
312065
312066
312067
312068
312069
312070
312071
312072
312073
312074
312075
312076
312077
312078
312079
312080
312081
312082
312083
312084
312085
312086
312087
312088
312089
312090
312091
312092
312093
312094
312095
312096
312097
312098
312099
312100
312101
312102
312103
312104
312105
312106
312107
312108
312109
312110
312111
312112
312113
312114
312115
312116
312117
312118
312119
312120
312121
312122
312123
312124
312125
312126
312127
312128
312129
312130
312131
312132
312133
312134
312135
312136
312137
312138
312139
312140
312141
312142
312143
312144
312145
312146
312147
312148
312149
312150
312151
312152
312153
312154
312155
312156
312157
312158
312159
312160
312161
312162
312163
312164
312165
312166
312167
312168
312169
312170
312171
312172
312173
312174
312175
312176
312177
312178
312179
312180
312181
312182
312183
312184
312185
312186
312187
312188
312189
312190
312191
312192
312193
312194
312195
312196
312197
312198
312199
312200
312201
312202
312203
312204
312205
312206
312207
312208
312209
312210
312211
312212
312213
312214
312215
312216
312217
312218
312219
312220
312221
312222
312223
312224
312225
312226
312227
312228
312229
312230
312231
312232
312233
312234
312235
312236
312237
312238
312239
312240
312241
312242
312243
312244
312245
312246
312247
312248
312249
312250
312251
312252
312253
312254
312255
312256
312257
312258
312259
312260
312261
312262
312263
312264
312265
312266
312267
312268
312269
312270
312271
312272
312273
312274
312275
312276
312277
312278
312279
312280
312281
312282
312283
312284
312285
312286
312287
312288
312289
312290
312291
312292
312293
312294
312295
312296
312297
312298
312299
312300
312301
312302
312303
312304
312305
312306
312307
312308
312309
312310
312311
312312
312313
312314
312315
312316
312317
312318
312319
312320
312321
312322
312323
312324
312325
312326
312327
312328
312329
312330
312331
312332
312333
312334
312335
312336
312337
312338
312339
312340
312341
312342
312343
312344
312345
312346
312347
312348
312349
312350
312351
312352
312353
312354
312355
312356
312357
312358
312359
312360
312361
312362
312363
312364
312365
312366
312367
312368
312369
312370
312371
312372
312373
312374
312375
312376
312377
312378
312379
312380
312381
312382
312383
312384
312385
312386
312387
312388
312389
312390
312391
312392
312393
312394
312395
312396
312397
312398
312399
312400
312401
312402
312403
312404
312405
312406
312407
312408
312409
312410
312411
312412
312413
312414
312415
312416
312417
312418
312419
312420
312421
312422
312423
312424
312425
312426
312427
312428
312429
312430
312431
312432
312433
312434
312435
312436
312437
312438
312439
312440
312441
312442
312443
312444
312445
312446
312447
312448
312449
312450
312451
312452
312453
312454
312455
312456
312457
312458
312459
312460
312461
312462
312463
312464
312465
312466
312467
312468
312469
312470
312471
312472
312473
312474
312475
312476
312477
312478
312479
312480
312481
312482
312483
312484
312485
312486
312487
312488
312489
312490
312491
312492
312493
312494
312495
312496
312497
312498
312499
312500
312501
312502
312503
312504
312505
312506
312507
312508
312509
312510
312511
312512
312513
312514
312515
312516
312517
312518
312519
312520
312521
312522
312523
312524
312525
312526
312527
312528
312529
312530
312531
312532
312533
312534
312535
312536
312537
312538
312539
312540
312541
312542
312543
312544
312545
312546
312547
312548
312549
312550
312551
312552
312553
312554
312555
312556
312557
312558
312559
312560
312561
312562
312563
312564
312565
312566
312567
312568
312569
312570
312571
312572
312573
312574
312575
312576
312577
312578
312579
312580
312581
312582
312583
312584
312585
312586
312587
312588
312589
312590
312591
312592
312593
312594
312595
312596
312597
312598
312599
312600
312601
312602
312603
312604
312605
312606
312607
312608
312609
312610
312611
312612
312613
312614
312615
312616
312617
312618
312619
312620
312621
312622
312623
312624
312625
312626
312627
312628
312629
312630
312631
312632
312633
312634
312635
312636
312637
312638
312639
312640
312641
312642
312643
312644
312645
312646
312647
312648
312649
312650
312651
312652
312653
312654
312655
312656
312657
312658
312659
312660
312661
312662
312663
312664
312665
312666
312667
312668
312669
312670
312671
312672
312673
312674
312675
312676
312677
312678
312679
312680
312681
312682
312683
312684
312685
312686
312687
312688
312689
312690
312691
312692
312693
312694
312695
312696
312697
312698
312699
312700
312701
312702
312703
312704
312705
312706
312707
312708
312709
312710
312711
312712
312713
312714
312715
312716
312717
312718
312719
312720
312721
312722
312723
312724
312725
312726
312727
312728
312729
312730
312731
312732
312733
312734
312735
312736
312737
312738
312739
312740
312741
312742
312743
312744
312745
312746
312747
312748
312749
312750
312751
312752
312753
312754
312755
312756
312757
312758
312759
312760
312761
312762
312763
312764
312765
312766
312767
312768
312769
312770
312771
312772
312773
312774
312775
312776
312777
312778
312779
312780
312781
312782
312783
312784
312785
312786
312787
312788
312789
312790
312791
312792
312793
312794
312795
312796
312797
312798
312799
312800
312801
312802
312803
312804
312805
312806
312807
312808
312809
312810
312811
312812
312813
312814
312815
312816
312817
312818
312819
312820
312821
312822
312823
312824
312825
312826
312827
312828
312829
312830
312831
312832
312833
312834
312835
312836
312837
312838
312839
312840
312841
312842
312843
312844
312845
312846
312847
312848
312849
312850
312851
312852
312853
312854
312855
312856
312857
312858
312859
312860
312861
312862
312863
312864
312865
312866
312867
312868
312869
312870
312871
312872
312873
312874
312875
312876
312877
312878
312879
312880
312881
312882
312883
312884
312885
312886
312887
312888
312889
312890
312891
312892
312893
312894
312895
312896
312897
312898
312899
312900
312901
312902
312903
312904
312905
312906
312907
312908
312909
312910
312911
312912
312913
312914
312915
312916
312917
312918
312919
312920
312921
312922
312923
312924
312925
312926
312927
312928
312929
312930
312931
312932
312933
312934
312935
312936
312937
312938
312939
312940
312941
312942
312943
312944
312945
312946
312947
312948
312949
312950
312951
312952
312953
312954
312955
312956
312957
312958
312959
312960
312961
312962
312963
312964
312965
312966
312967
312968
312969
312970
312971
312972
312973
312974
312975
312976
312977
312978
312979
312980
312981
312982
312983
312984
312985
312986
312987
312988
312989
312990
312991
312992
312993
312994
312995
312996
312997
312998
312999
313000
313001
313002
313003
313004
313005
313006
313007
313008
313009
313010
313011
313012
313013
313014
313015
313016
313017
313018
313019
313020
313021
313022
313023
313024
313025
313026
313027
313028
313029
313030
313031
313032
313033
313034
313035
313036
313037
313038
313039
313040
313041
313042
313043
313044
313045
313046
313047
313048
313049
313050
313051
313052
313053
313054
313055
313056
313057
313058
313059
313060
313061
313062
313063
313064
313065
313066
313067
313068
313069
313070
313071
313072
313073
313074
313075
313076
313077
313078
313079
313080
313081
313082
313083
313084
313085
313086
313087
313088
313089
313090
313091
313092
313093
313094
313095
313096
313097
313098
313099
313100
313101
313102
313103
313104
313105
313106
313107
313108
313109
313110
313111
313112
313113
313114
313115
313116
313117
313118
313119
313120
313121
313122
313123
313124
313125
313126
313127
313128
313129
313130
313131
313132
313133
313134
313135
313136
313137
313138
313139
313140
313141
313142
313143
313144
313145
313146
313147
313148
313149
313150
313151
313152
313153
313154
313155
313156
313157
313158
313159
313160
313161
313162
313163
313164
313165
313166
313167
313168
313169
313170
313171
313172
313173
313174
313175
313176
313177
313178
313179
313180
313181
313182
313183
313184
313185
313186
313187
313188
313189
313190
313191
313192
313193
313194
313195
313196
313197
313198
313199
313200
313201
313202
313203
313204
313205
313206
313207
313208
313209
313210
313211
313212
313213
313214
313215
313216
313217
313218
313219
313220
313221
313222
313223
313224
313225
313226
313227
313228
313229
313230
313231
313232
313233
313234
313235
313236
313237
313238
313239
313240
313241
313242
313243
313244
313245
313246
313247
313248
313249
313250
313251
313252
313253
313254
313255
313256
313257
313258
313259
313260
313261
313262
313263
313264
313265
313266
313267
313268
313269
313270
313271
313272
313273
313274
313275
313276
313277
313278
313279
313280
313281
313282
313283
313284
313285
313286
313287
313288
313289
313290
313291
313292
313293
313294
313295
313296
313297
313298
313299
313300
313301
313302
313303
313304
313305
313306
313307
313308
313309
313310
313311
313312
313313
313314
313315
313316
313317
313318
313319
313320
313321
313322
313323
313324
313325
313326
313327
313328
313329
313330
313331
313332
313333
313334
313335
313336
313337
313338
313339
313340
313341
313342
313343
313344
313345
313346
313347
313348
313349
313350
313351
313352
313353
313354
313355
313356
313357
313358
313359
313360
313361
313362
313363
313364
313365
313366
313367
313368
313369
313370
313371
313372
313373
313374
313375
313376
313377
313378
313379
313380
313381
313382
313383
313384
313385
313386
313387
313388
313389
313390
313391
313392
313393
313394
313395
313396
313397
313398
313399
313400
313401
313402
313403
313404
313405
313406
313407
313408
313409
313410
313411
313412
313413
313414
313415
313416
313417
313418
313419
313420
313421
313422
313423
313424
313425
313426
313427
313428
313429
313430
313431
313432
313433
313434
313435
313436
313437
313438
313439
313440
313441
313442
313443
313444
313445
313446
313447
313448
313449
313450
313451
313452
313453
313454
313455
313456
313457
313458
313459
313460
313461
313462
313463
313464
313465
313466
313467
313468
313469
313470
313471
313472
313473
313474
313475
313476
313477
313478
313479
313480
313481
313482
313483
313484
313485
313486
313487
313488
313489
313490
313491
313492
313493
313494
313495
313496
313497
313498
313499
313500
313501
313502
313503
313504
313505
313506
313507
313508
313509
313510
313511
313512
313513
313514
313515
313516
313517
313518
313519
313520
313521
313522
313523
313524
313525
313526
313527
313528
313529
313530
313531
313532
313533
313534
313535
313536
313537
313538
313539
313540
313541
313542
313543
313544
313545
313546
313547
313548
313549
313550
313551
313552
313553
313554
313555
313556
313557
313558
313559
313560
313561
313562
313563
313564
313565
313566
313567
313568
313569
313570
313571
313572
313573
313574
313575
313576
313577
313578
313579
313580
313581
313582
313583
313584
313585
313586
313587
313588
313589
313590
313591
313592
313593
313594
313595
313596
313597
313598
313599
313600
313601
313602
313603
313604
313605
313606
313607
313608
313609
313610
313611
313612
313613
313614
313615
313616
313617
313618
313619
313620
313621
313622
313623
313624
313625
313626
313627
313628
313629
313630
313631
313632
313633
313634
313635
313636
313637
313638
313639
313640
313641
313642
313643
313644
313645
313646
313647
313648
313649
313650
313651
313652
313653
313654
313655
313656
313657
313658
313659
313660
313661
313662
313663
313664
313665
313666
313667
313668
313669
313670
313671
313672
313673
313674
313675
313676
313677
313678
313679
313680
313681
313682
313683
313684
313685
313686
313687
313688
313689
313690
313691
313692
313693
313694
313695
313696
313697
313698
313699
313700
313701
313702
313703
313704
313705
313706
313707
313708
313709
313710
313711
313712
313713
313714
313715
313716
313717
313718
313719
313720
313721
313722
313723
313724
313725
313726
313727
313728
313729
313730
313731
313732
313733
313734
313735
313736
313737
313738
313739
313740
313741
313742
313743
313744
313745
313746
313747
313748
313749
313750
313751
313752
313753
313754
313755
313756
313757
313758
313759
313760
313761
313762
313763
313764
313765
313766
313767
313768
313769
313770
313771
313772
313773
313774
313775
313776
313777
313778
313779
313780
313781
313782
313783
313784
313785
313786
313787
313788
313789
313790
313791
313792
313793
313794
313795
313796
313797
313798
313799
313800
313801
313802
313803
313804
313805
313806
313807
313808
313809
313810
313811
313812
313813
313814
313815
313816
313817
313818
313819
313820
313821
313822
313823
313824
313825
313826
313827
313828
313829
313830
313831
313832
313833
313834
313835
313836
313837
313838
313839
313840
313841
313842
313843
313844
313845
313846
313847
313848
313849
313850
313851
313852
313853
313854
313855
313856
313857
313858
313859
313860
313861
313862
313863
313864
313865
313866
313867
313868
313869
313870
313871
313872
313873
313874
313875
313876
313877
313878
313879
313880
313881
313882
313883
313884
313885
313886
313887
313888
313889
313890
313891
313892
313893
313894
313895
313896
313897
313898
313899
313900
313901
313902
313903
313904
313905
313906
313907
313908
313909
313910
313911
313912
313913
313914
313915
313916
313917
313918
313919
313920
313921
313922
313923
313924
313925
313926
313927
313928
313929
313930
313931
313932
313933
313934
313935
313936
313937
313938
313939
313940
313941
313942
313943
313944
313945
313946
313947
313948
313949
313950
313951
313952
313953
313954
313955
313956
313957
313958
313959
313960
313961
313962
313963
313964
313965
313966
313967
313968
313969
313970
313971
313972
313973
313974
313975
313976
313977
313978
313979
313980
313981
313982
313983
313984
313985
313986
313987
313988
313989
313990
313991
313992
313993
313994
313995
313996
313997
313998
313999
314000
314001
314002
314003
314004
314005
314006
314007
314008
314009
314010
314011
314012
314013
314014
314015
314016
314017
314018
314019
314020
314021
314022
314023
314024
314025
314026
314027
314028
314029
314030
314031
314032
314033
314034
314035
314036
314037
314038
314039
314040
314041
314042
314043
314044
314045
314046
314047
314048
314049
314050
314051
314052
314053
314054
314055
314056
314057
314058
314059
314060
314061
314062
314063
314064
314065
314066
314067
314068
314069
314070
314071
314072
314073
314074
314075
314076
314077
314078
314079
314080
314081
314082
314083
314084
314085
314086
314087
314088
314089
314090
314091
314092
314093
314094
314095
314096
314097
314098
314099
314100
314101
314102
314103
314104
314105
314106
314107
314108
314109
314110
314111
314112
314113
314114
314115
314116
314117
314118
314119
314120
314121
314122
314123
314124
314125
314126
314127
314128
314129
314130
314131
314132
314133
314134
314135
314136
314137
314138
314139
314140
314141
314142
314143
314144
314145
314146
314147
314148
314149
314150
314151
314152
314153
314154
314155
314156
314157
314158
314159
314160
314161
314162
314163
314164
314165
314166
314167
314168
314169
314170
314171
314172
314173
314174
314175
314176
314177
314178
314179
314180
314181
314182
314183
314184
314185
314186
314187
314188
314189
314190
314191
314192
314193
314194
314195
314196
314197
314198
314199
314200
314201
314202
314203
314204
314205
314206
314207
314208
314209
314210
314211
314212
314213
314214
314215
314216
314217
314218
314219
314220
314221
314222
314223
314224
314225
314226
314227
314228
314229
314230
314231
314232
314233
314234
314235
314236
314237
314238
314239
314240
314241
314242
314243
314244
314245
314246
314247
314248
314249
314250
314251
314252
314253
314254
314255
314256
314257
314258
314259
314260
314261
314262
314263
314264
314265
314266
314267
314268
314269
314270
314271
314272
314273
314274
314275
314276
314277
314278
314279
314280
314281
314282
314283
314284
314285
314286
314287
314288
314289
314290
314291
314292
314293
314294
314295
314296
314297
314298
314299
314300
314301
314302
314303
314304
314305
314306
314307
314308
314309
314310
314311
314312
314313
314314
314315
314316
314317
314318
314319
314320
314321
314322
314323
314324
314325
314326
314327
314328
314329
314330
314331
314332
314333
314334
314335
314336
314337
314338
314339
314340
314341
314342
314343
314344
314345
314346
314347
314348
314349
314350
349601
349602
349603
349604
349605
349606
349607
349608
349609
349610
349611
349612
349613
349614
349615
349616
349617
349618
349619
349620
349621
349622
349623
349624
349625
349626
349627
349628
349629
349630
349631
349632
349633
349634
349635
349636
349637
349638
349639
349640
349641
349642
349643
349644
349645
349646
349647
349648
349649
349650
99850
99950
100050
100150
100250
100350
100450
100550
100650
100750
100850
100950
101050
101150
101250
101350
101450
101550
101650
101750
101850
101950
102050
102150
102250
102350
102450
102550
102650
102750
102850
102950
103050
103150
103250
103350
103450
103550
103650
103750
103850
103950
104050
104150
104250
104350
104450
104550
104650
104749
104652
104654
104656
104658
104660
104662
104664
104666
104668
104670
104672
104674
104676
104678
104680
104682
104684
104686
104688
104690
104692
104694
104696
104698
104700
104702
104704
104706
104708
104710
104712
104714
104716
104718
104720
104722
104724
104726
104728
104730
104732
104734
104736
104738
104740
104742
104744
104746
104748
104750
-84702
-84704
-84706
-84708
-84710
-84712
-84714
-84716
-84718
-84720
-84722
-84724
-84726
-84728
-84730
-84732
-84734
-84736
-84738
-84740
-84742
-84744
-84746
-84748
-84750
-84752
-84754
-84756
-84758
-84760
-84762
-84764
-84766
-84768
-84770
-84772
-84774
-84776
-84778
-84780
-84782
-84784
-84786
-84788
-84790
-84792
-84794
-84796
-84798
-84800
)


// ************************************************************************* //
