/*--------------------------------*- C++ -*----------------------------------*\
| =========                 |                                                 |
| \\      /  F ield         | OpenFOAM: The Open Source CFD Toolbox           |
|  \\    /   O peration     | Version:  v1906                                 |
|   \\  /    A nd           | Web:      www.OpenFOAM.com                      |
|    \\/     M anipulation  |                                                 |
\*---------------------------------------------------------------------------*/
FoamFile
{
    version     2.0;
    format      ascii;
    class       labelList;
    location    "constant/cs8/polyMesh";
    object      faceRegionAddressing;
}
// * * * * * * * * * * * * * * * * * * * * * * * * * * * * * * * * * * * * * //


10100
(
39901
39902
39903
39904
39905
39906
39907
39908
39909
39910
39911
39912
39913
39914
39915
39916
39917
39918
39919
39920
39921
39922
39923
39924
39925
39926
39927
39928
39929
39930
39931
39932
39933
39934
39935
39936
39937
39938
39939
39940
39941
39942
39943
39944
39945
39946
39947
39948
39949
39950
39951
39952
39953
39954
39955
39956
39957
39958
39959
39960
39961
39962
39963
39964
39965
39966
39967
39968
39969
39970
39971
39972
39973
39974
39975
39976
39977
39978
39979
39980
39981
39982
39983
39984
39985
39986
39987
39988
39989
39990
39991
39992
39993
39994
39995
39996
39997
39998
39999
40001
40002
40003
40004
40005
40006
40007
40008
40009
40010
40011
40012
40013
40014
40015
40016
40017
40018
40019
40020
40021
40022
40023
40024
40025
40026
40027
40028
40029
40030
40031
40032
40033
40034
40035
40036
40037
40038
40039
40040
40041
40042
40043
40044
40045
40046
40047
40048
40049
40050
40051
40052
40053
40054
40055
40056
40057
40058
40059
40060
40061
40062
40063
40064
40065
40066
40067
40068
40069
40070
40071
40072
40073
40074
40075
40076
40077
40078
40079
40080
40081
40082
40083
40084
40085
40086
40087
40088
40089
40090
40091
40092
40093
40094
40095
40096
40097
40098
40099
40101
40102
40103
40104
40105
40106
40107
40108
40109
40110
40111
40112
40113
40114
40115
40116
40117
40118
40119
40120
40121
40122
40123
40124
40125
40126
40127
40128
40129
40130
40131
40132
40133
40134
40135
40136
40137
40138
40139
40140
40141
40142
40143
40144
40145
40146
40147
40148
40149
40150
40151
40152
40153
40154
40155
40156
40157
40158
40159
40160
40161
40162
40163
40164
40165
40166
40167
40168
40169
40170
40171
40172
40173
40174
40175
40176
40177
40178
40179
40180
40181
40182
40183
40184
40185
40186
40187
40188
40189
40190
40191
40192
40193
40194
40195
40196
40197
40198
40199
40201
40202
40203
40204
40205
40206
40207
40208
40209
40210
40211
40212
40213
40214
40215
40216
40217
40218
40219
40220
40221
40222
40223
40224
40225
40226
40227
40228
40229
40230
40231
40232
40233
40234
40235
40236
40237
40238
40239
40240
40241
40242
40243
40244
40245
40246
40247
40248
40249
40250
40251
40252
40253
40254
40255
40256
40257
40258
40259
40260
40261
40262
40263
40264
40265
40266
40267
40268
40269
40270
40271
40272
40273
40274
40275
40276
40277
40278
40279
40280
40281
40282
40283
40284
40285
40286
40287
40288
40289
40290
40291
40292
40293
40294
40295
40296
40297
40298
40299
40301
40302
40303
40304
40305
40306
40307
40308
40309
40310
40311
40312
40313
40314
40315
40316
40317
40318
40319
40320
40321
40322
40323
40324
40325
40326
40327
40328
40329
40330
40331
40332
40333
40334
40335
40336
40337
40338
40339
40340
40341
40342
40343
40344
40345
40346
40347
40348
40349
40350
40351
40352
40353
40354
40355
40356
40357
40358
40359
40360
40361
40362
40363
40364
40365
40366
40367
40368
40369
40370
40371
40372
40373
40374
40375
40376
40377
40378
40379
40380
40381
40382
40383
40384
40385
40386
40387
40388
40389
40390
40391
40392
40393
40394
40395
40396
40397
40398
40399
40401
40402
40403
40404
40405
40406
40407
40408
40409
40410
40411
40412
40413
40414
40415
40416
40417
40418
40419
40420
40421
40422
40423
40424
40425
40426
40427
40428
40429
40430
40431
40432
40433
40434
40435
40436
40437
40438
40439
40440
40441
40442
40443
40444
40445
40446
40447
40448
40449
40450
40451
40452
40453
40454
40455
40456
40457
40458
40459
40460
40461
40462
40463
40464
40465
40466
40467
40468
40469
40470
40471
40472
40473
40474
40475
40476
40477
40478
40479
40480
40481
40482
40483
40484
40485
40486
40487
40488
40489
40490
40491
40492
40493
40494
40495
40496
40497
40498
40499
40501
40502
40503
40504
40505
40506
40507
40508
40509
40510
40511
40512
40513
40514
40515
40516
40517
40518
40519
40520
40521
40522
40523
40524
40525
40526
40527
40528
40529
40530
40531
40532
40533
40534
40535
40536
40537
40538
40539
40540
40541
40542
40543
40544
40545
40546
40547
40548
40549
40550
40551
40552
40553
40554
40555
40556
40557
40558
40559
40560
40561
40562
40563
40564
40565
40566
40567
40568
40569
40570
40571
40572
40573
40574
40575
40576
40577
40578
40579
40580
40581
40582
40583
40584
40585
40586
40587
40588
40589
40590
40591
40592
40593
40594
40595
40596
40597
40598
40599
40601
40602
40603
40604
40605
40606
40607
40608
40609
40610
40611
40612
40613
40614
40615
40616
40617
40618
40619
40620
40621
40622
40623
40624
40625
40626
40627
40628
40629
40630
40631
40632
40633
40634
40635
40636
40637
40638
40639
40640
40641
40642
40643
40644
40645
40646
40647
40648
40649
40650
40651
40652
40653
40654
40655
40656
40657
40658
40659
40660
40661
40662
40663
40664
40665
40666
40667
40668
40669
40670
40671
40672
40673
40674
40675
40676
40677
40678
40679
40680
40681
40682
40683
40684
40685
40686
40687
40688
40689
40690
40691
40692
40693
40694
40695
40696
40697
40698
40699
40701
40702
40703
40704
40705
40706
40707
40708
40709
40710
40711
40712
40713
40714
40715
40716
40717
40718
40719
40720
40721
40722
40723
40724
40725
40726
40727
40728
40729
40730
40731
40732
40733
40734
40735
40736
40737
40738
40739
40740
40741
40742
40743
40744
40745
40746
40747
40748
40749
40750
40751
40752
40753
40754
40755
40756
40757
40758
40759
40760
40761
40762
40763
40764
40765
40766
40767
40768
40769
40770
40771
40772
40773
40774
40775
40776
40777
40778
40779
40780
40781
40782
40783
40784
40785
40786
40787
40788
40789
40790
40791
40792
40793
40794
40795
40796
40797
40798
40799
40801
40802
40803
40804
40805
40806
40807
40808
40809
40810
40811
40812
40813
40814
40815
40816
40817
40818
40819
40820
40821
40822
40823
40824
40825
40826
40827
40828
40829
40830
40831
40832
40833
40834
40835
40836
40837
40838
40839
40840
40841
40842
40843
40844
40845
40846
40847
40848
40849
40850
40851
40852
40853
40854
40855
40856
40857
40858
40859
40860
40861
40862
40863
40864
40865
40866
40867
40868
40869
40870
40871
40872
40873
40874
40875
40876
40877
40878
40879
40880
40881
40882
40883
40884
40885
40886
40887
40888
40889
40890
40891
40892
40893
40894
40895
40896
40897
40898
40899
40901
40902
40903
40904
40905
40906
40907
40908
40909
40910
40911
40912
40913
40914
40915
40916
40917
40918
40919
40920
40921
40922
40923
40924
40925
40926
40927
40928
40929
40930
40931
40932
40933
40934
40935
40936
40937
40938
40939
40940
40941
40942
40943
40944
40945
40946
40947
40948
40949
40950
40951
40952
40953
40954
40955
40956
40957
40958
40959
40960
40961
40962
40963
40964
40965
40966
40967
40968
40969
40970
40971
40972
40973
40974
40975
40976
40977
40978
40979
40980
40981
40982
40983
40984
40985
40986
40987
40988
40989
40990
40991
40992
40993
40994
40995
40996
40997
40998
40999
41001
41002
41003
41004
41005
41006
41007
41008
41009
41010
41011
41012
41013
41014
41015
41016
41017
41018
41019
41020
41021
41022
41023
41024
41025
41026
41027
41028
41029
41030
41031
41032
41033
41034
41035
41036
41037
41038
41039
41040
41041
41042
41043
41044
41045
41046
41047
41048
41049
41050
41051
41052
41053
41054
41055
41056
41057
41058
41059
41060
41061
41062
41063
41064
41065
41066
41067
41068
41069
41070
41071
41072
41073
41074
41075
41076
41077
41078
41079
41080
41081
41082
41083
41084
41085
41086
41087
41088
41089
41090
41091
41092
41093
41094
41095
41096
41097
41098
41099
41101
41102
41103
41104
41105
41106
41107
41108
41109
41110
41111
41112
41113
41114
41115
41116
41117
41118
41119
41120
41121
41122
41123
41124
41125
41126
41127
41128
41129
41130
41131
41132
41133
41134
41135
41136
41137
41138
41139
41140
41141
41142
41143
41144
41145
41146
41147
41148
41149
41150
41151
41152
41153
41154
41155
41156
41157
41158
41159
41160
41161
41162
41163
41164
41165
41166
41167
41168
41169
41170
41171
41172
41173
41174
41175
41176
41177
41178
41179
41180
41181
41182
41183
41184
41185
41186
41187
41188
41189
41190
41191
41192
41193
41194
41195
41196
41197
41198
41199
41201
41202
41203
41204
41205
41206
41207
41208
41209
41210
41211
41212
41213
41214
41215
41216
41217
41218
41219
41220
41221
41222
41223
41224
41225
41226
41227
41228
41229
41230
41231
41232
41233
41234
41235
41236
41237
41238
41239
41240
41241
41242
41243
41244
41245
41246
41247
41248
41249
41250
41251
41252
41253
41254
41255
41256
41257
41258
41259
41260
41261
41262
41263
41264
41265
41266
41267
41268
41269
41270
41271
41272
41273
41274
41275
41276
41277
41278
41279
41280
41281
41282
41283
41284
41285
41286
41287
41288
41289
41290
41291
41292
41293
41294
41295
41296
41297
41298
41299
41301
41302
41303
41304
41305
41306
41307
41308
41309
41310
41311
41312
41313
41314
41315
41316
41317
41318
41319
41320
41321
41322
41323
41324
41325
41326
41327
41328
41329
41330
41331
41332
41333
41334
41335
41336
41337
41338
41339
41340
41341
41342
41343
41344
41345
41346
41347
41348
41349
41350
41351
41352
41353
41354
41355
41356
41357
41358
41359
41360
41361
41362
41363
41364
41365
41366
41367
41368
41369
41370
41371
41372
41373
41374
41375
41376
41377
41378
41379
41380
41381
41382
41383
41384
41385
41386
41387
41388
41389
41390
41391
41392
41393
41394
41395
41396
41397
41398
41399
41401
41402
41403
41404
41405
41406
41407
41408
41409
41410
41411
41412
41413
41414
41415
41416
41417
41418
41419
41420
41421
41422
41423
41424
41425
41426
41427
41428
41429
41430
41431
41432
41433
41434
41435
41436
41437
41438
41439
41440
41441
41442
41443
41444
41445
41446
41447
41448
41449
41450
41451
41452
41453
41454
41455
41456
41457
41458
41459
41460
41461
41462
41463
41464
41465
41466
41467
41468
41469
41470
41471
41472
41473
41474
41475
41476
41477
41478
41479
41480
41481
41482
41483
41484
41485
41486
41487
41488
41489
41490
41491
41492
41493
41494
41495
41496
41497
41498
41499
41501
41502
41503
41504
41505
41506
41507
41508
41509
41510
41511
41512
41513
41514
41515
41516
41517
41518
41519
41520
41521
41522
41523
41524
41525
41526
41527
41528
41529
41530
41531
41532
41533
41534
41535
41536
41537
41538
41539
41540
41541
41542
41543
41544
41545
41546
41547
41548
41549
41550
41551
41552
41553
41554
41555
41556
41557
41558
41559
41560
41561
41562
41563
41564
41565
41566
41567
41568
41569
41570
41571
41572
41573
41574
41575
41576
41577
41578
41579
41580
41581
41582
41583
41584
41585
41586
41587
41588
41589
41590
41591
41592
41593
41594
41595
41596
41597
41598
41599
41601
41602
41603
41604
41605
41606
41607
41608
41609
41610
41611
41612
41613
41614
41615
41616
41617
41618
41619
41620
41621
41622
41623
41624
41625
41626
41627
41628
41629
41630
41631
41632
41633
41634
41635
41636
41637
41638
41639
41640
41641
41642
41643
41644
41645
41646
41647
41648
41649
41650
41651
41652
41653
41654
41655
41656
41657
41658
41659
41660
41661
41662
41663
41664
41665
41666
41667
41668
41669
41670
41671
41672
41673
41674
41675
41676
41677
41678
41679
41680
41681
41682
41683
41684
41685
41686
41687
41688
41689
41690
41691
41692
41693
41694
41695
41696
41697
41698
41699
41701
41702
41703
41704
41705
41706
41707
41708
41709
41710
41711
41712
41713
41714
41715
41716
41717
41718
41719
41720
41721
41722
41723
41724
41725
41726
41727
41728
41729
41730
41731
41732
41733
41734
41735
41736
41737
41738
41739
41740
41741
41742
41743
41744
41745
41746
41747
41748
41749
41750
41751
41752
41753
41754
41755
41756
41757
41758
41759
41760
41761
41762
41763
41764
41765
41766
41767
41768
41769
41770
41771
41772
41773
41774
41775
41776
41777
41778
41779
41780
41781
41782
41783
41784
41785
41786
41787
41788
41789
41790
41791
41792
41793
41794
41795
41796
41797
41798
41799
41801
41802
41803
41804
41805
41806
41807
41808
41809
41810
41811
41812
41813
41814
41815
41816
41817
41818
41819
41820
41821
41822
41823
41824
41825
41826
41827
41828
41829
41830
41831
41832
41833
41834
41835
41836
41837
41838
41839
41840
41841
41842
41843
41844
41845
41846
41847
41848
41849
41850
41851
41852
41853
41854
41855
41856
41857
41858
41859
41860
41861
41862
41863
41864
41865
41866
41867
41868
41869
41870
41871
41872
41873
41874
41875
41876
41877
41878
41879
41880
41881
41882
41883
41884
41885
41886
41887
41888
41889
41890
41891
41892
41893
41894
41895
41896
41897
41898
41899
41901
41902
41903
41904
41905
41906
41907
41908
41909
41910
41911
41912
41913
41914
41915
41916
41917
41918
41919
41920
41921
41922
41923
41924
41925
41926
41927
41928
41929
41930
41931
41932
41933
41934
41935
41936
41937
41938
41939
41940
41941
41942
41943
41944
41945
41946
41947
41948
41949
41950
41951
41952
41953
41954
41955
41956
41957
41958
41959
41960
41961
41962
41963
41964
41965
41966
41967
41968
41969
41970
41971
41972
41973
41974
41975
41976
41977
41978
41979
41980
41981
41982
41983
41984
41985
41986
41987
41988
41989
41990
41991
41992
41993
41994
41995
41996
41997
41998
41999
42001
42002
42003
42004
42005
42006
42007
42008
42009
42010
42011
42012
42013
42014
42015
42016
42017
42018
42019
42020
42021
42022
42023
42024
42025
42026
42027
42028
42029
42030
42031
42032
42033
42034
42035
42036
42037
42038
42039
42040
42041
42042
42043
42044
42045
42046
42047
42048
42049
42050
42051
42052
42053
42054
42055
42056
42057
42058
42059
42060
42061
42062
42063
42064
42065
42066
42067
42068
42069
42070
42071
42072
42073
42074
42075
42076
42077
42078
42079
42080
42081
42082
42083
42084
42085
42086
42087
42088
42089
42090
42091
42092
42093
42094
42095
42096
42097
42098
42099
42101
42102
42103
42104
42105
42106
42107
42108
42109
42110
42111
42112
42113
42114
42115
42116
42117
42118
42119
42120
42121
42122
42123
42124
42125
42126
42127
42128
42129
42130
42131
42132
42133
42134
42135
42136
42137
42138
42139
42140
42141
42142
42143
42144
42145
42146
42147
42148
42149
42150
42151
42152
42153
42154
42155
42156
42157
42158
42159
42160
42161
42162
42163
42164
42165
42166
42167
42168
42169
42170
42171
42172
42173
42174
42175
42176
42177
42178
42179
42180
42181
42182
42183
42184
42185
42186
42187
42188
42189
42190
42191
42192
42193
42194
42195
42196
42197
42198
42199
42201
42202
42203
42204
42205
42206
42207
42208
42209
42210
42211
42212
42213
42214
42215
42216
42217
42218
42219
42220
42221
42222
42223
42224
42225
42226
42227
42228
42229
42230
42231
42232
42233
42234
42235
42236
42237
42238
42239
42240
42241
42242
42243
42244
42245
42246
42247
42248
42249
42250
42251
42252
42253
42254
42255
42256
42257
42258
42259
42260
42261
42262
42263
42264
42265
42266
42267
42268
42269
42270
42271
42272
42273
42274
42275
42276
42277
42278
42279
42280
42281
42282
42283
42284
42285
42286
42287
42288
42289
42290
42291
42292
42293
42294
42295
42296
42297
42298
42299
42301
42302
42303
42304
42305
42306
42307
42308
42309
42310
42311
42312
42313
42314
42315
42316
42317
42318
42319
42320
42321
42322
42323
42324
42325
42326
42327
42328
42329
42330
42331
42332
42333
42334
42335
42336
42337
42338
42339
42340
42341
42342
42343
42344
42345
42346
42347
42348
42349
42350
42351
42352
42353
42354
42355
42356
42357
42358
42359
42360
42361
42362
42363
42364
42365
42366
42367
42368
42369
42370
42371
42372
42373
42374
42375
42376
42377
42378
42379
42380
42381
42382
42383
42384
42385
42386
42387
42388
42389
42390
42391
42392
42393
42394
42395
42396
42397
42398
42399
42401
42402
42403
42404
42405
42406
42407
42408
42409
42410
42411
42412
42413
42414
42415
42416
42417
42418
42419
42420
42421
42422
42423
42424
42425
42426
42427
42428
42429
42430
42431
42432
42433
42434
42435
42436
42437
42438
42439
42440
42441
42442
42443
42444
42445
42446
42447
42448
42449
42450
42451
42452
42453
42454
42455
42456
42457
42458
42459
42460
42461
42462
42463
42464
42465
42466
42467
42468
42469
42470
42471
42472
42473
42474
42475
42476
42477
42478
42479
42480
42481
42482
42483
42484
42485
42486
42487
42488
42489
42490
42491
42492
42493
42494
42495
42496
42497
42498
42499
42501
42502
42503
42504
42505
42506
42507
42508
42509
42510
42511
42512
42513
42514
42515
42516
42517
42518
42519
42520
42521
42522
42523
42524
42525
42526
42527
42528
42529
42530
42531
42532
42533
42534
42535
42536
42537
42538
42539
42540
42541
42542
42543
42544
42545
42546
42547
42548
42549
42550
42551
42552
42553
42554
42555
42556
42557
42558
42559
42560
42561
42562
42563
42564
42565
42566
42567
42568
42569
42570
42571
42572
42573
42574
42575
42576
42577
42578
42579
42580
42581
42582
42583
42584
42585
42586
42587
42588
42589
42590
42591
42592
42593
42594
42595
42596
42597
42598
42599
42601
42602
42603
42604
42605
42606
42607
42608
42609
42610
42611
42612
42613
42614
42615
42616
42617
42618
42619
42620
42621
42622
42623
42624
42625
42626
42627
42628
42629
42630
42631
42632
42633
42634
42635
42636
42637
42638
42639
42640
42641
42642
42643
42644
42645
42646
42647
42648
42649
42650
42651
42652
42653
42654
42655
42656
42657
42658
42659
42660
42661
42662
42663
42664
42665
42666
42667
42668
42669
42670
42671
42672
42673
42674
42675
42676
42677
42678
42679
42680
42681
42682
42683
42684
42685
42686
42687
42688
42689
42690
42691
42692
42693
42694
42695
42696
42697
42698
42699
42701
42702
42703
42704
42705
42706
42707
42708
42709
42710
42711
42712
42713
42714
42715
42716
42717
42718
42719
42720
42721
42722
42723
42724
42725
42726
42727
42728
42729
42730
42731
42732
42733
42734
42735
42736
42737
42738
42739
42740
42741
42742
42743
42744
42745
42746
42747
42748
42749
42750
42751
42752
42753
42754
42755
42756
42757
42758
42759
42760
42761
42762
42763
42764
42765
42766
42767
42768
42769
42770
42771
42772
42773
42774
42775
42776
42777
42778
42779
42780
42781
42782
42783
42784
42785
42786
42787
42788
42789
42790
42791
42792
42793
42794
42795
42796
42797
42798
42799
42801
42802
42803
42804
42805
42806
42807
42808
42809
42810
42811
42812
42813
42814
42815
42816
42817
42818
42819
42820
42821
42822
42823
42824
42825
42826
42827
42828
42829
42830
42831
42832
42833
42834
42835
42836
42837
42838
42839
42840
42841
42842
42843
42844
42845
42846
42847
42848
42849
42850
42851
42852
42853
42854
42855
42856
42857
42858
42859
42860
42861
42862
42863
42864
42865
42866
42867
42868
42869
42870
42871
42872
42873
42874
42875
42876
42877
42878
42879
42880
42881
42882
42883
42884
42885
42886
42887
42888
42889
42890
42891
42892
42893
42894
42895
42896
42897
42898
42899
42901
42902
42903
42904
42905
42906
42907
42908
42909
42910
42911
42912
42913
42914
42915
42916
42917
42918
42919
42920
42921
42922
42923
42924
42925
42926
42927
42928
42929
42930
42931
42932
42933
42934
42935
42936
42937
42938
42939
42940
42941
42942
42943
42944
42945
42946
42947
42948
42949
42950
42951
42952
42953
42954
42955
42956
42957
42958
42959
42960
42961
42962
42963
42964
42965
42966
42967
42968
42969
42970
42971
42972
42973
42974
42975
42976
42977
42978
42979
42980
42981
42982
42983
42984
42985
42986
42987
42988
42989
42990
42991
42992
42993
42994
42995
42996
42997
42998
42999
43001
43002
43003
43004
43005
43006
43007
43008
43009
43010
43011
43012
43013
43014
43015
43016
43017
43018
43019
43020
43021
43022
43023
43024
43025
43026
43027
43028
43029
43030
43031
43032
43033
43034
43035
43036
43037
43038
43039
43040
43041
43042
43043
43044
43045
43046
43047
43048
43049
43050
43051
43052
43053
43054
43055
43056
43057
43058
43059
43060
43061
43062
43063
43064
43065
43066
43067
43068
43069
43070
43071
43072
43073
43074
43075
43076
43077
43078
43079
43080
43081
43082
43083
43084
43085
43086
43087
43088
43089
43090
43091
43092
43093
43094
43095
43096
43097
43098
43099
43101
43102
43103
43104
43105
43106
43107
43108
43109
43110
43111
43112
43113
43114
43115
43116
43117
43118
43119
43120
43121
43122
43123
43124
43125
43126
43127
43128
43129
43130
43131
43132
43133
43134
43135
43136
43137
43138
43139
43140
43141
43142
43143
43144
43145
43146
43147
43148
43149
43150
43151
43152
43153
43154
43155
43156
43157
43158
43159
43160
43161
43162
43163
43164
43165
43166
43167
43168
43169
43170
43171
43172
43173
43174
43175
43176
43177
43178
43179
43180
43181
43182
43183
43184
43185
43186
43187
43188
43189
43190
43191
43192
43193
43194
43195
43196
43197
43198
43199
43201
43202
43203
43204
43205
43206
43207
43208
43209
43210
43211
43212
43213
43214
43215
43216
43217
43218
43219
43220
43221
43222
43223
43224
43225
43226
43227
43228
43229
43230
43231
43232
43233
43234
43235
43236
43237
43238
43239
43240
43241
43242
43243
43244
43245
43246
43247
43248
43249
43250
43251
43252
43253
43254
43255
43256
43257
43258
43259
43260
43261
43262
43263
43264
43265
43266
43267
43268
43269
43270
43271
43272
43273
43274
43275
43276
43277
43278
43279
43280
43281
43282
43283
43284
43285
43286
43287
43288
43289
43290
43291
43292
43293
43294
43295
43296
43297
43298
43299
43301
43302
43303
43304
43305
43306
43307
43308
43309
43310
43311
43312
43313
43314
43315
43316
43317
43318
43319
43320
43321
43322
43323
43324
43325
43326
43327
43328
43329
43330
43331
43332
43333
43334
43335
43336
43337
43338
43339
43340
43341
43342
43343
43344
43345
43346
43347
43348
43349
43350
43351
43352
43353
43354
43355
43356
43357
43358
43359
43360
43361
43362
43363
43364
43365
43366
43367
43368
43369
43370
43371
43372
43373
43374
43375
43376
43377
43378
43379
43380
43381
43382
43383
43384
43385
43386
43387
43388
43389
43390
43391
43392
43393
43394
43395
43396
43397
43398
43399
43401
43402
43403
43404
43405
43406
43407
43408
43409
43410
43411
43412
43413
43414
43415
43416
43417
43418
43419
43420
43421
43422
43423
43424
43425
43426
43427
43428
43429
43430
43431
43432
43433
43434
43435
43436
43437
43438
43439
43440
43441
43442
43443
43444
43445
43446
43447
43448
43449
43450
43451
43452
43453
43454
43455
43456
43457
43458
43459
43460
43461
43462
43463
43464
43465
43466
43467
43468
43469
43470
43471
43472
43473
43474
43475
43476
43477
43478
43479
43480
43481
43482
43483
43484
43485
43486
43487
43488
43489
43490
43491
43492
43493
43494
43495
43496
43497
43498
43499
43501
43502
43503
43504
43505
43506
43507
43508
43509
43510
43511
43512
43513
43514
43515
43516
43517
43518
43519
43520
43521
43522
43523
43524
43525
43526
43527
43528
43529
43530
43531
43532
43533
43534
43535
43536
43537
43538
43539
43540
43541
43542
43543
43544
43545
43546
43547
43548
43549
43550
43551
43552
43553
43554
43555
43556
43557
43558
43559
43560
43561
43562
43563
43564
43565
43566
43567
43568
43569
43570
43571
43572
43573
43574
43575
43576
43577
43578
43579
43580
43581
43582
43583
43584
43585
43586
43587
43588
43589
43590
43591
43592
43593
43594
43595
43596
43597
43598
43599
43601
43602
43603
43604
43605
43606
43607
43608
43609
43610
43611
43612
43613
43614
43615
43616
43617
43618
43619
43620
43621
43622
43623
43624
43625
43626
43627
43628
43629
43630
43631
43632
43633
43634
43635
43636
43637
43638
43639
43640
43641
43642
43643
43644
43645
43646
43647
43648
43649
43650
43651
43652
43653
43654
43655
43656
43657
43658
43659
43660
43661
43662
43663
43664
43665
43666
43667
43668
43669
43670
43671
43672
43673
43674
43675
43676
43677
43678
43679
43680
43681
43682
43683
43684
43685
43686
43687
43688
43689
43690
43691
43692
43693
43694
43695
43696
43697
43698
43699
43701
43702
43703
43704
43705
43706
43707
43708
43709
43710
43711
43712
43713
43714
43715
43716
43717
43718
43719
43720
43721
43722
43723
43724
43725
43726
43727
43728
43729
43730
43731
43732
43733
43734
43735
43736
43737
43738
43739
43740
43741
43742
43743
43744
43745
43746
43747
43748
43749
43750
43751
43752
43753
43754
43755
43756
43757
43758
43759
43760
43761
43762
43763
43764
43765
43766
43767
43768
43769
43770
43771
43772
43773
43774
43775
43776
43777
43778
43779
43780
43781
43782
43783
43784
43785
43786
43787
43788
43789
43790
43791
43792
43793
43794
43795
43796
43797
43798
43799
43801
43802
43803
43804
43805
43806
43807
43808
43809
43810
43811
43812
43813
43814
43815
43816
43817
43818
43819
43820
43821
43822
43823
43824
43825
43826
43827
43828
43829
43830
43831
43832
43833
43834
43835
43836
43837
43838
43839
43840
43841
43842
43843
43844
43845
43846
43847
43848
43849
43850
43851
43852
43853
43854
43855
43856
43857
43858
43859
43860
43861
43862
43863
43864
43865
43866
43867
43868
43869
43870
43871
43872
43873
43874
43875
43876
43877
43878
43879
43880
43881
43882
43883
43884
43885
43886
43887
43888
43889
43890
43891
43892
43893
43894
43895
43896
43897
43898
43899
43901
43902
43903
43904
43905
43906
43907
43908
43909
43910
43911
43912
43913
43914
43915
43916
43917
43918
43919
43920
43921
43922
43923
43924
43925
43926
43927
43928
43929
43930
43931
43932
43933
43934
43935
43936
43937
43938
43939
43940
43941
43942
43943
43944
43945
43946
43947
43948
43949
43950
43951
43952
43953
43954
43955
43956
43957
43958
43959
43960
43961
43962
43963
43964
43965
43966
43967
43968
43969
43970
43971
43972
43973
43974
43975
43976
43977
43978
43979
43980
43981
43982
43983
43984
43985
43986
43987
43988
43989
43990
43991
43992
43993
43994
43995
43996
43997
43998
43999
44001
44002
44003
44004
44005
44006
44007
44008
44009
44010
44011
44012
44013
44014
44015
44016
44017
44018
44019
44020
44021
44022
44023
44024
44025
44026
44027
44028
44029
44030
44031
44032
44033
44034
44035
44036
44037
44038
44039
44040
44041
44042
44043
44044
44045
44046
44047
44048
44049
44050
44051
44052
44053
44054
44055
44056
44057
44058
44059
44060
44061
44062
44063
44064
44065
44066
44067
44068
44069
44070
44071
44072
44073
44074
44075
44076
44077
44078
44079
44080
44081
44082
44083
44084
44085
44086
44087
44088
44089
44090
44091
44092
44093
44094
44095
44096
44097
44098
44099
44101
44102
44103
44104
44105
44106
44107
44108
44109
44110
44111
44112
44113
44114
44115
44116
44117
44118
44119
44120
44121
44122
44123
44124
44125
44126
44127
44128
44129
44130
44131
44132
44133
44134
44135
44136
44137
44138
44139
44140
44141
44142
44143
44144
44145
44146
44147
44148
44149
44150
44151
44152
44153
44154
44155
44156
44157
44158
44159
44160
44161
44162
44163
44164
44165
44166
44167
44168
44169
44170
44171
44172
44173
44174
44175
44176
44177
44178
44179
44180
44181
44182
44183
44184
44185
44186
44187
44188
44189
44190
44191
44192
44193
44194
44195
44196
44197
44198
44199
44201
44202
44203
44204
44205
44206
44207
44208
44209
44210
44211
44212
44213
44214
44215
44216
44217
44218
44219
44220
44221
44222
44223
44224
44225
44226
44227
44228
44229
44230
44231
44232
44233
44234
44235
44236
44237
44238
44239
44240
44241
44242
44243
44244
44245
44246
44247
44248
44249
44250
44251
44252
44253
44254
44255
44256
44257
44258
44259
44260
44261
44262
44263
44264
44265
44266
44267
44268
44269
44270
44271
44272
44273
44274
44275
44276
44277
44278
44279
44280
44281
44282
44283
44284
44285
44286
44287
44288
44289
44290
44291
44292
44293
44294
44295
44296
44297
44298
44299
44301
44302
44303
44304
44305
44306
44307
44308
44309
44310
44311
44312
44313
44314
44315
44316
44317
44318
44319
44320
44321
44322
44323
44324
44325
44326
44327
44328
44329
44330
44331
44332
44333
44334
44335
44336
44337
44338
44339
44340
44341
44342
44343
44344
44345
44346
44347
44348
44349
44350
44351
44352
44353
44354
44355
44356
44357
44358
44359
44360
44361
44362
44363
44364
44365
44366
44367
44368
44369
44370
44371
44372
44373
44374
44375
44376
44377
44378
44379
44380
44381
44382
44383
44384
44385
44386
44387
44388
44389
44390
44391
44392
44393
44394
44395
44396
44397
44398
44399
44401
44402
44403
44404
44405
44406
44407
44408
44409
44410
44411
44412
44413
44414
44415
44416
44417
44418
44419
44420
44421
44422
44423
44424
44425
44426
44427
44428
44429
44430
44431
44432
44433
44434
44435
44436
44437
44438
44439
44440
44441
44442
44443
44444
44445
44446
44447
44448
44449
44450
44451
44452
44453
44454
44455
44456
44457
44458
44459
44460
44461
44462
44463
44464
44465
44466
44467
44468
44469
44470
44471
44472
44473
44474
44475
44476
44477
44478
44479
44480
44481
44482
44483
44484
44485
44486
44487
44488
44489
44490
44491
44492
44493
44494
44495
44496
44497
44498
44499
44501
44502
44503
44504
44505
44506
44507
44508
44509
44510
44511
44512
44513
44514
44515
44516
44517
44518
44519
44520
44521
44522
44523
44524
44525
44526
44527
44528
44529
44530
44531
44532
44533
44534
44535
44536
44537
44538
44539
44540
44541
44542
44543
44544
44545
44546
44547
44548
44549
44550
44551
44552
44553
44554
44555
44556
44557
44558
44559
44560
44561
44562
44563
44564
44565
44566
44567
44568
44569
44570
44571
44572
44573
44574
44575
44576
44577
44578
44579
44580
44581
44582
44583
44584
44585
44586
44587
44588
44589
44590
44591
44592
44593
44594
44595
44596
44597
44598
44599
44601
44602
44603
44604
44605
44606
44607
44608
44609
44610
44611
44612
44613
44614
44615
44616
44617
44618
44619
44620
44621
44622
44623
44624
44625
44626
44627
44628
44629
44630
44631
44632
44633
44634
44635
44636
44637
44638
44639
44640
44641
44642
44643
44644
44645
44646
44647
44648
44649
44650
44651
44652
44653
44654
44655
44656
44657
44658
44659
44660
44661
44662
44663
44664
44665
44666
44667
44668
44669
44670
44671
44672
44673
44674
44675
44676
44677
44678
44679
44680
44681
44682
44683
44684
44685
44686
44687
44688
44689
44690
44691
44692
44693
44694
44695
44696
44697
44698
44699
44701
44702
44703
44704
44705
44706
44707
44708
44709
44710
44711
44712
44713
44714
44715
44716
44717
44718
44719
44720
44721
44722
44723
44724
44725
44726
44727
44728
44729
44730
44731
44732
44733
44734
44735
44736
44737
44738
44739
44740
44741
44742
44743
44744
44745
44746
44747
44748
44749
44750
44751
44752
44753
44754
44755
44756
44757
44758
44759
44760
44761
44762
44763
44764
44765
44766
44767
44768
44769
44770
44771
44772
44773
44774
44775
44776
44777
44778
44779
44780
44781
44782
44783
44784
44785
44786
44787
44788
44789
44790
44791
44792
44793
44794
44795
44796
44797
44798
44799
44801
44803
44805
44807
44809
44811
44813
44815
44817
44819
44821
44823
44825
44827
44829
44831
44833
44835
44837
44839
44841
44843
44845
44847
44849
44851
44853
44855
44857
44859
44861
44863
44865
44867
44869
44871
44873
44875
44877
44879
44881
44883
44885
44887
44889
44891
44893
44895
44897
194351
194352
194353
194354
194355
194356
194357
194358
194359
194360
194361
194362
194363
194364
194365
194366
194367
194368
194369
194370
194371
194372
194373
194374
194375
194376
194377
194378
194379
194380
194381
194382
194383
194384
194385
194386
194387
194388
194389
194390
194391
194392
194393
194394
194395
194396
194397
194398
194399
194400
194401
194402
194403
194404
194405
194406
194407
194408
194409
194410
194411
194412
194413
194414
194415
194416
194417
194418
194419
194420
194421
194422
194423
194424
194425
194426
194427
194428
194429
194430
194431
194432
194433
194434
194435
194436
194437
194438
194439
194440
194441
194442
194443
194444
194445
194446
194447
194448
194449
194450
194451
194452
194453
194454
194455
194456
194457
194458
194459
194460
194461
194462
194463
194464
194465
194466
194467
194468
194469
194470
194471
194472
194473
194474
194475
194476
194477
194478
194479
194480
194481
194482
194483
194484
194485
194486
194487
194488
194489
194490
194491
194492
194493
194494
194495
194496
194497
194498
194499
194500
194501
194502
194503
194504
194505
194506
194507
194508
194509
194510
194511
194512
194513
194514
194515
194516
194517
194518
194519
194520
194521
194522
194523
194524
194525
194526
194527
194528
194529
194530
194531
194532
194533
194534
194535
194536
194537
194538
194539
194540
194541
194542
194543
194544
194545
194546
194547
194548
194549
194550
194551
194552
194553
194554
194555
194556
194557
194558
194559
194560
194561
194562
194563
194564
194565
194566
194567
194568
194569
194570
194571
194572
194573
194574
194575
194576
194577
194578
194579
194580
194581
194582
194583
194584
194585
194586
194587
194588
194589
194590
194591
194592
194593
194594
194595
194596
194597
194598
194599
194600
194601
194602
194603
194604
194605
194606
194607
194608
194609
194610
194611
194612
194613
194614
194615
194616
194617
194618
194619
194620
194621
194622
194623
194624
194625
194626
194627
194628
194629
194630
194631
194632
194633
194634
194635
194636
194637
194638
194639
194640
194641
194642
194643
194644
194645
194646
194647
194648
194649
194650
194651
194652
194653
194654
194655
194656
194657
194658
194659
194660
194661
194662
194663
194664
194665
194666
194667
194668
194669
194670
194671
194672
194673
194674
194675
194676
194677
194678
194679
194680
194681
194682
194683
194684
194685
194686
194687
194688
194689
194690
194691
194692
194693
194694
194695
194696
194697
194698
194699
194700
194701
194702
194703
194704
194705
194706
194707
194708
194709
194710
194711
194712
194713
194714
194715
194716
194717
194718
194719
194720
194721
194722
194723
194724
194725
194726
194727
194728
194729
194730
194731
194732
194733
194734
194735
194736
194737
194738
194739
194740
194741
194742
194743
194744
194745
194746
194747
194748
194749
194750
194751
194752
194753
194754
194755
194756
194757
194758
194759
194760
194761
194762
194763
194764
194765
194766
194767
194768
194769
194770
194771
194772
194773
194774
194775
194776
194777
194778
194779
194780
194781
194782
194783
194784
194785
194786
194787
194788
194789
194790
194791
194792
194793
194794
194795
194796
194797
194798
194799
194800
194801
194802
194803
194804
194805
194806
194807
194808
194809
194810
194811
194812
194813
194814
194815
194816
194817
194818
194819
194820
194821
194822
194823
194824
194825
194826
194827
194828
194829
194830
194831
194832
194833
194834
194835
194836
194837
194838
194839
194840
194841
194842
194843
194844
194845
194846
194847
194848
194849
194850
194851
194852
194853
194854
194855
194856
194857
194858
194859
194860
194861
194862
194863
194864
194865
194866
194867
194868
194869
194870
194871
194872
194873
194874
194875
194876
194877
194878
194879
194880
194881
194882
194883
194884
194885
194886
194887
194888
194889
194890
194891
194892
194893
194894
194895
194896
194897
194898
194899
194900
194901
194902
194903
194904
194905
194906
194907
194908
194909
194910
194911
194912
194913
194914
194915
194916
194917
194918
194919
194920
194921
194922
194923
194924
194925
194926
194927
194928
194929
194930
194931
194932
194933
194934
194935
194936
194937
194938
194939
194940
194941
194942
194943
194944
194945
194946
194947
194948
194949
194950
194951
194952
194953
194954
194955
194956
194957
194958
194959
194960
194961
194962
194963
194964
194965
194966
194967
194968
194969
194970
194971
194972
194973
194974
194975
194976
194977
194978
194979
194980
194981
194982
194983
194984
194985
194986
194987
194988
194989
194990
194991
194992
194993
194994
194995
194996
194997
194998
194999
195000
195001
195002
195003
195004
195005
195006
195007
195008
195009
195010
195011
195012
195013
195014
195015
195016
195017
195018
195019
195020
195021
195022
195023
195024
195025
195026
195027
195028
195029
195030
195031
195032
195033
195034
195035
195036
195037
195038
195039
195040
195041
195042
195043
195044
195045
195046
195047
195048
195049
195050
195051
195052
195053
195054
195055
195056
195057
195058
195059
195060
195061
195062
195063
195064
195065
195066
195067
195068
195069
195070
195071
195072
195073
195074
195075
195076
195077
195078
195079
195080
195081
195082
195083
195084
195085
195086
195087
195088
195089
195090
195091
195092
195093
195094
195095
195096
195097
195098
195099
195100
195101
195102
195103
195104
195105
195106
195107
195108
195109
195110
195111
195112
195113
195114
195115
195116
195117
195118
195119
195120
195121
195122
195123
195124
195125
195126
195127
195128
195129
195130
195131
195132
195133
195134
195135
195136
195137
195138
195139
195140
195141
195142
195143
195144
195145
195146
195147
195148
195149
195150
195151
195152
195153
195154
195155
195156
195157
195158
195159
195160
195161
195162
195163
195164
195165
195166
195167
195168
195169
195170
195171
195172
195173
195174
195175
195176
195177
195178
195179
195180
195181
195182
195183
195184
195185
195186
195187
195188
195189
195190
195191
195192
195193
195194
195195
195196
195197
195198
195199
195200
195201
195202
195203
195204
195205
195206
195207
195208
195209
195210
195211
195212
195213
195214
195215
195216
195217
195218
195219
195220
195221
195222
195223
195224
195225
195226
195227
195228
195229
195230
195231
195232
195233
195234
195235
195236
195237
195238
195239
195240
195241
195242
195243
195244
195245
195246
195247
195248
195249
195250
195251
195252
195253
195254
195255
195256
195257
195258
195259
195260
195261
195262
195263
195264
195265
195266
195267
195268
195269
195270
195271
195272
195273
195274
195275
195276
195277
195278
195279
195280
195281
195282
195283
195284
195285
195286
195287
195288
195289
195290
195291
195292
195293
195294
195295
195296
195297
195298
195299
195300
195301
195302
195303
195304
195305
195306
195307
195308
195309
195310
195311
195312
195313
195314
195315
195316
195317
195318
195319
195320
195321
195322
195323
195324
195325
195326
195327
195328
195329
195330
195331
195332
195333
195334
195335
195336
195337
195338
195339
195340
195341
195342
195343
195344
195345
195346
195347
195348
195349
195350
195351
195352
195353
195354
195355
195356
195357
195358
195359
195360
195361
195362
195363
195364
195365
195366
195367
195368
195369
195370
195371
195372
195373
195374
195375
195376
195377
195378
195379
195380
195381
195382
195383
195384
195385
195386
195387
195388
195389
195390
195391
195392
195393
195394
195395
195396
195397
195398
195399
195400
195401
195402
195403
195404
195405
195406
195407
195408
195409
195410
195411
195412
195413
195414
195415
195416
195417
195418
195419
195420
195421
195422
195423
195424
195425
195426
195427
195428
195429
195430
195431
195432
195433
195434
195435
195436
195437
195438
195439
195440
195441
195442
195443
195444
195445
195446
195447
195448
195449
195450
195451
195452
195453
195454
195455
195456
195457
195458
195459
195460
195461
195462
195463
195464
195465
195466
195467
195468
195469
195470
195471
195472
195473
195474
195475
195476
195477
195478
195479
195480
195481
195482
195483
195484
195485
195486
195487
195488
195489
195490
195491
195492
195493
195494
195495
195496
195497
195498
195499
195500
195501
195502
195503
195504
195505
195506
195507
195508
195509
195510
195511
195512
195513
195514
195515
195516
195517
195518
195519
195520
195521
195522
195523
195524
195525
195526
195527
195528
195529
195530
195531
195532
195533
195534
195535
195536
195537
195538
195539
195540
195541
195542
195543
195544
195545
195546
195547
195548
195549
195550
195551
195552
195553
195554
195555
195556
195557
195558
195559
195560
195561
195562
195563
195564
195565
195566
195567
195568
195569
195570
195571
195572
195573
195574
195575
195576
195577
195578
195579
195580
195581
195582
195583
195584
195585
195586
195587
195588
195589
195590
195591
195592
195593
195594
195595
195596
195597
195598
195599
195600
195601
195602
195603
195604
195605
195606
195607
195608
195609
195610
195611
195612
195613
195614
195615
195616
195617
195618
195619
195620
195621
195622
195623
195624
195625
195626
195627
195628
195629
195630
195631
195632
195633
195634
195635
195636
195637
195638
195639
195640
195641
195642
195643
195644
195645
195646
195647
195648
195649
195650
195651
195652
195653
195654
195655
195656
195657
195658
195659
195660
195661
195662
195663
195664
195665
195666
195667
195668
195669
195670
195671
195672
195673
195674
195675
195676
195677
195678
195679
195680
195681
195682
195683
195684
195685
195686
195687
195688
195689
195690
195691
195692
195693
195694
195695
195696
195697
195698
195699
195700
195701
195702
195703
195704
195705
195706
195707
195708
195709
195710
195711
195712
195713
195714
195715
195716
195717
195718
195719
195720
195721
195722
195723
195724
195725
195726
195727
195728
195729
195730
195731
195732
195733
195734
195735
195736
195737
195738
195739
195740
195741
195742
195743
195744
195745
195746
195747
195748
195749
195750
195751
195752
195753
195754
195755
195756
195757
195758
195759
195760
195761
195762
195763
195764
195765
195766
195767
195768
195769
195770
195771
195772
195773
195774
195775
195776
195777
195778
195779
195780
195781
195782
195783
195784
195785
195786
195787
195788
195789
195790
195791
195792
195793
195794
195795
195796
195797
195798
195799
195800
195801
195802
195803
195804
195805
195806
195807
195808
195809
195810
195811
195812
195813
195814
195815
195816
195817
195818
195819
195820
195821
195822
195823
195824
195825
195826
195827
195828
195829
195830
195831
195832
195833
195834
195835
195836
195837
195838
195839
195840
195841
195842
195843
195844
195845
195846
195847
195848
195849
195850
195851
195852
195853
195854
195855
195856
195857
195858
195859
195860
195861
195862
195863
195864
195865
195866
195867
195868
195869
195870
195871
195872
195873
195874
195875
195876
195877
195878
195879
195880
195881
195882
195883
195884
195885
195886
195887
195888
195889
195890
195891
195892
195893
195894
195895
195896
195897
195898
195899
195900
195901
195902
195903
195904
195905
195906
195907
195908
195909
195910
195911
195912
195913
195914
195915
195916
195917
195918
195919
195920
195921
195922
195923
195924
195925
195926
195927
195928
195929
195930
195931
195932
195933
195934
195935
195936
195937
195938
195939
195940
195941
195942
195943
195944
195945
195946
195947
195948
195949
195950
195951
195952
195953
195954
195955
195956
195957
195958
195959
195960
195961
195962
195963
195964
195965
195966
195967
195968
195969
195970
195971
195972
195973
195974
195975
195976
195977
195978
195979
195980
195981
195982
195983
195984
195985
195986
195987
195988
195989
195990
195991
195992
195993
195994
195995
195996
195997
195998
195999
196000
196001
196002
196003
196004
196005
196006
196007
196008
196009
196010
196011
196012
196013
196014
196015
196016
196017
196018
196019
196020
196021
196022
196023
196024
196025
196026
196027
196028
196029
196030
196031
196032
196033
196034
196035
196036
196037
196038
196039
196040
196041
196042
196043
196044
196045
196046
196047
196048
196049
196050
196051
196052
196053
196054
196055
196056
196057
196058
196059
196060
196061
196062
196063
196064
196065
196066
196067
196068
196069
196070
196071
196072
196073
196074
196075
196076
196077
196078
196079
196080
196081
196082
196083
196084
196085
196086
196087
196088
196089
196090
196091
196092
196093
196094
196095
196096
196097
196098
196099
196100
196101
196102
196103
196104
196105
196106
196107
196108
196109
196110
196111
196112
196113
196114
196115
196116
196117
196118
196119
196120
196121
196122
196123
196124
196125
196126
196127
196128
196129
196130
196131
196132
196133
196134
196135
196136
196137
196138
196139
196140
196141
196142
196143
196144
196145
196146
196147
196148
196149
196150
196151
196152
196153
196154
196155
196156
196157
196158
196159
196160
196161
196162
196163
196164
196165
196166
196167
196168
196169
196170
196171
196172
196173
196174
196175
196176
196177
196178
196179
196180
196181
196182
196183
196184
196185
196186
196187
196188
196189
196190
196191
196192
196193
196194
196195
196196
196197
196198
196199
196200
196201
196202
196203
196204
196205
196206
196207
196208
196209
196210
196211
196212
196213
196214
196215
196216
196217
196218
196219
196220
196221
196222
196223
196224
196225
196226
196227
196228
196229
196230
196231
196232
196233
196234
196235
196236
196237
196238
196239
196240
196241
196242
196243
196244
196245
196246
196247
196248
196249
196250
196251
196252
196253
196254
196255
196256
196257
196258
196259
196260
196261
196262
196263
196264
196265
196266
196267
196268
196269
196270
196271
196272
196273
196274
196275
196276
196277
196278
196279
196280
196281
196282
196283
196284
196285
196286
196287
196288
196289
196290
196291
196292
196293
196294
196295
196296
196297
196298
196299
196300
196301
196302
196303
196304
196305
196306
196307
196308
196309
196310
196311
196312
196313
196314
196315
196316
196317
196318
196319
196320
196321
196322
196323
196324
196325
196326
196327
196328
196329
196330
196331
196332
196333
196334
196335
196336
196337
196338
196339
196340
196341
196342
196343
196344
196345
196346
196347
196348
196349
196350
196351
196352
196353
196354
196355
196356
196357
196358
196359
196360
196361
196362
196363
196364
196365
196366
196367
196368
196369
196370
196371
196372
196373
196374
196375
196376
196377
196378
196379
196380
196381
196382
196383
196384
196385
196386
196387
196388
196389
196390
196391
196392
196393
196394
196395
196396
196397
196398
196399
196400
196401
196402
196403
196404
196405
196406
196407
196408
196409
196410
196411
196412
196413
196414
196415
196416
196417
196418
196419
196420
196421
196422
196423
196424
196425
196426
196427
196428
196429
196430
196431
196432
196433
196434
196435
196436
196437
196438
196439
196440
196441
196442
196443
196444
196445
196446
196447
196448
196449
196450
196451
196452
196453
196454
196455
196456
196457
196458
196459
196460
196461
196462
196463
196464
196465
196466
196467
196468
196469
196470
196471
196472
196473
196474
196475
196476
196477
196478
196479
196480
196481
196482
196483
196484
196485
196486
196487
196488
196489
196490
196491
196492
196493
196494
196495
196496
196497
196498
196499
196500
196501
196502
196503
196504
196505
196506
196507
196508
196509
196510
196511
196512
196513
196514
196515
196516
196517
196518
196519
196520
196521
196522
196523
196524
196525
196526
196527
196528
196529
196530
196531
196532
196533
196534
196535
196536
196537
196538
196539
196540
196541
196542
196543
196544
196545
196546
196547
196548
196549
196550
196551
196552
196553
196554
196555
196556
196557
196558
196559
196560
196561
196562
196563
196564
196565
196566
196567
196568
196569
196570
196571
196572
196573
196574
196575
196576
196577
196578
196579
196580
196581
196582
196583
196584
196585
196586
196587
196588
196589
196590
196591
196592
196593
196594
196595
196596
196597
196598
196599
196600
196601
196602
196603
196604
196605
196606
196607
196608
196609
196610
196611
196612
196613
196614
196615
196616
196617
196618
196619
196620
196621
196622
196623
196624
196625
196626
196627
196628
196629
196630
196631
196632
196633
196634
196635
196636
196637
196638
196639
196640
196641
196642
196643
196644
196645
196646
196647
196648
196649
196650
196651
196652
196653
196654
196655
196656
196657
196658
196659
196660
196661
196662
196663
196664
196665
196666
196667
196668
196669
196670
196671
196672
196673
196674
196675
196676
196677
196678
196679
196680
196681
196682
196683
196684
196685
196686
196687
196688
196689
196690
196691
196692
196693
196694
196695
196696
196697
196698
196699
196700
196701
196702
196703
196704
196705
196706
196707
196708
196709
196710
196711
196712
196713
196714
196715
196716
196717
196718
196719
196720
196721
196722
196723
196724
196725
196726
196727
196728
196729
196730
196731
196732
196733
196734
196735
196736
196737
196738
196739
196740
196741
196742
196743
196744
196745
196746
196747
196748
196749
196750
196751
196752
196753
196754
196755
196756
196757
196758
196759
196760
196761
196762
196763
196764
196765
196766
196767
196768
196769
196770
196771
196772
196773
196774
196775
196776
196777
196778
196779
196780
196781
196782
196783
196784
196785
196786
196787
196788
196789
196790
196791
196792
196793
196794
196795
196796
196797
196798
196799
196800
196801
196802
196803
196804
196805
196806
196807
196808
196809
196810
196811
196812
196813
196814
196815
196816
196817
196818
196819
196820
196821
196822
196823
196824
196825
196826
196827
196828
196829
196830
196831
196832
196833
196834
196835
196836
196837
196838
196839
196840
196841
196842
196843
196844
196845
196846
196847
196848
196849
196850
281851
281852
281853
281854
281855
281856
281857
281858
281859
281860
281861
281862
281863
281864
281865
281866
281867
281868
281869
281870
281871
281872
281873
281874
281875
281876
281877
281878
281879
281880
281881
281882
281883
281884
281885
281886
281887
281888
281889
281890
281891
281892
281893
281894
281895
281896
281897
281898
281899
281900
281901
281902
281903
281904
281905
281906
281907
281908
281909
281910
281911
281912
281913
281914
281915
281916
281917
281918
281919
281920
281921
281922
281923
281924
281925
281926
281927
281928
281929
281930
281931
281932
281933
281934
281935
281936
281937
281938
281939
281940
281941
281942
281943
281944
281945
281946
281947
281948
281949
281950
281951
281952
281953
281954
281955
281956
281957
281958
281959
281960
281961
281962
281963
281964
281965
281966
281967
281968
281969
281970
281971
281972
281973
281974
281975
281976
281977
281978
281979
281980
281981
281982
281983
281984
281985
281986
281987
281988
281989
281990
281991
281992
281993
281994
281995
281996
281997
281998
281999
282000
282001
282002
282003
282004
282005
282006
282007
282008
282009
282010
282011
282012
282013
282014
282015
282016
282017
282018
282019
282020
282021
282022
282023
282024
282025
282026
282027
282028
282029
282030
282031
282032
282033
282034
282035
282036
282037
282038
282039
282040
282041
282042
282043
282044
282045
282046
282047
282048
282049
282050
282051
282052
282053
282054
282055
282056
282057
282058
282059
282060
282061
282062
282063
282064
282065
282066
282067
282068
282069
282070
282071
282072
282073
282074
282075
282076
282077
282078
282079
282080
282081
282082
282083
282084
282085
282086
282087
282088
282089
282090
282091
282092
282093
282094
282095
282096
282097
282098
282099
282100
282101
282102
282103
282104
282105
282106
282107
282108
282109
282110
282111
282112
282113
282114
282115
282116
282117
282118
282119
282120
282121
282122
282123
282124
282125
282126
282127
282128
282129
282130
282131
282132
282133
282134
282135
282136
282137
282138
282139
282140
282141
282142
282143
282144
282145
282146
282147
282148
282149
282150
282151
282152
282153
282154
282155
282156
282157
282158
282159
282160
282161
282162
282163
282164
282165
282166
282167
282168
282169
282170
282171
282172
282173
282174
282175
282176
282177
282178
282179
282180
282181
282182
282183
282184
282185
282186
282187
282188
282189
282190
282191
282192
282193
282194
282195
282196
282197
282198
282199
282200
282201
282202
282203
282204
282205
282206
282207
282208
282209
282210
282211
282212
282213
282214
282215
282216
282217
282218
282219
282220
282221
282222
282223
282224
282225
282226
282227
282228
282229
282230
282231
282232
282233
282234
282235
282236
282237
282238
282239
282240
282241
282242
282243
282244
282245
282246
282247
282248
282249
282250
282251
282252
282253
282254
282255
282256
282257
282258
282259
282260
282261
282262
282263
282264
282265
282266
282267
282268
282269
282270
282271
282272
282273
282274
282275
282276
282277
282278
282279
282280
282281
282282
282283
282284
282285
282286
282287
282288
282289
282290
282291
282292
282293
282294
282295
282296
282297
282298
282299
282300
282301
282302
282303
282304
282305
282306
282307
282308
282309
282310
282311
282312
282313
282314
282315
282316
282317
282318
282319
282320
282321
282322
282323
282324
282325
282326
282327
282328
282329
282330
282331
282332
282333
282334
282335
282336
282337
282338
282339
282340
282341
282342
282343
282344
282345
282346
282347
282348
282349
282350
282351
282352
282353
282354
282355
282356
282357
282358
282359
282360
282361
282362
282363
282364
282365
282366
282367
282368
282369
282370
282371
282372
282373
282374
282375
282376
282377
282378
282379
282380
282381
282382
282383
282384
282385
282386
282387
282388
282389
282390
282391
282392
282393
282394
282395
282396
282397
282398
282399
282400
282401
282402
282403
282404
282405
282406
282407
282408
282409
282410
282411
282412
282413
282414
282415
282416
282417
282418
282419
282420
282421
282422
282423
282424
282425
282426
282427
282428
282429
282430
282431
282432
282433
282434
282435
282436
282437
282438
282439
282440
282441
282442
282443
282444
282445
282446
282447
282448
282449
282450
282451
282452
282453
282454
282455
282456
282457
282458
282459
282460
282461
282462
282463
282464
282465
282466
282467
282468
282469
282470
282471
282472
282473
282474
282475
282476
282477
282478
282479
282480
282481
282482
282483
282484
282485
282486
282487
282488
282489
282490
282491
282492
282493
282494
282495
282496
282497
282498
282499
282500
282501
282502
282503
282504
282505
282506
282507
282508
282509
282510
282511
282512
282513
282514
282515
282516
282517
282518
282519
282520
282521
282522
282523
282524
282525
282526
282527
282528
282529
282530
282531
282532
282533
282534
282535
282536
282537
282538
282539
282540
282541
282542
282543
282544
282545
282546
282547
282548
282549
282550
282551
282552
282553
282554
282555
282556
282557
282558
282559
282560
282561
282562
282563
282564
282565
282566
282567
282568
282569
282570
282571
282572
282573
282574
282575
282576
282577
282578
282579
282580
282581
282582
282583
282584
282585
282586
282587
282588
282589
282590
282591
282592
282593
282594
282595
282596
282597
282598
282599
282600
282601
282602
282603
282604
282605
282606
282607
282608
282609
282610
282611
282612
282613
282614
282615
282616
282617
282618
282619
282620
282621
282622
282623
282624
282625
282626
282627
282628
282629
282630
282631
282632
282633
282634
282635
282636
282637
282638
282639
282640
282641
282642
282643
282644
282645
282646
282647
282648
282649
282650
282651
282652
282653
282654
282655
282656
282657
282658
282659
282660
282661
282662
282663
282664
282665
282666
282667
282668
282669
282670
282671
282672
282673
282674
282675
282676
282677
282678
282679
282680
282681
282682
282683
282684
282685
282686
282687
282688
282689
282690
282691
282692
282693
282694
282695
282696
282697
282698
282699
282700
282701
282702
282703
282704
282705
282706
282707
282708
282709
282710
282711
282712
282713
282714
282715
282716
282717
282718
282719
282720
282721
282722
282723
282724
282725
282726
282727
282728
282729
282730
282731
282732
282733
282734
282735
282736
282737
282738
282739
282740
282741
282742
282743
282744
282745
282746
282747
282748
282749
282750
282751
282752
282753
282754
282755
282756
282757
282758
282759
282760
282761
282762
282763
282764
282765
282766
282767
282768
282769
282770
282771
282772
282773
282774
282775
282776
282777
282778
282779
282780
282781
282782
282783
282784
282785
282786
282787
282788
282789
282790
282791
282792
282793
282794
282795
282796
282797
282798
282799
282800
282801
282802
282803
282804
282805
282806
282807
282808
282809
282810
282811
282812
282813
282814
282815
282816
282817
282818
282819
282820
282821
282822
282823
282824
282825
282826
282827
282828
282829
282830
282831
282832
282833
282834
282835
282836
282837
282838
282839
282840
282841
282842
282843
282844
282845
282846
282847
282848
282849
282850
282851
282852
282853
282854
282855
282856
282857
282858
282859
282860
282861
282862
282863
282864
282865
282866
282867
282868
282869
282870
282871
282872
282873
282874
282875
282876
282877
282878
282879
282880
282881
282882
282883
282884
282885
282886
282887
282888
282889
282890
282891
282892
282893
282894
282895
282896
282897
282898
282899
282900
282901
282902
282903
282904
282905
282906
282907
282908
282909
282910
282911
282912
282913
282914
282915
282916
282917
282918
282919
282920
282921
282922
282923
282924
282925
282926
282927
282928
282929
282930
282931
282932
282933
282934
282935
282936
282937
282938
282939
282940
282941
282942
282943
282944
282945
282946
282947
282948
282949
282950
282951
282952
282953
282954
282955
282956
282957
282958
282959
282960
282961
282962
282963
282964
282965
282966
282967
282968
282969
282970
282971
282972
282973
282974
282975
282976
282977
282978
282979
282980
282981
282982
282983
282984
282985
282986
282987
282988
282989
282990
282991
282992
282993
282994
282995
282996
282997
282998
282999
283000
283001
283002
283003
283004
283005
283006
283007
283008
283009
283010
283011
283012
283013
283014
283015
283016
283017
283018
283019
283020
283021
283022
283023
283024
283025
283026
283027
283028
283029
283030
283031
283032
283033
283034
283035
283036
283037
283038
283039
283040
283041
283042
283043
283044
283045
283046
283047
283048
283049
283050
283051
283052
283053
283054
283055
283056
283057
283058
283059
283060
283061
283062
283063
283064
283065
283066
283067
283068
283069
283070
283071
283072
283073
283074
283075
283076
283077
283078
283079
283080
283081
283082
283083
283084
283085
283086
283087
283088
283089
283090
283091
283092
283093
283094
283095
283096
283097
283098
283099
283100
283101
283102
283103
283104
283105
283106
283107
283108
283109
283110
283111
283112
283113
283114
283115
283116
283117
283118
283119
283120
283121
283122
283123
283124
283125
283126
283127
283128
283129
283130
283131
283132
283133
283134
283135
283136
283137
283138
283139
283140
283141
283142
283143
283144
283145
283146
283147
283148
283149
283150
283151
283152
283153
283154
283155
283156
283157
283158
283159
283160
283161
283162
283163
283164
283165
283166
283167
283168
283169
283170
283171
283172
283173
283174
283175
283176
283177
283178
283179
283180
283181
283182
283183
283184
283185
283186
283187
283188
283189
283190
283191
283192
283193
283194
283195
283196
283197
283198
283199
283200
283201
283202
283203
283204
283205
283206
283207
283208
283209
283210
283211
283212
283213
283214
283215
283216
283217
283218
283219
283220
283221
283222
283223
283224
283225
283226
283227
283228
283229
283230
283231
283232
283233
283234
283235
283236
283237
283238
283239
283240
283241
283242
283243
283244
283245
283246
283247
283248
283249
283250
283251
283252
283253
283254
283255
283256
283257
283258
283259
283260
283261
283262
283263
283264
283265
283266
283267
283268
283269
283270
283271
283272
283273
283274
283275
283276
283277
283278
283279
283280
283281
283282
283283
283284
283285
283286
283287
283288
283289
283290
283291
283292
283293
283294
283295
283296
283297
283298
283299
283300
283301
283302
283303
283304
283305
283306
283307
283308
283309
283310
283311
283312
283313
283314
283315
283316
283317
283318
283319
283320
283321
283322
283323
283324
283325
283326
283327
283328
283329
283330
283331
283332
283333
283334
283335
283336
283337
283338
283339
283340
283341
283342
283343
283344
283345
283346
283347
283348
283349
283350
283351
283352
283353
283354
283355
283356
283357
283358
283359
283360
283361
283362
283363
283364
283365
283366
283367
283368
283369
283370
283371
283372
283373
283374
283375
283376
283377
283378
283379
283380
283381
283382
283383
283384
283385
283386
283387
283388
283389
283390
283391
283392
283393
283394
283395
283396
283397
283398
283399
283400
283401
283402
283403
283404
283405
283406
283407
283408
283409
283410
283411
283412
283413
283414
283415
283416
283417
283418
283419
283420
283421
283422
283423
283424
283425
283426
283427
283428
283429
283430
283431
283432
283433
283434
283435
283436
283437
283438
283439
283440
283441
283442
283443
283444
283445
283446
283447
283448
283449
283450
283451
283452
283453
283454
283455
283456
283457
283458
283459
283460
283461
283462
283463
283464
283465
283466
283467
283468
283469
283470
283471
283472
283473
283474
283475
283476
283477
283478
283479
283480
283481
283482
283483
283484
283485
283486
283487
283488
283489
283490
283491
283492
283493
283494
283495
283496
283497
283498
283499
283500
283501
283502
283503
283504
283505
283506
283507
283508
283509
283510
283511
283512
283513
283514
283515
283516
283517
283518
283519
283520
283521
283522
283523
283524
283525
283526
283527
283528
283529
283530
283531
283532
283533
283534
283535
283536
283537
283538
283539
283540
283541
283542
283543
283544
283545
283546
283547
283548
283549
283550
283551
283552
283553
283554
283555
283556
283557
283558
283559
283560
283561
283562
283563
283564
283565
283566
283567
283568
283569
283570
283571
283572
283573
283574
283575
283576
283577
283578
283579
283580
283581
283582
283583
283584
283585
283586
283587
283588
283589
283590
283591
283592
283593
283594
283595
283596
283597
283598
283599
283600
283601
283602
283603
283604
283605
283606
283607
283608
283609
283610
283611
283612
283613
283614
283615
283616
283617
283618
283619
283620
283621
283622
283623
283624
283625
283626
283627
283628
283629
283630
283631
283632
283633
283634
283635
283636
283637
283638
283639
283640
283641
283642
283643
283644
283645
283646
283647
283648
283649
283650
283651
283652
283653
283654
283655
283656
283657
283658
283659
283660
283661
283662
283663
283664
283665
283666
283667
283668
283669
283670
283671
283672
283673
283674
283675
283676
283677
283678
283679
283680
283681
283682
283683
283684
283685
283686
283687
283688
283689
283690
283691
283692
283693
283694
283695
283696
283697
283698
283699
283700
283701
283702
283703
283704
283705
283706
283707
283708
283709
283710
283711
283712
283713
283714
283715
283716
283717
283718
283719
283720
283721
283722
283723
283724
283725
283726
283727
283728
283729
283730
283731
283732
283733
283734
283735
283736
283737
283738
283739
283740
283741
283742
283743
283744
283745
283746
283747
283748
283749
283750
283751
283752
283753
283754
283755
283756
283757
283758
283759
283760
283761
283762
283763
283764
283765
283766
283767
283768
283769
283770
283771
283772
283773
283774
283775
283776
283777
283778
283779
283780
283781
283782
283783
283784
283785
283786
283787
283788
283789
283790
283791
283792
283793
283794
283795
283796
283797
283798
283799
283800
283801
283802
283803
283804
283805
283806
283807
283808
283809
283810
283811
283812
283813
283814
283815
283816
283817
283818
283819
283820
283821
283822
283823
283824
283825
283826
283827
283828
283829
283830
283831
283832
283833
283834
283835
283836
283837
283838
283839
283840
283841
283842
283843
283844
283845
283846
283847
283848
283849
283850
283851
283852
283853
283854
283855
283856
283857
283858
283859
283860
283861
283862
283863
283864
283865
283866
283867
283868
283869
283870
283871
283872
283873
283874
283875
283876
283877
283878
283879
283880
283881
283882
283883
283884
283885
283886
283887
283888
283889
283890
283891
283892
283893
283894
283895
283896
283897
283898
283899
283900
283901
283902
283903
283904
283905
283906
283907
283908
283909
283910
283911
283912
283913
283914
283915
283916
283917
283918
283919
283920
283921
283922
283923
283924
283925
283926
283927
283928
283929
283930
283931
283932
283933
283934
283935
283936
283937
283938
283939
283940
283941
283942
283943
283944
283945
283946
283947
283948
283949
283950
283951
283952
283953
283954
283955
283956
283957
283958
283959
283960
283961
283962
283963
283964
283965
283966
283967
283968
283969
283970
283971
283972
283973
283974
283975
283976
283977
283978
283979
283980
283981
283982
283983
283984
283985
283986
283987
283988
283989
283990
283991
283992
283993
283994
283995
283996
283997
283998
283999
284000
284001
284002
284003
284004
284005
284006
284007
284008
284009
284010
284011
284012
284013
284014
284015
284016
284017
284018
284019
284020
284021
284022
284023
284024
284025
284026
284027
284028
284029
284030
284031
284032
284033
284034
284035
284036
284037
284038
284039
284040
284041
284042
284043
284044
284045
284046
284047
284048
284049
284050
284051
284052
284053
284054
284055
284056
284057
284058
284059
284060
284061
284062
284063
284064
284065
284066
284067
284068
284069
284070
284071
284072
284073
284074
284075
284076
284077
284078
284079
284080
284081
284082
284083
284084
284085
284086
284087
284088
284089
284090
284091
284092
284093
284094
284095
284096
284097
284098
284099
284100
284101
284102
284103
284104
284105
284106
284107
284108
284109
284110
284111
284112
284113
284114
284115
284116
284117
284118
284119
284120
284121
284122
284123
284124
284125
284126
284127
284128
284129
284130
284131
284132
284133
284134
284135
284136
284137
284138
284139
284140
284141
284142
284143
284144
284145
284146
284147
284148
284149
284150
284151
284152
284153
284154
284155
284156
284157
284158
284159
284160
284161
284162
284163
284164
284165
284166
284167
284168
284169
284170
284171
284172
284173
284174
284175
284176
284177
284178
284179
284180
284181
284182
284183
284184
284185
284186
284187
284188
284189
284190
284191
284192
284193
284194
284195
284196
284197
284198
284199
284200
284201
284202
284203
284204
284205
284206
284207
284208
284209
284210
284211
284212
284213
284214
284215
284216
284217
284218
284219
284220
284221
284222
284223
284224
284225
284226
284227
284228
284229
284230
284231
284232
284233
284234
284235
284236
284237
284238
284239
284240
284241
284242
284243
284244
284245
284246
284247
284248
284249
284250
284251
284252
284253
284254
284255
284256
284257
284258
284259
284260
284261
284262
284263
284264
284265
284266
284267
284268
284269
284270
284271
284272
284273
284274
284275
284276
284277
284278
284279
284280
284281
284282
284283
284284
284285
284286
284287
284288
284289
284290
284291
284292
284293
284294
284295
284296
284297
284298
284299
284300
284301
284302
284303
284304
284305
284306
284307
284308
284309
284310
284311
284312
284313
284314
284315
284316
284317
284318
284319
284320
284321
284322
284323
284324
284325
284326
284327
284328
284329
284330
284331
284332
284333
284334
284335
284336
284337
284338
284339
284340
284341
284342
284343
284344
284345
284346
284347
284348
284349
284350
349451
349452
349453
349454
349455
349456
349457
349458
349459
349460
349461
349462
349463
349464
349465
349466
349467
349468
349469
349470
349471
349472
349473
349474
349475
349476
349477
349478
349479
349480
349481
349482
349483
349484
349485
349486
349487
349488
349489
349490
349491
349492
349493
349494
349495
349496
349497
349498
349499
349500
40000
40100
40200
40300
40400
40500
40600
40700
40800
40900
41000
41100
41200
41300
41400
41500
41600
41700
41800
41900
42000
42100
42200
42300
42400
42500
42600
42700
42800
42900
43000
43100
43200
43300
43400
43500
43600
43700
43800
43900
44000
44100
44200
44300
44400
44500
44600
44700
44800
44899
-24852
-24854
-24856
-24858
-24860
-24862
-24864
-24866
-24868
-24870
-24872
-24874
-24876
-24878
-24880
-24882
-24884
-24886
-24888
-24890
-24892
-24894
-24896
-24898
-24900
-24902
-24904
-24906
-24908
-24910
-24912
-24914
-24916
-24918
-24920
-24922
-24924
-24926
-24928
-24930
-24932
-24934
-24936
-24938
-24940
-24942
-24944
-24946
-24948
-24950
44802
44804
44806
44808
44810
44812
44814
44816
44818
44820
44822
44824
44826
44828
44830
44832
44834
44836
44838
44840
44842
44844
44846
44848
44850
44852
44854
44856
44858
44860
44862
44864
44866
44868
44870
44872
44874
44876
44878
44880
44882
44884
44886
44888
44890
44892
44894
44896
44898
44900
)


// ************************************************************************* //
