/*--------------------------------*- C++ -*----------------------------------*\
| =========                 |                                                 |
| \\      /  F ield         | OpenFOAM: The Open Source CFD Toolbox           |
|  \\    /   O peration     | Version:  v1906                                 |
|   \\  /    A nd           | Web:      www.OpenFOAM.com                      |
|    \\/     M anipulation  |                                                 |
\*---------------------------------------------------------------------------*/
FoamFile
{
    version     2.0;
    format      ascii;
    class       labelList;
    location    "constant/cs11/polyMesh";
    object      faceRegionAddressing;
}
// * * * * * * * * * * * * * * * * * * * * * * * * * * * * * * * * * * * * * //


10100
(
54901
54902
54903
54904
54905
54906
54907
54908
54909
54910
54911
54912
54913
54914
54915
54916
54917
54918
54919
54920
54921
54922
54923
54924
54925
54926
54927
54928
54929
54930
54931
54932
54933
54934
54935
54936
54937
54938
54939
54940
54941
54942
54943
54944
54945
54946
54947
54948
54949
54950
54951
54952
54953
54954
54955
54956
54957
54958
54959
54960
54961
54962
54963
54964
54965
54966
54967
54968
54969
54970
54971
54972
54973
54974
54975
54976
54977
54978
54979
54980
54981
54982
54983
54984
54985
54986
54987
54988
54989
54990
54991
54992
54993
54994
54995
54996
54997
54998
54999
55000
55001
55002
55003
55004
55005
55006
55007
55008
55009
55010
55011
55012
55013
55014
55015
55016
55017
55018
55019
55020
55021
55022
55023
55024
55025
55026
55027
55028
55029
55030
55031
55032
55033
55034
55035
55036
55037
55038
55039
55040
55041
55042
55043
55044
55045
55046
55047
55048
55049
55050
55051
55052
55053
55054
55055
55056
55057
55058
55059
55060
55061
55062
55063
55064
55065
55066
55067
55068
55069
55070
55071
55072
55073
55074
55075
55076
55077
55078
55079
55080
55081
55082
55083
55084
55085
55086
55087
55088
55089
55090
55091
55092
55093
55094
55095
55096
55097
55098
55099
55100
55101
55102
55103
55104
55105
55106
55107
55108
55109
55110
55111
55112
55113
55114
55115
55116
55117
55118
55119
55120
55121
55122
55123
55124
55125
55126
55127
55128
55129
55130
55131
55132
55133
55134
55135
55136
55137
55138
55139
55140
55141
55142
55143
55144
55145
55146
55147
55148
55149
55150
55151
55152
55153
55154
55155
55156
55157
55158
55159
55160
55161
55162
55163
55164
55165
55166
55167
55168
55169
55170
55171
55172
55173
55174
55175
55176
55177
55178
55179
55180
55181
55182
55183
55184
55185
55186
55187
55188
55189
55190
55191
55192
55193
55194
55195
55196
55197
55198
55199
55200
55201
55202
55203
55204
55205
55206
55207
55208
55209
55210
55211
55212
55213
55214
55215
55216
55217
55218
55219
55220
55221
55222
55223
55224
55225
55226
55227
55228
55229
55230
55231
55232
55233
55234
55235
55236
55237
55238
55239
55240
55241
55242
55243
55244
55245
55246
55247
55248
55249
55250
55251
55252
55253
55254
55255
55256
55257
55258
55259
55260
55261
55262
55263
55264
55265
55266
55267
55268
55269
55270
55271
55272
55273
55274
55275
55276
55277
55278
55279
55280
55281
55282
55283
55284
55285
55286
55287
55288
55289
55290
55291
55292
55293
55294
55295
55296
55297
55298
55299
55300
55301
55302
55303
55304
55305
55306
55307
55308
55309
55310
55311
55312
55313
55314
55315
55316
55317
55318
55319
55320
55321
55322
55323
55324
55325
55326
55327
55328
55329
55330
55331
55332
55333
55334
55335
55336
55337
55338
55339
55340
55341
55342
55343
55344
55345
55346
55347
55348
55349
55350
55351
55352
55353
55354
55355
55356
55357
55358
55359
55360
55361
55362
55363
55364
55365
55366
55367
55368
55369
55370
55371
55372
55373
55374
55375
55376
55377
55378
55379
55380
55381
55382
55383
55384
55385
55386
55387
55388
55389
55390
55391
55392
55393
55394
55395
55396
55397
55398
55399
55400
55401
55402
55403
55404
55405
55406
55407
55408
55409
55410
55411
55412
55413
55414
55415
55416
55417
55418
55419
55420
55421
55422
55423
55424
55425
55426
55427
55428
55429
55430
55431
55432
55433
55434
55435
55436
55437
55438
55439
55440
55441
55442
55443
55444
55445
55446
55447
55448
55449
55450
55451
55452
55453
55454
55455
55456
55457
55458
55459
55460
55461
55462
55463
55464
55465
55466
55467
55468
55469
55470
55471
55472
55473
55474
55475
55476
55477
55478
55479
55480
55481
55482
55483
55484
55485
55486
55487
55488
55489
55490
55491
55492
55493
55494
55495
55496
55497
55498
55499
55500
55501
55502
55503
55504
55505
55506
55507
55508
55509
55510
55511
55512
55513
55514
55515
55516
55517
55518
55519
55520
55521
55522
55523
55524
55525
55526
55527
55528
55529
55530
55531
55532
55533
55534
55535
55536
55537
55538
55539
55540
55541
55542
55543
55544
55545
55546
55547
55548
55549
55550
55551
55552
55553
55554
55555
55556
55557
55558
55559
55560
55561
55562
55563
55564
55565
55566
55567
55568
55569
55570
55571
55572
55573
55574
55575
55576
55577
55578
55579
55580
55581
55582
55583
55584
55585
55586
55587
55588
55589
55590
55591
55592
55593
55594
55595
55596
55597
55598
55599
55600
55601
55602
55603
55604
55605
55606
55607
55608
55609
55610
55611
55612
55613
55614
55615
55616
55617
55618
55619
55620
55621
55622
55623
55624
55625
55626
55627
55628
55629
55630
55631
55632
55633
55634
55635
55636
55637
55638
55639
55640
55641
55642
55643
55644
55645
55646
55647
55648
55649
55650
55651
55652
55653
55654
55655
55656
55657
55658
55659
55660
55661
55662
55663
55664
55665
55666
55667
55668
55669
55670
55671
55672
55673
55674
55675
55676
55677
55678
55679
55680
55681
55682
55683
55684
55685
55686
55687
55688
55689
55690
55691
55692
55693
55694
55695
55696
55697
55698
55699
55700
55701
55702
55703
55704
55705
55706
55707
55708
55709
55710
55711
55712
55713
55714
55715
55716
55717
55718
55719
55720
55721
55722
55723
55724
55725
55726
55727
55728
55729
55730
55731
55732
55733
55734
55735
55736
55737
55738
55739
55740
55741
55742
55743
55744
55745
55746
55747
55748
55749
55750
55751
55752
55753
55754
55755
55756
55757
55758
55759
55760
55761
55762
55763
55764
55765
55766
55767
55768
55769
55770
55771
55772
55773
55774
55775
55776
55777
55778
55779
55780
55781
55782
55783
55784
55785
55786
55787
55788
55789
55790
55791
55792
55793
55794
55795
55796
55797
55798
55799
55800
55801
55802
55803
55804
55805
55806
55807
55808
55809
55810
55811
55812
55813
55814
55815
55816
55817
55818
55819
55820
55821
55822
55823
55824
55825
55826
55827
55828
55829
55830
55831
55832
55833
55834
55835
55836
55837
55838
55839
55840
55841
55842
55843
55844
55845
55846
55847
55848
55849
55850
55851
55852
55853
55854
55855
55856
55857
55858
55859
55860
55861
55862
55863
55864
55865
55866
55867
55868
55869
55870
55871
55872
55873
55874
55875
55876
55877
55878
55879
55880
55881
55882
55883
55884
55885
55886
55887
55888
55889
55890
55891
55892
55893
55894
55895
55896
55897
55898
55899
55900
55901
55902
55903
55904
55905
55906
55907
55908
55909
55910
55911
55912
55913
55914
55915
55916
55917
55918
55919
55920
55921
55922
55923
55924
55925
55926
55927
55928
55929
55930
55931
55932
55933
55934
55935
55936
55937
55938
55939
55940
55941
55942
55943
55944
55945
55946
55947
55948
55949
55950
55951
55952
55953
55954
55955
55956
55957
55958
55959
55960
55961
55962
55963
55964
55965
55966
55967
55968
55969
55970
55971
55972
55973
55974
55975
55976
55977
55978
55979
55980
55981
55982
55983
55984
55985
55986
55987
55988
55989
55990
55991
55992
55993
55994
55995
55996
55997
55998
55999
56000
56001
56002
56003
56004
56005
56006
56007
56008
56009
56010
56011
56012
56013
56014
56015
56016
56017
56018
56019
56020
56021
56022
56023
56024
56025
56026
56027
56028
56029
56030
56031
56032
56033
56034
56035
56036
56037
56038
56039
56040
56041
56042
56043
56044
56045
56046
56047
56048
56049
56050
56051
56052
56053
56054
56055
56056
56057
56058
56059
56060
56061
56062
56063
56064
56065
56066
56067
56068
56069
56070
56071
56072
56073
56074
56075
56076
56077
56078
56079
56080
56081
56082
56083
56084
56085
56086
56087
56088
56089
56090
56091
56092
56093
56094
56095
56096
56097
56098
56099
56100
56101
56102
56103
56104
56105
56106
56107
56108
56109
56110
56111
56112
56113
56114
56115
56116
56117
56118
56119
56120
56121
56122
56123
56124
56125
56126
56127
56128
56129
56130
56131
56132
56133
56134
56135
56136
56137
56138
56139
56140
56141
56142
56143
56144
56145
56146
56147
56148
56149
56150
56151
56152
56153
56154
56155
56156
56157
56158
56159
56160
56161
56162
56163
56164
56165
56166
56167
56168
56169
56170
56171
56172
56173
56174
56175
56176
56177
56178
56179
56180
56181
56182
56183
56184
56185
56186
56187
56188
56189
56190
56191
56192
56193
56194
56195
56196
56197
56198
56199
56200
56201
56202
56203
56204
56205
56206
56207
56208
56209
56210
56211
56212
56213
56214
56215
56216
56217
56218
56219
56220
56221
56222
56223
56224
56225
56226
56227
56228
56229
56230
56231
56232
56233
56234
56235
56236
56237
56238
56239
56240
56241
56242
56243
56244
56245
56246
56247
56248
56249
56250
56251
56252
56253
56254
56255
56256
56257
56258
56259
56260
56261
56262
56263
56264
56265
56266
56267
56268
56269
56270
56271
56272
56273
56274
56275
56276
56277
56278
56279
56280
56281
56282
56283
56284
56285
56286
56287
56288
56289
56290
56291
56292
56293
56294
56295
56296
56297
56298
56299
56300
56301
56302
56303
56304
56305
56306
56307
56308
56309
56310
56311
56312
56313
56314
56315
56316
56317
56318
56319
56320
56321
56322
56323
56324
56325
56326
56327
56328
56329
56330
56331
56332
56333
56334
56335
56336
56337
56338
56339
56340
56341
56342
56343
56344
56345
56346
56347
56348
56349
56350
56351
56352
56353
56354
56355
56356
56357
56358
56359
56360
56361
56362
56363
56364
56365
56366
56367
56368
56369
56370
56371
56372
56373
56374
56375
56376
56377
56378
56379
56380
56381
56382
56383
56384
56385
56386
56387
56388
56389
56390
56391
56392
56393
56394
56395
56396
56397
56398
56399
56400
56401
56402
56403
56404
56405
56406
56407
56408
56409
56410
56411
56412
56413
56414
56415
56416
56417
56418
56419
56420
56421
56422
56423
56424
56425
56426
56427
56428
56429
56430
56431
56432
56433
56434
56435
56436
56437
56438
56439
56440
56441
56442
56443
56444
56445
56446
56447
56448
56449
56450
56451
56452
56453
56454
56455
56456
56457
56458
56459
56460
56461
56462
56463
56464
56465
56466
56467
56468
56469
56470
56471
56472
56473
56474
56475
56476
56477
56478
56479
56480
56481
56482
56483
56484
56485
56486
56487
56488
56489
56490
56491
56492
56493
56494
56495
56496
56497
56498
56499
56500
56501
56502
56503
56504
56505
56506
56507
56508
56509
56510
56511
56512
56513
56514
56515
56516
56517
56518
56519
56520
56521
56522
56523
56524
56525
56526
56527
56528
56529
56530
56531
56532
56533
56534
56535
56536
56537
56538
56539
56540
56541
56542
56543
56544
56545
56546
56547
56548
56549
56550
56551
56552
56553
56554
56555
56556
56557
56558
56559
56560
56561
56562
56563
56564
56565
56566
56567
56568
56569
56570
56571
56572
56573
56574
56575
56576
56577
56578
56579
56580
56581
56582
56583
56584
56585
56586
56587
56588
56589
56590
56591
56592
56593
56594
56595
56596
56597
56598
56599
56600
56601
56602
56603
56604
56605
56606
56607
56608
56609
56610
56611
56612
56613
56614
56615
56616
56617
56618
56619
56620
56621
56622
56623
56624
56625
56626
56627
56628
56629
56630
56631
56632
56633
56634
56635
56636
56637
56638
56639
56640
56641
56642
56643
56644
56645
56646
56647
56648
56649
56650
56651
56652
56653
56654
56655
56656
56657
56658
56659
56660
56661
56662
56663
56664
56665
56666
56667
56668
56669
56670
56671
56672
56673
56674
56675
56676
56677
56678
56679
56680
56681
56682
56683
56684
56685
56686
56687
56688
56689
56690
56691
56692
56693
56694
56695
56696
56697
56698
56699
56700
56701
56702
56703
56704
56705
56706
56707
56708
56709
56710
56711
56712
56713
56714
56715
56716
56717
56718
56719
56720
56721
56722
56723
56724
56725
56726
56727
56728
56729
56730
56731
56732
56733
56734
56735
56736
56737
56738
56739
56740
56741
56742
56743
56744
56745
56746
56747
56748
56749
56750
56751
56752
56753
56754
56755
56756
56757
56758
56759
56760
56761
56762
56763
56764
56765
56766
56767
56768
56769
56770
56771
56772
56773
56774
56775
56776
56777
56778
56779
56780
56781
56782
56783
56784
56785
56786
56787
56788
56789
56790
56791
56792
56793
56794
56795
56796
56797
56798
56799
56800
56801
56802
56803
56804
56805
56806
56807
56808
56809
56810
56811
56812
56813
56814
56815
56816
56817
56818
56819
56820
56821
56822
56823
56824
56825
56826
56827
56828
56829
56830
56831
56832
56833
56834
56835
56836
56837
56838
56839
56840
56841
56842
56843
56844
56845
56846
56847
56848
56849
56850
56851
56852
56853
56854
56855
56856
56857
56858
56859
56860
56861
56862
56863
56864
56865
56866
56867
56868
56869
56870
56871
56872
56873
56874
56875
56876
56877
56878
56879
56880
56881
56882
56883
56884
56885
56886
56887
56888
56889
56890
56891
56892
56893
56894
56895
56896
56897
56898
56899
56900
56901
56902
56903
56904
56905
56906
56907
56908
56909
56910
56911
56912
56913
56914
56915
56916
56917
56918
56919
56920
56921
56922
56923
56924
56925
56926
56927
56928
56929
56930
56931
56932
56933
56934
56935
56936
56937
56938
56939
56940
56941
56942
56943
56944
56945
56946
56947
56948
56949
56950
56951
56952
56953
56954
56955
56956
56957
56958
56959
56960
56961
56962
56963
56964
56965
56966
56967
56968
56969
56970
56971
56972
56973
56974
56975
56976
56977
56978
56979
56980
56981
56982
56983
56984
56985
56986
56987
56988
56989
56990
56991
56992
56993
56994
56995
56996
56997
56998
56999
57000
57001
57002
57003
57004
57005
57006
57007
57008
57009
57010
57011
57012
57013
57014
57015
57016
57017
57018
57019
57020
57021
57022
57023
57024
57025
57026
57027
57028
57029
57030
57031
57032
57033
57034
57035
57036
57037
57038
57039
57040
57041
57042
57043
57044
57045
57046
57047
57048
57049
57050
57051
57052
57053
57054
57055
57056
57057
57058
57059
57060
57061
57062
57063
57064
57065
57066
57067
57068
57069
57070
57071
57072
57073
57074
57075
57076
57077
57078
57079
57080
57081
57082
57083
57084
57085
57086
57087
57088
57089
57090
57091
57092
57093
57094
57095
57096
57097
57098
57099
57100
57101
57102
57103
57104
57105
57106
57107
57108
57109
57110
57111
57112
57113
57114
57115
57116
57117
57118
57119
57120
57121
57122
57123
57124
57125
57126
57127
57128
57129
57130
57131
57132
57133
57134
57135
57136
57137
57138
57139
57140
57141
57142
57143
57144
57145
57146
57147
57148
57149
57150
57151
57152
57153
57154
57155
57156
57157
57158
57159
57160
57161
57162
57163
57164
57165
57166
57167
57168
57169
57170
57171
57172
57173
57174
57175
57176
57177
57178
57179
57180
57181
57182
57183
57184
57185
57186
57187
57188
57189
57190
57191
57192
57193
57194
57195
57196
57197
57198
57199
57200
57201
57202
57203
57204
57205
57206
57207
57208
57209
57210
57211
57212
57213
57214
57215
57216
57217
57218
57219
57220
57221
57222
57223
57224
57225
57226
57227
57228
57229
57230
57231
57232
57233
57234
57235
57236
57237
57238
57239
57240
57241
57242
57243
57244
57245
57246
57247
57248
57249
57250
57251
57252
57253
57254
57255
57256
57257
57258
57259
57260
57261
57262
57263
57264
57265
57266
57267
57268
57269
57270
57271
57272
57273
57274
57275
57276
57277
57278
57279
57280
57281
57282
57283
57284
57285
57286
57287
57288
57289
57290
57291
57292
57293
57294
57295
57296
57297
57298
57299
57300
57301
57302
57303
57304
57305
57306
57307
57308
57309
57310
57311
57312
57313
57314
57315
57316
57317
57318
57319
57320
57321
57322
57323
57324
57325
57326
57327
57328
57329
57330
57331
57332
57333
57334
57335
57336
57337
57338
57339
57340
57341
57342
57343
57344
57345
57346
57347
57348
57349
57350
57351
57352
57353
57354
57355
57356
57357
57358
57359
57360
57361
57362
57363
57364
57365
57366
57367
57368
57369
57370
57371
57372
57373
57374
57375
57376
57377
57378
57379
57380
57381
57382
57383
57384
57385
57386
57387
57388
57389
57390
57391
57392
57393
57394
57395
57396
57397
57398
57399
57400
57401
57402
57403
57404
57405
57406
57407
57408
57409
57410
57411
57412
57413
57414
57415
57416
57417
57418
57419
57420
57421
57422
57423
57424
57425
57426
57427
57428
57429
57430
57431
57432
57433
57434
57435
57436
57437
57438
57439
57440
57441
57442
57443
57444
57445
57446
57447
57448
57449
57450
57451
57452
57453
57454
57455
57456
57457
57458
57459
57460
57461
57462
57463
57464
57465
57466
57467
57468
57469
57470
57471
57472
57473
57474
57475
57476
57477
57478
57479
57480
57481
57482
57483
57484
57485
57486
57487
57488
57489
57490
57491
57492
57493
57494
57495
57496
57497
57498
57499
57500
57501
57502
57503
57504
57505
57506
57507
57508
57509
57510
57511
57512
57513
57514
57515
57516
57517
57518
57519
57520
57521
57522
57523
57524
57525
57526
57527
57528
57529
57530
57531
57532
57533
57534
57535
57536
57537
57538
57539
57540
57541
57542
57543
57544
57545
57546
57547
57548
57549
57550
57551
57552
57553
57554
57555
57556
57557
57558
57559
57560
57561
57562
57563
57564
57565
57566
57567
57568
57569
57570
57571
57572
57573
57574
57575
57576
57577
57578
57579
57580
57581
57582
57583
57584
57585
57586
57587
57588
57589
57590
57591
57592
57593
57594
57595
57596
57597
57598
57599
57600
57601
57602
57603
57604
57605
57606
57607
57608
57609
57610
57611
57612
57613
57614
57615
57616
57617
57618
57619
57620
57621
57622
57623
57624
57625
57626
57627
57628
57629
57630
57631
57632
57633
57634
57635
57636
57637
57638
57639
57640
57641
57642
57643
57644
57645
57646
57647
57648
57649
57650
57651
57652
57653
57654
57655
57656
57657
57658
57659
57660
57661
57662
57663
57664
57665
57666
57667
57668
57669
57670
57671
57672
57673
57674
57675
57676
57677
57678
57679
57680
57681
57682
57683
57684
57685
57686
57687
57688
57689
57690
57691
57692
57693
57694
57695
57696
57697
57698
57699
57700
57701
57702
57703
57704
57705
57706
57707
57708
57709
57710
57711
57712
57713
57714
57715
57716
57717
57718
57719
57720
57721
57722
57723
57724
57725
57726
57727
57728
57729
57730
57731
57732
57733
57734
57735
57736
57737
57738
57739
57740
57741
57742
57743
57744
57745
57746
57747
57748
57749
57750
57751
57752
57753
57754
57755
57756
57757
57758
57759
57760
57761
57762
57763
57764
57765
57766
57767
57768
57769
57770
57771
57772
57773
57774
57775
57776
57777
57778
57779
57780
57781
57782
57783
57784
57785
57786
57787
57788
57789
57790
57791
57792
57793
57794
57795
57796
57797
57798
57799
57800
57801
57802
57803
57804
57805
57806
57807
57808
57809
57810
57811
57812
57813
57814
57815
57816
57817
57818
57819
57820
57821
57822
57823
57824
57825
57826
57827
57828
57829
57830
57831
57832
57833
57834
57835
57836
57837
57838
57839
57840
57841
57842
57843
57844
57845
57846
57847
57848
57849
57850
57851
57852
57853
57854
57855
57856
57857
57858
57859
57860
57861
57862
57863
57864
57865
57866
57867
57868
57869
57870
57871
57872
57873
57874
57875
57876
57877
57878
57879
57880
57881
57882
57883
57884
57885
57886
57887
57888
57889
57890
57891
57892
57893
57894
57895
57896
57897
57898
57899
57900
57901
57902
57903
57904
57905
57906
57907
57908
57909
57910
57911
57912
57913
57914
57915
57916
57917
57918
57919
57920
57921
57922
57923
57924
57925
57926
57927
57928
57929
57930
57931
57932
57933
57934
57935
57936
57937
57938
57939
57940
57941
57942
57943
57944
57945
57946
57947
57948
57949
57950
57951
57952
57953
57954
57955
57956
57957
57958
57959
57960
57961
57962
57963
57964
57965
57966
57967
57968
57969
57970
57971
57972
57973
57974
57975
57976
57977
57978
57979
57980
57981
57982
57983
57984
57985
57986
57987
57988
57989
57990
57991
57992
57993
57994
57995
57996
57997
57998
57999
58000
58001
58002
58003
58004
58005
58006
58007
58008
58009
58010
58011
58012
58013
58014
58015
58016
58017
58018
58019
58020
58021
58022
58023
58024
58025
58026
58027
58028
58029
58030
58031
58032
58033
58034
58035
58036
58037
58038
58039
58040
58041
58042
58043
58044
58045
58046
58047
58048
58049
58050
58051
58052
58053
58054
58055
58056
58057
58058
58059
58060
58061
58062
58063
58064
58065
58066
58067
58068
58069
58070
58071
58072
58073
58074
58075
58076
58077
58078
58079
58080
58081
58082
58083
58084
58085
58086
58087
58088
58089
58090
58091
58092
58093
58094
58095
58096
58097
58098
58099
58100
58101
58102
58103
58104
58105
58106
58107
58108
58109
58110
58111
58112
58113
58114
58115
58116
58117
58118
58119
58120
58121
58122
58123
58124
58125
58126
58127
58128
58129
58130
58131
58132
58133
58134
58135
58136
58137
58138
58139
58140
58141
58142
58143
58144
58145
58146
58147
58148
58149
58150
58151
58152
58153
58154
58155
58156
58157
58158
58159
58160
58161
58162
58163
58164
58165
58166
58167
58168
58169
58170
58171
58172
58173
58174
58175
58176
58177
58178
58179
58180
58181
58182
58183
58184
58185
58186
58187
58188
58189
58190
58191
58192
58193
58194
58195
58196
58197
58198
58199
58200
58201
58202
58203
58204
58205
58206
58207
58208
58209
58210
58211
58212
58213
58214
58215
58216
58217
58218
58219
58220
58221
58222
58223
58224
58225
58226
58227
58228
58229
58230
58231
58232
58233
58234
58235
58236
58237
58238
58239
58240
58241
58242
58243
58244
58245
58246
58247
58248
58249
58250
58251
58252
58253
58254
58255
58256
58257
58258
58259
58260
58261
58262
58263
58264
58265
58266
58267
58268
58269
58270
58271
58272
58273
58274
58275
58276
58277
58278
58279
58280
58281
58282
58283
58284
58285
58286
58287
58288
58289
58290
58291
58292
58293
58294
58295
58296
58297
58298
58299
58300
58301
58302
58303
58304
58305
58306
58307
58308
58309
58310
58311
58312
58313
58314
58315
58316
58317
58318
58319
58320
58321
58322
58323
58324
58325
58326
58327
58328
58329
58330
58331
58332
58333
58334
58335
58336
58337
58338
58339
58340
58341
58342
58343
58344
58345
58346
58347
58348
58349
58350
58351
58352
58353
58354
58355
58356
58357
58358
58359
58360
58361
58362
58363
58364
58365
58366
58367
58368
58369
58370
58371
58372
58373
58374
58375
58376
58377
58378
58379
58380
58381
58382
58383
58384
58385
58386
58387
58388
58389
58390
58391
58392
58393
58394
58395
58396
58397
58398
58399
58400
58401
58402
58403
58404
58405
58406
58407
58408
58409
58410
58411
58412
58413
58414
58415
58416
58417
58418
58419
58420
58421
58422
58423
58424
58425
58426
58427
58428
58429
58430
58431
58432
58433
58434
58435
58436
58437
58438
58439
58440
58441
58442
58443
58444
58445
58446
58447
58448
58449
58450
58451
58452
58453
58454
58455
58456
58457
58458
58459
58460
58461
58462
58463
58464
58465
58466
58467
58468
58469
58470
58471
58472
58473
58474
58475
58476
58477
58478
58479
58480
58481
58482
58483
58484
58485
58486
58487
58488
58489
58490
58491
58492
58493
58494
58495
58496
58497
58498
58499
58500
58501
58502
58503
58504
58505
58506
58507
58508
58509
58510
58511
58512
58513
58514
58515
58516
58517
58518
58519
58520
58521
58522
58523
58524
58525
58526
58527
58528
58529
58530
58531
58532
58533
58534
58535
58536
58537
58538
58539
58540
58541
58542
58543
58544
58545
58546
58547
58548
58549
58550
58551
58552
58553
58554
58555
58556
58557
58558
58559
58560
58561
58562
58563
58564
58565
58566
58567
58568
58569
58570
58571
58572
58573
58574
58575
58576
58577
58578
58579
58580
58581
58582
58583
58584
58585
58586
58587
58588
58589
58590
58591
58592
58593
58594
58595
58596
58597
58598
58599
58600
58601
58602
58603
58604
58605
58606
58607
58608
58609
58610
58611
58612
58613
58614
58615
58616
58617
58618
58619
58620
58621
58622
58623
58624
58625
58626
58627
58628
58629
58630
58631
58632
58633
58634
58635
58636
58637
58638
58639
58640
58641
58642
58643
58644
58645
58646
58647
58648
58649
58650
58651
58652
58653
58654
58655
58656
58657
58658
58659
58660
58661
58662
58663
58664
58665
58666
58667
58668
58669
58670
58671
58672
58673
58674
58675
58676
58677
58678
58679
58680
58681
58682
58683
58684
58685
58686
58687
58688
58689
58690
58691
58692
58693
58694
58695
58696
58697
58698
58699
58700
58701
58702
58703
58704
58705
58706
58707
58708
58709
58710
58711
58712
58713
58714
58715
58716
58717
58718
58719
58720
58721
58722
58723
58724
58725
58726
58727
58728
58729
58730
58731
58732
58733
58734
58735
58736
58737
58738
58739
58740
58741
58742
58743
58744
58745
58746
58747
58748
58749
58750
58751
58752
58753
58754
58755
58756
58757
58758
58759
58760
58761
58762
58763
58764
58765
58766
58767
58768
58769
58770
58771
58772
58773
58774
58775
58776
58777
58778
58779
58780
58781
58782
58783
58784
58785
58786
58787
58788
58789
58790
58791
58792
58793
58794
58795
58796
58797
58798
58799
58800
58801
58802
58803
58804
58805
58806
58807
58808
58809
58810
58811
58812
58813
58814
58815
58816
58817
58818
58819
58820
58821
58822
58823
58824
58825
58826
58827
58828
58829
58830
58831
58832
58833
58834
58835
58836
58837
58838
58839
58840
58841
58842
58843
58844
58845
58846
58847
58848
58849
58850
58851
58852
58853
58854
58855
58856
58857
58858
58859
58860
58861
58862
58863
58864
58865
58866
58867
58868
58869
58870
58871
58872
58873
58874
58875
58876
58877
58878
58879
58880
58881
58882
58883
58884
58885
58886
58887
58888
58889
58890
58891
58892
58893
58894
58895
58896
58897
58898
58899
58900
58901
58902
58903
58904
58905
58906
58907
58908
58909
58910
58911
58912
58913
58914
58915
58916
58917
58918
58919
58920
58921
58922
58923
58924
58925
58926
58927
58928
58929
58930
58931
58932
58933
58934
58935
58936
58937
58938
58939
58940
58941
58942
58943
58944
58945
58946
58947
58948
58949
58950
58951
58952
58953
58954
58955
58956
58957
58958
58959
58960
58961
58962
58963
58964
58965
58966
58967
58968
58969
58970
58971
58972
58973
58974
58975
58976
58977
58978
58979
58980
58981
58982
58983
58984
58985
58986
58987
58988
58989
58990
58991
58992
58993
58994
58995
58996
58997
58998
58999
59000
59001
59002
59003
59004
59005
59006
59007
59008
59009
59010
59011
59012
59013
59014
59015
59016
59017
59018
59019
59020
59021
59022
59023
59024
59025
59026
59027
59028
59029
59030
59031
59032
59033
59034
59035
59036
59037
59038
59039
59040
59041
59042
59043
59044
59045
59046
59047
59048
59049
59050
59051
59052
59053
59054
59055
59056
59057
59058
59059
59060
59061
59062
59063
59064
59065
59066
59067
59068
59069
59070
59071
59072
59073
59074
59075
59076
59077
59078
59079
59080
59081
59082
59083
59084
59085
59086
59087
59088
59089
59090
59091
59092
59093
59094
59095
59096
59097
59098
59099
59100
59101
59102
59103
59104
59105
59106
59107
59108
59109
59110
59111
59112
59113
59114
59115
59116
59117
59118
59119
59120
59121
59122
59123
59124
59125
59126
59127
59128
59129
59130
59131
59132
59133
59134
59135
59136
59137
59138
59139
59140
59141
59142
59143
59144
59145
59146
59147
59148
59149
59150
59151
59152
59153
59154
59155
59156
59157
59158
59159
59160
59161
59162
59163
59164
59165
59166
59167
59168
59169
59170
59171
59172
59173
59174
59175
59176
59177
59178
59179
59180
59181
59182
59183
59184
59185
59186
59187
59188
59189
59190
59191
59192
59193
59194
59195
59196
59197
59198
59199
59200
59201
59202
59203
59204
59205
59206
59207
59208
59209
59210
59211
59212
59213
59214
59215
59216
59217
59218
59219
59220
59221
59222
59223
59224
59225
59226
59227
59228
59229
59230
59231
59232
59233
59234
59235
59236
59237
59238
59239
59240
59241
59242
59243
59244
59245
59246
59247
59248
59249
59250
59251
59252
59253
59254
59255
59256
59257
59258
59259
59260
59261
59262
59263
59264
59265
59266
59267
59268
59269
59270
59271
59272
59273
59274
59275
59276
59277
59278
59279
59280
59281
59282
59283
59284
59285
59286
59287
59288
59289
59290
59291
59292
59293
59294
59295
59296
59297
59298
59299
59300
59301
59302
59303
59304
59305
59306
59307
59308
59309
59310
59311
59312
59313
59314
59315
59316
59317
59318
59319
59320
59321
59322
59323
59324
59325
59326
59327
59328
59329
59330
59331
59332
59333
59334
59335
59336
59337
59338
59339
59340
59341
59342
59343
59344
59345
59346
59347
59348
59349
59350
59351
59352
59353
59354
59355
59356
59357
59358
59359
59360
59361
59362
59363
59364
59365
59366
59367
59368
59369
59370
59371
59372
59373
59374
59375
59376
59377
59378
59379
59380
59381
59382
59383
59384
59385
59386
59387
59388
59389
59390
59391
59392
59393
59394
59395
59396
59397
59398
59399
59400
59401
59402
59403
59404
59405
59406
59407
59408
59409
59410
59411
59412
59413
59414
59415
59416
59417
59418
59419
59420
59421
59422
59423
59424
59425
59426
59427
59428
59429
59430
59431
59432
59433
59434
59435
59436
59437
59438
59439
59440
59441
59442
59443
59444
59445
59446
59447
59448
59449
59450
59451
59452
59453
59454
59455
59456
59457
59458
59459
59460
59461
59462
59463
59464
59465
59466
59467
59468
59469
59470
59471
59472
59473
59474
59475
59476
59477
59478
59479
59480
59481
59482
59483
59484
59485
59486
59487
59488
59489
59490
59491
59492
59493
59494
59495
59496
59497
59498
59499
59500
59501
59502
59503
59504
59505
59506
59507
59508
59509
59510
59511
59512
59513
59514
59515
59516
59517
59518
59519
59520
59521
59522
59523
59524
59525
59526
59527
59528
59529
59530
59531
59532
59533
59534
59535
59536
59537
59538
59539
59540
59541
59542
59543
59544
59545
59546
59547
59548
59549
59550
59551
59552
59553
59554
59555
59556
59557
59558
59559
59560
59561
59562
59563
59564
59565
59566
59567
59568
59569
59570
59571
59572
59573
59574
59575
59576
59577
59578
59579
59580
59581
59582
59583
59584
59585
59586
59587
59588
59589
59590
59591
59592
59593
59594
59595
59596
59597
59598
59599
59600
59601
59602
59603
59604
59605
59606
59607
59608
59609
59610
59611
59612
59613
59614
59615
59616
59617
59618
59619
59620
59621
59622
59623
59624
59625
59626
59627
59628
59629
59630
59631
59632
59633
59634
59635
59636
59637
59638
59639
59640
59641
59642
59643
59644
59645
59646
59647
59648
59649
59650
59651
59652
59653
59654
59655
59656
59657
59658
59659
59660
59661
59662
59663
59664
59665
59666
59667
59668
59669
59670
59671
59672
59673
59674
59675
59676
59677
59678
59679
59680
59681
59682
59683
59684
59685
59686
59687
59688
59689
59690
59691
59692
59693
59694
59695
59696
59697
59698
59699
59700
59701
59702
59703
59704
59705
59706
59707
59708
59709
59710
59711
59712
59713
59714
59715
59716
59717
59718
59719
59720
59721
59722
59723
59724
59725
59726
59727
59728
59729
59730
59731
59732
59733
59734
59735
59736
59737
59738
59739
59740
59741
59742
59743
59744
59745
59746
59747
59748
59749
59750
59751
59752
59754
59756
59758
59760
59762
59764
59766
59768
59770
59772
59774
59776
59778
59780
59782
59784
59786
59788
59790
59792
59794
59796
59798
59800
59802
59804
59806
59808
59810
59812
59814
59816
59818
59820
59822
59824
59826
59828
59830
59832
59834
59836
59838
59840
59842
59844
59846
59848
201851
201852
201853
201854
201855
201856
201857
201858
201859
201860
201861
201862
201863
201864
201865
201866
201867
201868
201869
201870
201871
201872
201873
201874
201875
201876
201877
201878
201879
201880
201881
201882
201883
201884
201885
201886
201887
201888
201889
201890
201891
201892
201893
201894
201895
201896
201897
201898
201899
201900
201901
201902
201903
201904
201905
201906
201907
201908
201909
201910
201911
201912
201913
201914
201915
201916
201917
201918
201919
201920
201921
201922
201923
201924
201925
201926
201927
201928
201929
201930
201931
201932
201933
201934
201935
201936
201937
201938
201939
201940
201941
201942
201943
201944
201945
201946
201947
201948
201949
201950
201951
201952
201953
201954
201955
201956
201957
201958
201959
201960
201961
201962
201963
201964
201965
201966
201967
201968
201969
201970
201971
201972
201973
201974
201975
201976
201977
201978
201979
201980
201981
201982
201983
201984
201985
201986
201987
201988
201989
201990
201991
201992
201993
201994
201995
201996
201997
201998
201999
202000
202001
202002
202003
202004
202005
202006
202007
202008
202009
202010
202011
202012
202013
202014
202015
202016
202017
202018
202019
202020
202021
202022
202023
202024
202025
202026
202027
202028
202029
202030
202031
202032
202033
202034
202035
202036
202037
202038
202039
202040
202041
202042
202043
202044
202045
202046
202047
202048
202049
202050
202051
202052
202053
202054
202055
202056
202057
202058
202059
202060
202061
202062
202063
202064
202065
202066
202067
202068
202069
202070
202071
202072
202073
202074
202075
202076
202077
202078
202079
202080
202081
202082
202083
202084
202085
202086
202087
202088
202089
202090
202091
202092
202093
202094
202095
202096
202097
202098
202099
202100
202101
202102
202103
202104
202105
202106
202107
202108
202109
202110
202111
202112
202113
202114
202115
202116
202117
202118
202119
202120
202121
202122
202123
202124
202125
202126
202127
202128
202129
202130
202131
202132
202133
202134
202135
202136
202137
202138
202139
202140
202141
202142
202143
202144
202145
202146
202147
202148
202149
202150
202151
202152
202153
202154
202155
202156
202157
202158
202159
202160
202161
202162
202163
202164
202165
202166
202167
202168
202169
202170
202171
202172
202173
202174
202175
202176
202177
202178
202179
202180
202181
202182
202183
202184
202185
202186
202187
202188
202189
202190
202191
202192
202193
202194
202195
202196
202197
202198
202199
202200
202201
202202
202203
202204
202205
202206
202207
202208
202209
202210
202211
202212
202213
202214
202215
202216
202217
202218
202219
202220
202221
202222
202223
202224
202225
202226
202227
202228
202229
202230
202231
202232
202233
202234
202235
202236
202237
202238
202239
202240
202241
202242
202243
202244
202245
202246
202247
202248
202249
202250
202251
202252
202253
202254
202255
202256
202257
202258
202259
202260
202261
202262
202263
202264
202265
202266
202267
202268
202269
202270
202271
202272
202273
202274
202275
202276
202277
202278
202279
202280
202281
202282
202283
202284
202285
202286
202287
202288
202289
202290
202291
202292
202293
202294
202295
202296
202297
202298
202299
202300
202301
202302
202303
202304
202305
202306
202307
202308
202309
202310
202311
202312
202313
202314
202315
202316
202317
202318
202319
202320
202321
202322
202323
202324
202325
202326
202327
202328
202329
202330
202331
202332
202333
202334
202335
202336
202337
202338
202339
202340
202341
202342
202343
202344
202345
202346
202347
202348
202349
202350
202351
202352
202353
202354
202355
202356
202357
202358
202359
202360
202361
202362
202363
202364
202365
202366
202367
202368
202369
202370
202371
202372
202373
202374
202375
202376
202377
202378
202379
202380
202381
202382
202383
202384
202385
202386
202387
202388
202389
202390
202391
202392
202393
202394
202395
202396
202397
202398
202399
202400
202401
202402
202403
202404
202405
202406
202407
202408
202409
202410
202411
202412
202413
202414
202415
202416
202417
202418
202419
202420
202421
202422
202423
202424
202425
202426
202427
202428
202429
202430
202431
202432
202433
202434
202435
202436
202437
202438
202439
202440
202441
202442
202443
202444
202445
202446
202447
202448
202449
202450
202451
202452
202453
202454
202455
202456
202457
202458
202459
202460
202461
202462
202463
202464
202465
202466
202467
202468
202469
202470
202471
202472
202473
202474
202475
202476
202477
202478
202479
202480
202481
202482
202483
202484
202485
202486
202487
202488
202489
202490
202491
202492
202493
202494
202495
202496
202497
202498
202499
202500
202501
202502
202503
202504
202505
202506
202507
202508
202509
202510
202511
202512
202513
202514
202515
202516
202517
202518
202519
202520
202521
202522
202523
202524
202525
202526
202527
202528
202529
202530
202531
202532
202533
202534
202535
202536
202537
202538
202539
202540
202541
202542
202543
202544
202545
202546
202547
202548
202549
202550
202551
202552
202553
202554
202555
202556
202557
202558
202559
202560
202561
202562
202563
202564
202565
202566
202567
202568
202569
202570
202571
202572
202573
202574
202575
202576
202577
202578
202579
202580
202581
202582
202583
202584
202585
202586
202587
202588
202589
202590
202591
202592
202593
202594
202595
202596
202597
202598
202599
202600
202601
202602
202603
202604
202605
202606
202607
202608
202609
202610
202611
202612
202613
202614
202615
202616
202617
202618
202619
202620
202621
202622
202623
202624
202625
202626
202627
202628
202629
202630
202631
202632
202633
202634
202635
202636
202637
202638
202639
202640
202641
202642
202643
202644
202645
202646
202647
202648
202649
202650
202651
202652
202653
202654
202655
202656
202657
202658
202659
202660
202661
202662
202663
202664
202665
202666
202667
202668
202669
202670
202671
202672
202673
202674
202675
202676
202677
202678
202679
202680
202681
202682
202683
202684
202685
202686
202687
202688
202689
202690
202691
202692
202693
202694
202695
202696
202697
202698
202699
202700
202701
202702
202703
202704
202705
202706
202707
202708
202709
202710
202711
202712
202713
202714
202715
202716
202717
202718
202719
202720
202721
202722
202723
202724
202725
202726
202727
202728
202729
202730
202731
202732
202733
202734
202735
202736
202737
202738
202739
202740
202741
202742
202743
202744
202745
202746
202747
202748
202749
202750
202751
202752
202753
202754
202755
202756
202757
202758
202759
202760
202761
202762
202763
202764
202765
202766
202767
202768
202769
202770
202771
202772
202773
202774
202775
202776
202777
202778
202779
202780
202781
202782
202783
202784
202785
202786
202787
202788
202789
202790
202791
202792
202793
202794
202795
202796
202797
202798
202799
202800
202801
202802
202803
202804
202805
202806
202807
202808
202809
202810
202811
202812
202813
202814
202815
202816
202817
202818
202819
202820
202821
202822
202823
202824
202825
202826
202827
202828
202829
202830
202831
202832
202833
202834
202835
202836
202837
202838
202839
202840
202841
202842
202843
202844
202845
202846
202847
202848
202849
202850
202851
202852
202853
202854
202855
202856
202857
202858
202859
202860
202861
202862
202863
202864
202865
202866
202867
202868
202869
202870
202871
202872
202873
202874
202875
202876
202877
202878
202879
202880
202881
202882
202883
202884
202885
202886
202887
202888
202889
202890
202891
202892
202893
202894
202895
202896
202897
202898
202899
202900
202901
202902
202903
202904
202905
202906
202907
202908
202909
202910
202911
202912
202913
202914
202915
202916
202917
202918
202919
202920
202921
202922
202923
202924
202925
202926
202927
202928
202929
202930
202931
202932
202933
202934
202935
202936
202937
202938
202939
202940
202941
202942
202943
202944
202945
202946
202947
202948
202949
202950
202951
202952
202953
202954
202955
202956
202957
202958
202959
202960
202961
202962
202963
202964
202965
202966
202967
202968
202969
202970
202971
202972
202973
202974
202975
202976
202977
202978
202979
202980
202981
202982
202983
202984
202985
202986
202987
202988
202989
202990
202991
202992
202993
202994
202995
202996
202997
202998
202999
203000
203001
203002
203003
203004
203005
203006
203007
203008
203009
203010
203011
203012
203013
203014
203015
203016
203017
203018
203019
203020
203021
203022
203023
203024
203025
203026
203027
203028
203029
203030
203031
203032
203033
203034
203035
203036
203037
203038
203039
203040
203041
203042
203043
203044
203045
203046
203047
203048
203049
203050
203051
203052
203053
203054
203055
203056
203057
203058
203059
203060
203061
203062
203063
203064
203065
203066
203067
203068
203069
203070
203071
203072
203073
203074
203075
203076
203077
203078
203079
203080
203081
203082
203083
203084
203085
203086
203087
203088
203089
203090
203091
203092
203093
203094
203095
203096
203097
203098
203099
203100
203101
203102
203103
203104
203105
203106
203107
203108
203109
203110
203111
203112
203113
203114
203115
203116
203117
203118
203119
203120
203121
203122
203123
203124
203125
203126
203127
203128
203129
203130
203131
203132
203133
203134
203135
203136
203137
203138
203139
203140
203141
203142
203143
203144
203145
203146
203147
203148
203149
203150
203151
203152
203153
203154
203155
203156
203157
203158
203159
203160
203161
203162
203163
203164
203165
203166
203167
203168
203169
203170
203171
203172
203173
203174
203175
203176
203177
203178
203179
203180
203181
203182
203183
203184
203185
203186
203187
203188
203189
203190
203191
203192
203193
203194
203195
203196
203197
203198
203199
203200
203201
203202
203203
203204
203205
203206
203207
203208
203209
203210
203211
203212
203213
203214
203215
203216
203217
203218
203219
203220
203221
203222
203223
203224
203225
203226
203227
203228
203229
203230
203231
203232
203233
203234
203235
203236
203237
203238
203239
203240
203241
203242
203243
203244
203245
203246
203247
203248
203249
203250
203251
203252
203253
203254
203255
203256
203257
203258
203259
203260
203261
203262
203263
203264
203265
203266
203267
203268
203269
203270
203271
203272
203273
203274
203275
203276
203277
203278
203279
203280
203281
203282
203283
203284
203285
203286
203287
203288
203289
203290
203291
203292
203293
203294
203295
203296
203297
203298
203299
203300
203301
203302
203303
203304
203305
203306
203307
203308
203309
203310
203311
203312
203313
203314
203315
203316
203317
203318
203319
203320
203321
203322
203323
203324
203325
203326
203327
203328
203329
203330
203331
203332
203333
203334
203335
203336
203337
203338
203339
203340
203341
203342
203343
203344
203345
203346
203347
203348
203349
203350
203351
203352
203353
203354
203355
203356
203357
203358
203359
203360
203361
203362
203363
203364
203365
203366
203367
203368
203369
203370
203371
203372
203373
203374
203375
203376
203377
203378
203379
203380
203381
203382
203383
203384
203385
203386
203387
203388
203389
203390
203391
203392
203393
203394
203395
203396
203397
203398
203399
203400
203401
203402
203403
203404
203405
203406
203407
203408
203409
203410
203411
203412
203413
203414
203415
203416
203417
203418
203419
203420
203421
203422
203423
203424
203425
203426
203427
203428
203429
203430
203431
203432
203433
203434
203435
203436
203437
203438
203439
203440
203441
203442
203443
203444
203445
203446
203447
203448
203449
203450
203451
203452
203453
203454
203455
203456
203457
203458
203459
203460
203461
203462
203463
203464
203465
203466
203467
203468
203469
203470
203471
203472
203473
203474
203475
203476
203477
203478
203479
203480
203481
203482
203483
203484
203485
203486
203487
203488
203489
203490
203491
203492
203493
203494
203495
203496
203497
203498
203499
203500
203501
203502
203503
203504
203505
203506
203507
203508
203509
203510
203511
203512
203513
203514
203515
203516
203517
203518
203519
203520
203521
203522
203523
203524
203525
203526
203527
203528
203529
203530
203531
203532
203533
203534
203535
203536
203537
203538
203539
203540
203541
203542
203543
203544
203545
203546
203547
203548
203549
203550
203551
203552
203553
203554
203555
203556
203557
203558
203559
203560
203561
203562
203563
203564
203565
203566
203567
203568
203569
203570
203571
203572
203573
203574
203575
203576
203577
203578
203579
203580
203581
203582
203583
203584
203585
203586
203587
203588
203589
203590
203591
203592
203593
203594
203595
203596
203597
203598
203599
203600
203601
203602
203603
203604
203605
203606
203607
203608
203609
203610
203611
203612
203613
203614
203615
203616
203617
203618
203619
203620
203621
203622
203623
203624
203625
203626
203627
203628
203629
203630
203631
203632
203633
203634
203635
203636
203637
203638
203639
203640
203641
203642
203643
203644
203645
203646
203647
203648
203649
203650
203651
203652
203653
203654
203655
203656
203657
203658
203659
203660
203661
203662
203663
203664
203665
203666
203667
203668
203669
203670
203671
203672
203673
203674
203675
203676
203677
203678
203679
203680
203681
203682
203683
203684
203685
203686
203687
203688
203689
203690
203691
203692
203693
203694
203695
203696
203697
203698
203699
203700
203701
203702
203703
203704
203705
203706
203707
203708
203709
203710
203711
203712
203713
203714
203715
203716
203717
203718
203719
203720
203721
203722
203723
203724
203725
203726
203727
203728
203729
203730
203731
203732
203733
203734
203735
203736
203737
203738
203739
203740
203741
203742
203743
203744
203745
203746
203747
203748
203749
203750
203751
203752
203753
203754
203755
203756
203757
203758
203759
203760
203761
203762
203763
203764
203765
203766
203767
203768
203769
203770
203771
203772
203773
203774
203775
203776
203777
203778
203779
203780
203781
203782
203783
203784
203785
203786
203787
203788
203789
203790
203791
203792
203793
203794
203795
203796
203797
203798
203799
203800
203801
203802
203803
203804
203805
203806
203807
203808
203809
203810
203811
203812
203813
203814
203815
203816
203817
203818
203819
203820
203821
203822
203823
203824
203825
203826
203827
203828
203829
203830
203831
203832
203833
203834
203835
203836
203837
203838
203839
203840
203841
203842
203843
203844
203845
203846
203847
203848
203849
203850
203851
203852
203853
203854
203855
203856
203857
203858
203859
203860
203861
203862
203863
203864
203865
203866
203867
203868
203869
203870
203871
203872
203873
203874
203875
203876
203877
203878
203879
203880
203881
203882
203883
203884
203885
203886
203887
203888
203889
203890
203891
203892
203893
203894
203895
203896
203897
203898
203899
203900
203901
203902
203903
203904
203905
203906
203907
203908
203909
203910
203911
203912
203913
203914
203915
203916
203917
203918
203919
203920
203921
203922
203923
203924
203925
203926
203927
203928
203929
203930
203931
203932
203933
203934
203935
203936
203937
203938
203939
203940
203941
203942
203943
203944
203945
203946
203947
203948
203949
203950
203951
203952
203953
203954
203955
203956
203957
203958
203959
203960
203961
203962
203963
203964
203965
203966
203967
203968
203969
203970
203971
203972
203973
203974
203975
203976
203977
203978
203979
203980
203981
203982
203983
203984
203985
203986
203987
203988
203989
203990
203991
203992
203993
203994
203995
203996
203997
203998
203999
204000
204001
204002
204003
204004
204005
204006
204007
204008
204009
204010
204011
204012
204013
204014
204015
204016
204017
204018
204019
204020
204021
204022
204023
204024
204025
204026
204027
204028
204029
204030
204031
204032
204033
204034
204035
204036
204037
204038
204039
204040
204041
204042
204043
204044
204045
204046
204047
204048
204049
204050
204051
204052
204053
204054
204055
204056
204057
204058
204059
204060
204061
204062
204063
204064
204065
204066
204067
204068
204069
204070
204071
204072
204073
204074
204075
204076
204077
204078
204079
204080
204081
204082
204083
204084
204085
204086
204087
204088
204089
204090
204091
204092
204093
204094
204095
204096
204097
204098
204099
204100
204101
204102
204103
204104
204105
204106
204107
204108
204109
204110
204111
204112
204113
204114
204115
204116
204117
204118
204119
204120
204121
204122
204123
204124
204125
204126
204127
204128
204129
204130
204131
204132
204133
204134
204135
204136
204137
204138
204139
204140
204141
204142
204143
204144
204145
204146
204147
204148
204149
204150
204151
204152
204153
204154
204155
204156
204157
204158
204159
204160
204161
204162
204163
204164
204165
204166
204167
204168
204169
204170
204171
204172
204173
204174
204175
204176
204177
204178
204179
204180
204181
204182
204183
204184
204185
204186
204187
204188
204189
204190
204191
204192
204193
204194
204195
204196
204197
204198
204199
204200
204201
204202
204203
204204
204205
204206
204207
204208
204209
204210
204211
204212
204213
204214
204215
204216
204217
204218
204219
204220
204221
204222
204223
204224
204225
204226
204227
204228
204229
204230
204231
204232
204233
204234
204235
204236
204237
204238
204239
204240
204241
204242
204243
204244
204245
204246
204247
204248
204249
204250
204251
204252
204253
204254
204255
204256
204257
204258
204259
204260
204261
204262
204263
204264
204265
204266
204267
204268
204269
204270
204271
204272
204273
204274
204275
204276
204277
204278
204279
204280
204281
204282
204283
204284
204285
204286
204287
204288
204289
204290
204291
204292
204293
204294
204295
204296
204297
204298
204299
204300
204301
204302
204303
204304
204305
204306
204307
204308
204309
204310
204311
204312
204313
204314
204315
204316
204317
204318
204319
204320
204321
204322
204323
204324
204325
204326
204327
204328
204329
204330
204331
204332
204333
204334
204335
204336
204337
204338
204339
204340
204341
204342
204343
204344
204345
204346
204347
204348
204349
204350
289351
289352
289353
289354
289355
289356
289357
289358
289359
289360
289361
289362
289363
289364
289365
289366
289367
289368
289369
289370
289371
289372
289373
289374
289375
289376
289377
289378
289379
289380
289381
289382
289383
289384
289385
289386
289387
289388
289389
289390
289391
289392
289393
289394
289395
289396
289397
289398
289399
289400
289401
289402
289403
289404
289405
289406
289407
289408
289409
289410
289411
289412
289413
289414
289415
289416
289417
289418
289419
289420
289421
289422
289423
289424
289425
289426
289427
289428
289429
289430
289431
289432
289433
289434
289435
289436
289437
289438
289439
289440
289441
289442
289443
289444
289445
289446
289447
289448
289449
289450
289451
289452
289453
289454
289455
289456
289457
289458
289459
289460
289461
289462
289463
289464
289465
289466
289467
289468
289469
289470
289471
289472
289473
289474
289475
289476
289477
289478
289479
289480
289481
289482
289483
289484
289485
289486
289487
289488
289489
289490
289491
289492
289493
289494
289495
289496
289497
289498
289499
289500
289501
289502
289503
289504
289505
289506
289507
289508
289509
289510
289511
289512
289513
289514
289515
289516
289517
289518
289519
289520
289521
289522
289523
289524
289525
289526
289527
289528
289529
289530
289531
289532
289533
289534
289535
289536
289537
289538
289539
289540
289541
289542
289543
289544
289545
289546
289547
289548
289549
289550
289551
289552
289553
289554
289555
289556
289557
289558
289559
289560
289561
289562
289563
289564
289565
289566
289567
289568
289569
289570
289571
289572
289573
289574
289575
289576
289577
289578
289579
289580
289581
289582
289583
289584
289585
289586
289587
289588
289589
289590
289591
289592
289593
289594
289595
289596
289597
289598
289599
289600
289601
289602
289603
289604
289605
289606
289607
289608
289609
289610
289611
289612
289613
289614
289615
289616
289617
289618
289619
289620
289621
289622
289623
289624
289625
289626
289627
289628
289629
289630
289631
289632
289633
289634
289635
289636
289637
289638
289639
289640
289641
289642
289643
289644
289645
289646
289647
289648
289649
289650
289651
289652
289653
289654
289655
289656
289657
289658
289659
289660
289661
289662
289663
289664
289665
289666
289667
289668
289669
289670
289671
289672
289673
289674
289675
289676
289677
289678
289679
289680
289681
289682
289683
289684
289685
289686
289687
289688
289689
289690
289691
289692
289693
289694
289695
289696
289697
289698
289699
289700
289701
289702
289703
289704
289705
289706
289707
289708
289709
289710
289711
289712
289713
289714
289715
289716
289717
289718
289719
289720
289721
289722
289723
289724
289725
289726
289727
289728
289729
289730
289731
289732
289733
289734
289735
289736
289737
289738
289739
289740
289741
289742
289743
289744
289745
289746
289747
289748
289749
289750
289751
289752
289753
289754
289755
289756
289757
289758
289759
289760
289761
289762
289763
289764
289765
289766
289767
289768
289769
289770
289771
289772
289773
289774
289775
289776
289777
289778
289779
289780
289781
289782
289783
289784
289785
289786
289787
289788
289789
289790
289791
289792
289793
289794
289795
289796
289797
289798
289799
289800
289801
289802
289803
289804
289805
289806
289807
289808
289809
289810
289811
289812
289813
289814
289815
289816
289817
289818
289819
289820
289821
289822
289823
289824
289825
289826
289827
289828
289829
289830
289831
289832
289833
289834
289835
289836
289837
289838
289839
289840
289841
289842
289843
289844
289845
289846
289847
289848
289849
289850
289851
289852
289853
289854
289855
289856
289857
289858
289859
289860
289861
289862
289863
289864
289865
289866
289867
289868
289869
289870
289871
289872
289873
289874
289875
289876
289877
289878
289879
289880
289881
289882
289883
289884
289885
289886
289887
289888
289889
289890
289891
289892
289893
289894
289895
289896
289897
289898
289899
289900
289901
289902
289903
289904
289905
289906
289907
289908
289909
289910
289911
289912
289913
289914
289915
289916
289917
289918
289919
289920
289921
289922
289923
289924
289925
289926
289927
289928
289929
289930
289931
289932
289933
289934
289935
289936
289937
289938
289939
289940
289941
289942
289943
289944
289945
289946
289947
289948
289949
289950
289951
289952
289953
289954
289955
289956
289957
289958
289959
289960
289961
289962
289963
289964
289965
289966
289967
289968
289969
289970
289971
289972
289973
289974
289975
289976
289977
289978
289979
289980
289981
289982
289983
289984
289985
289986
289987
289988
289989
289990
289991
289992
289993
289994
289995
289996
289997
289998
289999
290000
290001
290002
290003
290004
290005
290006
290007
290008
290009
290010
290011
290012
290013
290014
290015
290016
290017
290018
290019
290020
290021
290022
290023
290024
290025
290026
290027
290028
290029
290030
290031
290032
290033
290034
290035
290036
290037
290038
290039
290040
290041
290042
290043
290044
290045
290046
290047
290048
290049
290050
290051
290052
290053
290054
290055
290056
290057
290058
290059
290060
290061
290062
290063
290064
290065
290066
290067
290068
290069
290070
290071
290072
290073
290074
290075
290076
290077
290078
290079
290080
290081
290082
290083
290084
290085
290086
290087
290088
290089
290090
290091
290092
290093
290094
290095
290096
290097
290098
290099
290100
290101
290102
290103
290104
290105
290106
290107
290108
290109
290110
290111
290112
290113
290114
290115
290116
290117
290118
290119
290120
290121
290122
290123
290124
290125
290126
290127
290128
290129
290130
290131
290132
290133
290134
290135
290136
290137
290138
290139
290140
290141
290142
290143
290144
290145
290146
290147
290148
290149
290150
290151
290152
290153
290154
290155
290156
290157
290158
290159
290160
290161
290162
290163
290164
290165
290166
290167
290168
290169
290170
290171
290172
290173
290174
290175
290176
290177
290178
290179
290180
290181
290182
290183
290184
290185
290186
290187
290188
290189
290190
290191
290192
290193
290194
290195
290196
290197
290198
290199
290200
290201
290202
290203
290204
290205
290206
290207
290208
290209
290210
290211
290212
290213
290214
290215
290216
290217
290218
290219
290220
290221
290222
290223
290224
290225
290226
290227
290228
290229
290230
290231
290232
290233
290234
290235
290236
290237
290238
290239
290240
290241
290242
290243
290244
290245
290246
290247
290248
290249
290250
290251
290252
290253
290254
290255
290256
290257
290258
290259
290260
290261
290262
290263
290264
290265
290266
290267
290268
290269
290270
290271
290272
290273
290274
290275
290276
290277
290278
290279
290280
290281
290282
290283
290284
290285
290286
290287
290288
290289
290290
290291
290292
290293
290294
290295
290296
290297
290298
290299
290300
290301
290302
290303
290304
290305
290306
290307
290308
290309
290310
290311
290312
290313
290314
290315
290316
290317
290318
290319
290320
290321
290322
290323
290324
290325
290326
290327
290328
290329
290330
290331
290332
290333
290334
290335
290336
290337
290338
290339
290340
290341
290342
290343
290344
290345
290346
290347
290348
290349
290350
290351
290352
290353
290354
290355
290356
290357
290358
290359
290360
290361
290362
290363
290364
290365
290366
290367
290368
290369
290370
290371
290372
290373
290374
290375
290376
290377
290378
290379
290380
290381
290382
290383
290384
290385
290386
290387
290388
290389
290390
290391
290392
290393
290394
290395
290396
290397
290398
290399
290400
290401
290402
290403
290404
290405
290406
290407
290408
290409
290410
290411
290412
290413
290414
290415
290416
290417
290418
290419
290420
290421
290422
290423
290424
290425
290426
290427
290428
290429
290430
290431
290432
290433
290434
290435
290436
290437
290438
290439
290440
290441
290442
290443
290444
290445
290446
290447
290448
290449
290450
290451
290452
290453
290454
290455
290456
290457
290458
290459
290460
290461
290462
290463
290464
290465
290466
290467
290468
290469
290470
290471
290472
290473
290474
290475
290476
290477
290478
290479
290480
290481
290482
290483
290484
290485
290486
290487
290488
290489
290490
290491
290492
290493
290494
290495
290496
290497
290498
290499
290500
290501
290502
290503
290504
290505
290506
290507
290508
290509
290510
290511
290512
290513
290514
290515
290516
290517
290518
290519
290520
290521
290522
290523
290524
290525
290526
290527
290528
290529
290530
290531
290532
290533
290534
290535
290536
290537
290538
290539
290540
290541
290542
290543
290544
290545
290546
290547
290548
290549
290550
290551
290552
290553
290554
290555
290556
290557
290558
290559
290560
290561
290562
290563
290564
290565
290566
290567
290568
290569
290570
290571
290572
290573
290574
290575
290576
290577
290578
290579
290580
290581
290582
290583
290584
290585
290586
290587
290588
290589
290590
290591
290592
290593
290594
290595
290596
290597
290598
290599
290600
290601
290602
290603
290604
290605
290606
290607
290608
290609
290610
290611
290612
290613
290614
290615
290616
290617
290618
290619
290620
290621
290622
290623
290624
290625
290626
290627
290628
290629
290630
290631
290632
290633
290634
290635
290636
290637
290638
290639
290640
290641
290642
290643
290644
290645
290646
290647
290648
290649
290650
290651
290652
290653
290654
290655
290656
290657
290658
290659
290660
290661
290662
290663
290664
290665
290666
290667
290668
290669
290670
290671
290672
290673
290674
290675
290676
290677
290678
290679
290680
290681
290682
290683
290684
290685
290686
290687
290688
290689
290690
290691
290692
290693
290694
290695
290696
290697
290698
290699
290700
290701
290702
290703
290704
290705
290706
290707
290708
290709
290710
290711
290712
290713
290714
290715
290716
290717
290718
290719
290720
290721
290722
290723
290724
290725
290726
290727
290728
290729
290730
290731
290732
290733
290734
290735
290736
290737
290738
290739
290740
290741
290742
290743
290744
290745
290746
290747
290748
290749
290750
290751
290752
290753
290754
290755
290756
290757
290758
290759
290760
290761
290762
290763
290764
290765
290766
290767
290768
290769
290770
290771
290772
290773
290774
290775
290776
290777
290778
290779
290780
290781
290782
290783
290784
290785
290786
290787
290788
290789
290790
290791
290792
290793
290794
290795
290796
290797
290798
290799
290800
290801
290802
290803
290804
290805
290806
290807
290808
290809
290810
290811
290812
290813
290814
290815
290816
290817
290818
290819
290820
290821
290822
290823
290824
290825
290826
290827
290828
290829
290830
290831
290832
290833
290834
290835
290836
290837
290838
290839
290840
290841
290842
290843
290844
290845
290846
290847
290848
290849
290850
290851
290852
290853
290854
290855
290856
290857
290858
290859
290860
290861
290862
290863
290864
290865
290866
290867
290868
290869
290870
290871
290872
290873
290874
290875
290876
290877
290878
290879
290880
290881
290882
290883
290884
290885
290886
290887
290888
290889
290890
290891
290892
290893
290894
290895
290896
290897
290898
290899
290900
290901
290902
290903
290904
290905
290906
290907
290908
290909
290910
290911
290912
290913
290914
290915
290916
290917
290918
290919
290920
290921
290922
290923
290924
290925
290926
290927
290928
290929
290930
290931
290932
290933
290934
290935
290936
290937
290938
290939
290940
290941
290942
290943
290944
290945
290946
290947
290948
290949
290950
290951
290952
290953
290954
290955
290956
290957
290958
290959
290960
290961
290962
290963
290964
290965
290966
290967
290968
290969
290970
290971
290972
290973
290974
290975
290976
290977
290978
290979
290980
290981
290982
290983
290984
290985
290986
290987
290988
290989
290990
290991
290992
290993
290994
290995
290996
290997
290998
290999
291000
291001
291002
291003
291004
291005
291006
291007
291008
291009
291010
291011
291012
291013
291014
291015
291016
291017
291018
291019
291020
291021
291022
291023
291024
291025
291026
291027
291028
291029
291030
291031
291032
291033
291034
291035
291036
291037
291038
291039
291040
291041
291042
291043
291044
291045
291046
291047
291048
291049
291050
291051
291052
291053
291054
291055
291056
291057
291058
291059
291060
291061
291062
291063
291064
291065
291066
291067
291068
291069
291070
291071
291072
291073
291074
291075
291076
291077
291078
291079
291080
291081
291082
291083
291084
291085
291086
291087
291088
291089
291090
291091
291092
291093
291094
291095
291096
291097
291098
291099
291100
291101
291102
291103
291104
291105
291106
291107
291108
291109
291110
291111
291112
291113
291114
291115
291116
291117
291118
291119
291120
291121
291122
291123
291124
291125
291126
291127
291128
291129
291130
291131
291132
291133
291134
291135
291136
291137
291138
291139
291140
291141
291142
291143
291144
291145
291146
291147
291148
291149
291150
291151
291152
291153
291154
291155
291156
291157
291158
291159
291160
291161
291162
291163
291164
291165
291166
291167
291168
291169
291170
291171
291172
291173
291174
291175
291176
291177
291178
291179
291180
291181
291182
291183
291184
291185
291186
291187
291188
291189
291190
291191
291192
291193
291194
291195
291196
291197
291198
291199
291200
291201
291202
291203
291204
291205
291206
291207
291208
291209
291210
291211
291212
291213
291214
291215
291216
291217
291218
291219
291220
291221
291222
291223
291224
291225
291226
291227
291228
291229
291230
291231
291232
291233
291234
291235
291236
291237
291238
291239
291240
291241
291242
291243
291244
291245
291246
291247
291248
291249
291250
291251
291252
291253
291254
291255
291256
291257
291258
291259
291260
291261
291262
291263
291264
291265
291266
291267
291268
291269
291270
291271
291272
291273
291274
291275
291276
291277
291278
291279
291280
291281
291282
291283
291284
291285
291286
291287
291288
291289
291290
291291
291292
291293
291294
291295
291296
291297
291298
291299
291300
291301
291302
291303
291304
291305
291306
291307
291308
291309
291310
291311
291312
291313
291314
291315
291316
291317
291318
291319
291320
291321
291322
291323
291324
291325
291326
291327
291328
291329
291330
291331
291332
291333
291334
291335
291336
291337
291338
291339
291340
291341
291342
291343
291344
291345
291346
291347
291348
291349
291350
291351
291352
291353
291354
291355
291356
291357
291358
291359
291360
291361
291362
291363
291364
291365
291366
291367
291368
291369
291370
291371
291372
291373
291374
291375
291376
291377
291378
291379
291380
291381
291382
291383
291384
291385
291386
291387
291388
291389
291390
291391
291392
291393
291394
291395
291396
291397
291398
291399
291400
291401
291402
291403
291404
291405
291406
291407
291408
291409
291410
291411
291412
291413
291414
291415
291416
291417
291418
291419
291420
291421
291422
291423
291424
291425
291426
291427
291428
291429
291430
291431
291432
291433
291434
291435
291436
291437
291438
291439
291440
291441
291442
291443
291444
291445
291446
291447
291448
291449
291450
291451
291452
291453
291454
291455
291456
291457
291458
291459
291460
291461
291462
291463
291464
291465
291466
291467
291468
291469
291470
291471
291472
291473
291474
291475
291476
291477
291478
291479
291480
291481
291482
291483
291484
291485
291486
291487
291488
291489
291490
291491
291492
291493
291494
291495
291496
291497
291498
291499
291500
291501
291502
291503
291504
291505
291506
291507
291508
291509
291510
291511
291512
291513
291514
291515
291516
291517
291518
291519
291520
291521
291522
291523
291524
291525
291526
291527
291528
291529
291530
291531
291532
291533
291534
291535
291536
291537
291538
291539
291540
291541
291542
291543
291544
291545
291546
291547
291548
291549
291550
291551
291552
291553
291554
291555
291556
291557
291558
291559
291560
291561
291562
291563
291564
291565
291566
291567
291568
291569
291570
291571
291572
291573
291574
291575
291576
291577
291578
291579
291580
291581
291582
291583
291584
291585
291586
291587
291588
291589
291590
291591
291592
291593
291594
291595
291596
291597
291598
291599
291600
291601
291602
291603
291604
291605
291606
291607
291608
291609
291610
291611
291612
291613
291614
291615
291616
291617
291618
291619
291620
291621
291622
291623
291624
291625
291626
291627
291628
291629
291630
291631
291632
291633
291634
291635
291636
291637
291638
291639
291640
291641
291642
291643
291644
291645
291646
291647
291648
291649
291650
291651
291652
291653
291654
291655
291656
291657
291658
291659
291660
291661
291662
291663
291664
291665
291666
291667
291668
291669
291670
291671
291672
291673
291674
291675
291676
291677
291678
291679
291680
291681
291682
291683
291684
291685
291686
291687
291688
291689
291690
291691
291692
291693
291694
291695
291696
291697
291698
291699
291700
291701
291702
291703
291704
291705
291706
291707
291708
291709
291710
291711
291712
291713
291714
291715
291716
291717
291718
291719
291720
291721
291722
291723
291724
291725
291726
291727
291728
291729
291730
291731
291732
291733
291734
291735
291736
291737
291738
291739
291740
291741
291742
291743
291744
291745
291746
291747
291748
291749
291750
291751
291752
291753
291754
291755
291756
291757
291758
291759
291760
291761
291762
291763
291764
291765
291766
291767
291768
291769
291770
291771
291772
291773
291774
291775
291776
291777
291778
291779
291780
291781
291782
291783
291784
291785
291786
291787
291788
291789
291790
291791
291792
291793
291794
291795
291796
291797
291798
291799
291800
291801
291802
291803
291804
291805
291806
291807
291808
291809
291810
291811
291812
291813
291814
291815
291816
291817
291818
291819
291820
291821
291822
291823
291824
291825
291826
291827
291828
291829
291830
291831
291832
291833
291834
291835
291836
291837
291838
291839
291840
291841
291842
291843
291844
291845
291846
291847
291848
291849
291850
350051
350052
350053
350054
350055
350056
350057
350058
350059
350060
350061
350062
350063
350064
350065
350066
350067
350068
350069
350070
350071
350072
350073
350074
350075
350076
350077
350078
350079
350080
350081
350082
350083
350084
350085
350086
350087
350088
350089
350090
350091
350092
350093
350094
350095
350096
350097
350098
350099
350100
-50000
-50100
-50200
-50300
-50400
-50500
-50600
-50700
-50800
-50900
-51000
-51100
-51200
-51300
-51400
-51500
-51600
-51700
-51800
-51900
-52000
-52100
-52200
-52300
-52400
-52500
-52600
-52700
-52800
-52900
-53000
-53100
-53200
-53300
-53400
-53500
-53600
-53700
-53800
-53900
-54000
-54100
-54200
-54300
-54400
-54500
-54600
-54700
-54800
-54899
-39803
-39805
-39807
-39809
-39811
-39813
-39815
-39817
-39819
-39821
-39823
-39825
-39827
-39829
-39831
-39833
-39835
-39837
-39839
-39841
-39843
-39845
-39847
-39849
-39851
-39853
-39855
-39857
-39859
-39861
-39863
-39865
-39867
-39869
-39871
-39873
-39875
-39877
-39879
-39881
-39883
-39885
-39887
-39889
-39891
-39893
-39895
-39897
-39899
-39900
59753
59755
59757
59759
59761
59763
59765
59767
59769
59771
59773
59775
59777
59779
59781
59783
59785
59787
59789
59791
59793
59795
59797
59799
59801
59803
59805
59807
59809
59811
59813
59815
59817
59819
59821
59823
59825
59827
59829
59831
59833
59835
59837
59839
59841
59843
59845
59847
59849
59850
)


// ************************************************************************* //
