/*--------------------------------*- C++ -*----------------------------------*\
| =========                 |                                                 |
| \\      /  F ield         | OpenFOAM: The Open Source CFD Toolbox           |
|  \\    /   O peration     | Version:  v1906                                 |
|   \\  /    A nd           | Web:      www.OpenFOAM.com                      |
|    \\/     M anipulation  |                                                 |
\*---------------------------------------------------------------------------*/
FoamFile
{
    version     2.0;
    format      ascii;
    class       labelList;
    location    "constant/fbe12/polyMesh";
    object      faceRegionAddressing;
}
// * * * * * * * * * * * * * * * * * * * * * * * * * * * * * * * * * * * * * //


10100
(
59851
59852
59853
59854
59855
59856
59857
59858
59859
59860
59861
59862
59863
59864
59865
59866
59867
59868
59869
59870
59871
59872
59873
59874
59875
59876
59877
59878
59879
59880
59881
59882
59883
59884
59885
59886
59887
59888
59889
59890
59891
59892
59893
59894
59895
59896
59897
59898
59899
59900
59901
59902
59903
59904
59905
59906
59907
59908
59909
59910
59911
59912
59913
59914
59915
59916
59917
59918
59919
59920
59921
59922
59923
59924
59925
59926
59927
59928
59929
59930
59931
59932
59933
59934
59935
59936
59937
59938
59939
59940
59941
59942
59943
59944
59945
59946
59947
59948
59949
59951
59952
59953
59954
59955
59956
59957
59958
59959
59960
59961
59962
59963
59964
59965
59966
59967
59968
59969
59970
59971
59972
59973
59974
59975
59976
59977
59978
59979
59980
59981
59982
59983
59984
59985
59986
59987
59988
59989
59990
59991
59992
59993
59994
59995
59996
59997
59998
59999
60000
60001
60002
60003
60004
60005
60006
60007
60008
60009
60010
60011
60012
60013
60014
60015
60016
60017
60018
60019
60020
60021
60022
60023
60024
60025
60026
60027
60028
60029
60030
60031
60032
60033
60034
60035
60036
60037
60038
60039
60040
60041
60042
60043
60044
60045
60046
60047
60048
60049
60051
60052
60053
60054
60055
60056
60057
60058
60059
60060
60061
60062
60063
60064
60065
60066
60067
60068
60069
60070
60071
60072
60073
60074
60075
60076
60077
60078
60079
60080
60081
60082
60083
60084
60085
60086
60087
60088
60089
60090
60091
60092
60093
60094
60095
60096
60097
60098
60099
60100
60101
60102
60103
60104
60105
60106
60107
60108
60109
60110
60111
60112
60113
60114
60115
60116
60117
60118
60119
60120
60121
60122
60123
60124
60125
60126
60127
60128
60129
60130
60131
60132
60133
60134
60135
60136
60137
60138
60139
60140
60141
60142
60143
60144
60145
60146
60147
60148
60149
60151
60152
60153
60154
60155
60156
60157
60158
60159
60160
60161
60162
60163
60164
60165
60166
60167
60168
60169
60170
60171
60172
60173
60174
60175
60176
60177
60178
60179
60180
60181
60182
60183
60184
60185
60186
60187
60188
60189
60190
60191
60192
60193
60194
60195
60196
60197
60198
60199
60200
60201
60202
60203
60204
60205
60206
60207
60208
60209
60210
60211
60212
60213
60214
60215
60216
60217
60218
60219
60220
60221
60222
60223
60224
60225
60226
60227
60228
60229
60230
60231
60232
60233
60234
60235
60236
60237
60238
60239
60240
60241
60242
60243
60244
60245
60246
60247
60248
60249
60251
60252
60253
60254
60255
60256
60257
60258
60259
60260
60261
60262
60263
60264
60265
60266
60267
60268
60269
60270
60271
60272
60273
60274
60275
60276
60277
60278
60279
60280
60281
60282
60283
60284
60285
60286
60287
60288
60289
60290
60291
60292
60293
60294
60295
60296
60297
60298
60299
60300
60301
60302
60303
60304
60305
60306
60307
60308
60309
60310
60311
60312
60313
60314
60315
60316
60317
60318
60319
60320
60321
60322
60323
60324
60325
60326
60327
60328
60329
60330
60331
60332
60333
60334
60335
60336
60337
60338
60339
60340
60341
60342
60343
60344
60345
60346
60347
60348
60349
60351
60352
60353
60354
60355
60356
60357
60358
60359
60360
60361
60362
60363
60364
60365
60366
60367
60368
60369
60370
60371
60372
60373
60374
60375
60376
60377
60378
60379
60380
60381
60382
60383
60384
60385
60386
60387
60388
60389
60390
60391
60392
60393
60394
60395
60396
60397
60398
60399
60400
60401
60402
60403
60404
60405
60406
60407
60408
60409
60410
60411
60412
60413
60414
60415
60416
60417
60418
60419
60420
60421
60422
60423
60424
60425
60426
60427
60428
60429
60430
60431
60432
60433
60434
60435
60436
60437
60438
60439
60440
60441
60442
60443
60444
60445
60446
60447
60448
60449
60451
60452
60453
60454
60455
60456
60457
60458
60459
60460
60461
60462
60463
60464
60465
60466
60467
60468
60469
60470
60471
60472
60473
60474
60475
60476
60477
60478
60479
60480
60481
60482
60483
60484
60485
60486
60487
60488
60489
60490
60491
60492
60493
60494
60495
60496
60497
60498
60499
60500
60501
60502
60503
60504
60505
60506
60507
60508
60509
60510
60511
60512
60513
60514
60515
60516
60517
60518
60519
60520
60521
60522
60523
60524
60525
60526
60527
60528
60529
60530
60531
60532
60533
60534
60535
60536
60537
60538
60539
60540
60541
60542
60543
60544
60545
60546
60547
60548
60549
60551
60552
60553
60554
60555
60556
60557
60558
60559
60560
60561
60562
60563
60564
60565
60566
60567
60568
60569
60570
60571
60572
60573
60574
60575
60576
60577
60578
60579
60580
60581
60582
60583
60584
60585
60586
60587
60588
60589
60590
60591
60592
60593
60594
60595
60596
60597
60598
60599
60600
60601
60602
60603
60604
60605
60606
60607
60608
60609
60610
60611
60612
60613
60614
60615
60616
60617
60618
60619
60620
60621
60622
60623
60624
60625
60626
60627
60628
60629
60630
60631
60632
60633
60634
60635
60636
60637
60638
60639
60640
60641
60642
60643
60644
60645
60646
60647
60648
60649
60651
60652
60653
60654
60655
60656
60657
60658
60659
60660
60661
60662
60663
60664
60665
60666
60667
60668
60669
60670
60671
60672
60673
60674
60675
60676
60677
60678
60679
60680
60681
60682
60683
60684
60685
60686
60687
60688
60689
60690
60691
60692
60693
60694
60695
60696
60697
60698
60699
60700
60701
60702
60703
60704
60705
60706
60707
60708
60709
60710
60711
60712
60713
60714
60715
60716
60717
60718
60719
60720
60721
60722
60723
60724
60725
60726
60727
60728
60729
60730
60731
60732
60733
60734
60735
60736
60737
60738
60739
60740
60741
60742
60743
60744
60745
60746
60747
60748
60749
60751
60752
60753
60754
60755
60756
60757
60758
60759
60760
60761
60762
60763
60764
60765
60766
60767
60768
60769
60770
60771
60772
60773
60774
60775
60776
60777
60778
60779
60780
60781
60782
60783
60784
60785
60786
60787
60788
60789
60790
60791
60792
60793
60794
60795
60796
60797
60798
60799
60800
60801
60802
60803
60804
60805
60806
60807
60808
60809
60810
60811
60812
60813
60814
60815
60816
60817
60818
60819
60820
60821
60822
60823
60824
60825
60826
60827
60828
60829
60830
60831
60832
60833
60834
60835
60836
60837
60838
60839
60840
60841
60842
60843
60844
60845
60846
60847
60848
60849
60851
60852
60853
60854
60855
60856
60857
60858
60859
60860
60861
60862
60863
60864
60865
60866
60867
60868
60869
60870
60871
60872
60873
60874
60875
60876
60877
60878
60879
60880
60881
60882
60883
60884
60885
60886
60887
60888
60889
60890
60891
60892
60893
60894
60895
60896
60897
60898
60899
60900
60901
60902
60903
60904
60905
60906
60907
60908
60909
60910
60911
60912
60913
60914
60915
60916
60917
60918
60919
60920
60921
60922
60923
60924
60925
60926
60927
60928
60929
60930
60931
60932
60933
60934
60935
60936
60937
60938
60939
60940
60941
60942
60943
60944
60945
60946
60947
60948
60949
60951
60952
60953
60954
60955
60956
60957
60958
60959
60960
60961
60962
60963
60964
60965
60966
60967
60968
60969
60970
60971
60972
60973
60974
60975
60976
60977
60978
60979
60980
60981
60982
60983
60984
60985
60986
60987
60988
60989
60990
60991
60992
60993
60994
60995
60996
60997
60998
60999
61000
61001
61002
61003
61004
61005
61006
61007
61008
61009
61010
61011
61012
61013
61014
61015
61016
61017
61018
61019
61020
61021
61022
61023
61024
61025
61026
61027
61028
61029
61030
61031
61032
61033
61034
61035
61036
61037
61038
61039
61040
61041
61042
61043
61044
61045
61046
61047
61048
61049
61051
61052
61053
61054
61055
61056
61057
61058
61059
61060
61061
61062
61063
61064
61065
61066
61067
61068
61069
61070
61071
61072
61073
61074
61075
61076
61077
61078
61079
61080
61081
61082
61083
61084
61085
61086
61087
61088
61089
61090
61091
61092
61093
61094
61095
61096
61097
61098
61099
61100
61101
61102
61103
61104
61105
61106
61107
61108
61109
61110
61111
61112
61113
61114
61115
61116
61117
61118
61119
61120
61121
61122
61123
61124
61125
61126
61127
61128
61129
61130
61131
61132
61133
61134
61135
61136
61137
61138
61139
61140
61141
61142
61143
61144
61145
61146
61147
61148
61149
61151
61152
61153
61154
61155
61156
61157
61158
61159
61160
61161
61162
61163
61164
61165
61166
61167
61168
61169
61170
61171
61172
61173
61174
61175
61176
61177
61178
61179
61180
61181
61182
61183
61184
61185
61186
61187
61188
61189
61190
61191
61192
61193
61194
61195
61196
61197
61198
61199
61200
61201
61202
61203
61204
61205
61206
61207
61208
61209
61210
61211
61212
61213
61214
61215
61216
61217
61218
61219
61220
61221
61222
61223
61224
61225
61226
61227
61228
61229
61230
61231
61232
61233
61234
61235
61236
61237
61238
61239
61240
61241
61242
61243
61244
61245
61246
61247
61248
61249
61251
61252
61253
61254
61255
61256
61257
61258
61259
61260
61261
61262
61263
61264
61265
61266
61267
61268
61269
61270
61271
61272
61273
61274
61275
61276
61277
61278
61279
61280
61281
61282
61283
61284
61285
61286
61287
61288
61289
61290
61291
61292
61293
61294
61295
61296
61297
61298
61299
61300
61301
61302
61303
61304
61305
61306
61307
61308
61309
61310
61311
61312
61313
61314
61315
61316
61317
61318
61319
61320
61321
61322
61323
61324
61325
61326
61327
61328
61329
61330
61331
61332
61333
61334
61335
61336
61337
61338
61339
61340
61341
61342
61343
61344
61345
61346
61347
61348
61349
61351
61352
61353
61354
61355
61356
61357
61358
61359
61360
61361
61362
61363
61364
61365
61366
61367
61368
61369
61370
61371
61372
61373
61374
61375
61376
61377
61378
61379
61380
61381
61382
61383
61384
61385
61386
61387
61388
61389
61390
61391
61392
61393
61394
61395
61396
61397
61398
61399
61400
61401
61402
61403
61404
61405
61406
61407
61408
61409
61410
61411
61412
61413
61414
61415
61416
61417
61418
61419
61420
61421
61422
61423
61424
61425
61426
61427
61428
61429
61430
61431
61432
61433
61434
61435
61436
61437
61438
61439
61440
61441
61442
61443
61444
61445
61446
61447
61448
61449
61451
61452
61453
61454
61455
61456
61457
61458
61459
61460
61461
61462
61463
61464
61465
61466
61467
61468
61469
61470
61471
61472
61473
61474
61475
61476
61477
61478
61479
61480
61481
61482
61483
61484
61485
61486
61487
61488
61489
61490
61491
61492
61493
61494
61495
61496
61497
61498
61499
61500
61501
61502
61503
61504
61505
61506
61507
61508
61509
61510
61511
61512
61513
61514
61515
61516
61517
61518
61519
61520
61521
61522
61523
61524
61525
61526
61527
61528
61529
61530
61531
61532
61533
61534
61535
61536
61537
61538
61539
61540
61541
61542
61543
61544
61545
61546
61547
61548
61549
61551
61552
61553
61554
61555
61556
61557
61558
61559
61560
61561
61562
61563
61564
61565
61566
61567
61568
61569
61570
61571
61572
61573
61574
61575
61576
61577
61578
61579
61580
61581
61582
61583
61584
61585
61586
61587
61588
61589
61590
61591
61592
61593
61594
61595
61596
61597
61598
61599
61600
61601
61602
61603
61604
61605
61606
61607
61608
61609
61610
61611
61612
61613
61614
61615
61616
61617
61618
61619
61620
61621
61622
61623
61624
61625
61626
61627
61628
61629
61630
61631
61632
61633
61634
61635
61636
61637
61638
61639
61640
61641
61642
61643
61644
61645
61646
61647
61648
61649
61651
61652
61653
61654
61655
61656
61657
61658
61659
61660
61661
61662
61663
61664
61665
61666
61667
61668
61669
61670
61671
61672
61673
61674
61675
61676
61677
61678
61679
61680
61681
61682
61683
61684
61685
61686
61687
61688
61689
61690
61691
61692
61693
61694
61695
61696
61697
61698
61699
61700
61701
61702
61703
61704
61705
61706
61707
61708
61709
61710
61711
61712
61713
61714
61715
61716
61717
61718
61719
61720
61721
61722
61723
61724
61725
61726
61727
61728
61729
61730
61731
61732
61733
61734
61735
61736
61737
61738
61739
61740
61741
61742
61743
61744
61745
61746
61747
61748
61749
61751
61752
61753
61754
61755
61756
61757
61758
61759
61760
61761
61762
61763
61764
61765
61766
61767
61768
61769
61770
61771
61772
61773
61774
61775
61776
61777
61778
61779
61780
61781
61782
61783
61784
61785
61786
61787
61788
61789
61790
61791
61792
61793
61794
61795
61796
61797
61798
61799
61800
61801
61802
61803
61804
61805
61806
61807
61808
61809
61810
61811
61812
61813
61814
61815
61816
61817
61818
61819
61820
61821
61822
61823
61824
61825
61826
61827
61828
61829
61830
61831
61832
61833
61834
61835
61836
61837
61838
61839
61840
61841
61842
61843
61844
61845
61846
61847
61848
61849
61851
61852
61853
61854
61855
61856
61857
61858
61859
61860
61861
61862
61863
61864
61865
61866
61867
61868
61869
61870
61871
61872
61873
61874
61875
61876
61877
61878
61879
61880
61881
61882
61883
61884
61885
61886
61887
61888
61889
61890
61891
61892
61893
61894
61895
61896
61897
61898
61899
61900
61901
61902
61903
61904
61905
61906
61907
61908
61909
61910
61911
61912
61913
61914
61915
61916
61917
61918
61919
61920
61921
61922
61923
61924
61925
61926
61927
61928
61929
61930
61931
61932
61933
61934
61935
61936
61937
61938
61939
61940
61941
61942
61943
61944
61945
61946
61947
61948
61949
61951
61952
61953
61954
61955
61956
61957
61958
61959
61960
61961
61962
61963
61964
61965
61966
61967
61968
61969
61970
61971
61972
61973
61974
61975
61976
61977
61978
61979
61980
61981
61982
61983
61984
61985
61986
61987
61988
61989
61990
61991
61992
61993
61994
61995
61996
61997
61998
61999
62000
62001
62002
62003
62004
62005
62006
62007
62008
62009
62010
62011
62012
62013
62014
62015
62016
62017
62018
62019
62020
62021
62022
62023
62024
62025
62026
62027
62028
62029
62030
62031
62032
62033
62034
62035
62036
62037
62038
62039
62040
62041
62042
62043
62044
62045
62046
62047
62048
62049
62051
62052
62053
62054
62055
62056
62057
62058
62059
62060
62061
62062
62063
62064
62065
62066
62067
62068
62069
62070
62071
62072
62073
62074
62075
62076
62077
62078
62079
62080
62081
62082
62083
62084
62085
62086
62087
62088
62089
62090
62091
62092
62093
62094
62095
62096
62097
62098
62099
62100
62101
62102
62103
62104
62105
62106
62107
62108
62109
62110
62111
62112
62113
62114
62115
62116
62117
62118
62119
62120
62121
62122
62123
62124
62125
62126
62127
62128
62129
62130
62131
62132
62133
62134
62135
62136
62137
62138
62139
62140
62141
62142
62143
62144
62145
62146
62147
62148
62149
62151
62152
62153
62154
62155
62156
62157
62158
62159
62160
62161
62162
62163
62164
62165
62166
62167
62168
62169
62170
62171
62172
62173
62174
62175
62176
62177
62178
62179
62180
62181
62182
62183
62184
62185
62186
62187
62188
62189
62190
62191
62192
62193
62194
62195
62196
62197
62198
62199
62200
62201
62202
62203
62204
62205
62206
62207
62208
62209
62210
62211
62212
62213
62214
62215
62216
62217
62218
62219
62220
62221
62222
62223
62224
62225
62226
62227
62228
62229
62230
62231
62232
62233
62234
62235
62236
62237
62238
62239
62240
62241
62242
62243
62244
62245
62246
62247
62248
62249
62251
62252
62253
62254
62255
62256
62257
62258
62259
62260
62261
62262
62263
62264
62265
62266
62267
62268
62269
62270
62271
62272
62273
62274
62275
62276
62277
62278
62279
62280
62281
62282
62283
62284
62285
62286
62287
62288
62289
62290
62291
62292
62293
62294
62295
62296
62297
62298
62299
62300
62301
62302
62303
62304
62305
62306
62307
62308
62309
62310
62311
62312
62313
62314
62315
62316
62317
62318
62319
62320
62321
62322
62323
62324
62325
62326
62327
62328
62329
62330
62331
62332
62333
62334
62335
62336
62337
62338
62339
62340
62341
62342
62343
62344
62345
62346
62347
62348
62349
62351
62352
62353
62354
62355
62356
62357
62358
62359
62360
62361
62362
62363
62364
62365
62366
62367
62368
62369
62370
62371
62372
62373
62374
62375
62376
62377
62378
62379
62380
62381
62382
62383
62384
62385
62386
62387
62388
62389
62390
62391
62392
62393
62394
62395
62396
62397
62398
62399
62400
62401
62402
62403
62404
62405
62406
62407
62408
62409
62410
62411
62412
62413
62414
62415
62416
62417
62418
62419
62420
62421
62422
62423
62424
62425
62426
62427
62428
62429
62430
62431
62432
62433
62434
62435
62436
62437
62438
62439
62440
62441
62442
62443
62444
62445
62446
62447
62448
62449
62451
62452
62453
62454
62455
62456
62457
62458
62459
62460
62461
62462
62463
62464
62465
62466
62467
62468
62469
62470
62471
62472
62473
62474
62475
62476
62477
62478
62479
62480
62481
62482
62483
62484
62485
62486
62487
62488
62489
62490
62491
62492
62493
62494
62495
62496
62497
62498
62499
62500
62501
62502
62503
62504
62505
62506
62507
62508
62509
62510
62511
62512
62513
62514
62515
62516
62517
62518
62519
62520
62521
62522
62523
62524
62525
62526
62527
62528
62529
62530
62531
62532
62533
62534
62535
62536
62537
62538
62539
62540
62541
62542
62543
62544
62545
62546
62547
62548
62549
62551
62552
62553
62554
62555
62556
62557
62558
62559
62560
62561
62562
62563
62564
62565
62566
62567
62568
62569
62570
62571
62572
62573
62574
62575
62576
62577
62578
62579
62580
62581
62582
62583
62584
62585
62586
62587
62588
62589
62590
62591
62592
62593
62594
62595
62596
62597
62598
62599
62600
62601
62602
62603
62604
62605
62606
62607
62608
62609
62610
62611
62612
62613
62614
62615
62616
62617
62618
62619
62620
62621
62622
62623
62624
62625
62626
62627
62628
62629
62630
62631
62632
62633
62634
62635
62636
62637
62638
62639
62640
62641
62642
62643
62644
62645
62646
62647
62648
62649
62651
62652
62653
62654
62655
62656
62657
62658
62659
62660
62661
62662
62663
62664
62665
62666
62667
62668
62669
62670
62671
62672
62673
62674
62675
62676
62677
62678
62679
62680
62681
62682
62683
62684
62685
62686
62687
62688
62689
62690
62691
62692
62693
62694
62695
62696
62697
62698
62699
62700
62701
62702
62703
62704
62705
62706
62707
62708
62709
62710
62711
62712
62713
62714
62715
62716
62717
62718
62719
62720
62721
62722
62723
62724
62725
62726
62727
62728
62729
62730
62731
62732
62733
62734
62735
62736
62737
62738
62739
62740
62741
62742
62743
62744
62745
62746
62747
62748
62749
62751
62752
62753
62754
62755
62756
62757
62758
62759
62760
62761
62762
62763
62764
62765
62766
62767
62768
62769
62770
62771
62772
62773
62774
62775
62776
62777
62778
62779
62780
62781
62782
62783
62784
62785
62786
62787
62788
62789
62790
62791
62792
62793
62794
62795
62796
62797
62798
62799
62800
62801
62802
62803
62804
62805
62806
62807
62808
62809
62810
62811
62812
62813
62814
62815
62816
62817
62818
62819
62820
62821
62822
62823
62824
62825
62826
62827
62828
62829
62830
62831
62832
62833
62834
62835
62836
62837
62838
62839
62840
62841
62842
62843
62844
62845
62846
62847
62848
62849
62851
62852
62853
62854
62855
62856
62857
62858
62859
62860
62861
62862
62863
62864
62865
62866
62867
62868
62869
62870
62871
62872
62873
62874
62875
62876
62877
62878
62879
62880
62881
62882
62883
62884
62885
62886
62887
62888
62889
62890
62891
62892
62893
62894
62895
62896
62897
62898
62899
62900
62901
62902
62903
62904
62905
62906
62907
62908
62909
62910
62911
62912
62913
62914
62915
62916
62917
62918
62919
62920
62921
62922
62923
62924
62925
62926
62927
62928
62929
62930
62931
62932
62933
62934
62935
62936
62937
62938
62939
62940
62941
62942
62943
62944
62945
62946
62947
62948
62949
62951
62952
62953
62954
62955
62956
62957
62958
62959
62960
62961
62962
62963
62964
62965
62966
62967
62968
62969
62970
62971
62972
62973
62974
62975
62976
62977
62978
62979
62980
62981
62982
62983
62984
62985
62986
62987
62988
62989
62990
62991
62992
62993
62994
62995
62996
62997
62998
62999
63000
63001
63002
63003
63004
63005
63006
63007
63008
63009
63010
63011
63012
63013
63014
63015
63016
63017
63018
63019
63020
63021
63022
63023
63024
63025
63026
63027
63028
63029
63030
63031
63032
63033
63034
63035
63036
63037
63038
63039
63040
63041
63042
63043
63044
63045
63046
63047
63048
63049
63051
63052
63053
63054
63055
63056
63057
63058
63059
63060
63061
63062
63063
63064
63065
63066
63067
63068
63069
63070
63071
63072
63073
63074
63075
63076
63077
63078
63079
63080
63081
63082
63083
63084
63085
63086
63087
63088
63089
63090
63091
63092
63093
63094
63095
63096
63097
63098
63099
63100
63101
63102
63103
63104
63105
63106
63107
63108
63109
63110
63111
63112
63113
63114
63115
63116
63117
63118
63119
63120
63121
63122
63123
63124
63125
63126
63127
63128
63129
63130
63131
63132
63133
63134
63135
63136
63137
63138
63139
63140
63141
63142
63143
63144
63145
63146
63147
63148
63149
63151
63152
63153
63154
63155
63156
63157
63158
63159
63160
63161
63162
63163
63164
63165
63166
63167
63168
63169
63170
63171
63172
63173
63174
63175
63176
63177
63178
63179
63180
63181
63182
63183
63184
63185
63186
63187
63188
63189
63190
63191
63192
63193
63194
63195
63196
63197
63198
63199
63200
63201
63202
63203
63204
63205
63206
63207
63208
63209
63210
63211
63212
63213
63214
63215
63216
63217
63218
63219
63220
63221
63222
63223
63224
63225
63226
63227
63228
63229
63230
63231
63232
63233
63234
63235
63236
63237
63238
63239
63240
63241
63242
63243
63244
63245
63246
63247
63248
63249
63251
63252
63253
63254
63255
63256
63257
63258
63259
63260
63261
63262
63263
63264
63265
63266
63267
63268
63269
63270
63271
63272
63273
63274
63275
63276
63277
63278
63279
63280
63281
63282
63283
63284
63285
63286
63287
63288
63289
63290
63291
63292
63293
63294
63295
63296
63297
63298
63299
63300
63301
63302
63303
63304
63305
63306
63307
63308
63309
63310
63311
63312
63313
63314
63315
63316
63317
63318
63319
63320
63321
63322
63323
63324
63325
63326
63327
63328
63329
63330
63331
63332
63333
63334
63335
63336
63337
63338
63339
63340
63341
63342
63343
63344
63345
63346
63347
63348
63349
63351
63352
63353
63354
63355
63356
63357
63358
63359
63360
63361
63362
63363
63364
63365
63366
63367
63368
63369
63370
63371
63372
63373
63374
63375
63376
63377
63378
63379
63380
63381
63382
63383
63384
63385
63386
63387
63388
63389
63390
63391
63392
63393
63394
63395
63396
63397
63398
63399
63400
63401
63402
63403
63404
63405
63406
63407
63408
63409
63410
63411
63412
63413
63414
63415
63416
63417
63418
63419
63420
63421
63422
63423
63424
63425
63426
63427
63428
63429
63430
63431
63432
63433
63434
63435
63436
63437
63438
63439
63440
63441
63442
63443
63444
63445
63446
63447
63448
63449
63451
63452
63453
63454
63455
63456
63457
63458
63459
63460
63461
63462
63463
63464
63465
63466
63467
63468
63469
63470
63471
63472
63473
63474
63475
63476
63477
63478
63479
63480
63481
63482
63483
63484
63485
63486
63487
63488
63489
63490
63491
63492
63493
63494
63495
63496
63497
63498
63499
63500
63501
63502
63503
63504
63505
63506
63507
63508
63509
63510
63511
63512
63513
63514
63515
63516
63517
63518
63519
63520
63521
63522
63523
63524
63525
63526
63527
63528
63529
63530
63531
63532
63533
63534
63535
63536
63537
63538
63539
63540
63541
63542
63543
63544
63545
63546
63547
63548
63549
63551
63552
63553
63554
63555
63556
63557
63558
63559
63560
63561
63562
63563
63564
63565
63566
63567
63568
63569
63570
63571
63572
63573
63574
63575
63576
63577
63578
63579
63580
63581
63582
63583
63584
63585
63586
63587
63588
63589
63590
63591
63592
63593
63594
63595
63596
63597
63598
63599
63600
63601
63602
63603
63604
63605
63606
63607
63608
63609
63610
63611
63612
63613
63614
63615
63616
63617
63618
63619
63620
63621
63622
63623
63624
63625
63626
63627
63628
63629
63630
63631
63632
63633
63634
63635
63636
63637
63638
63639
63640
63641
63642
63643
63644
63645
63646
63647
63648
63649
63651
63652
63653
63654
63655
63656
63657
63658
63659
63660
63661
63662
63663
63664
63665
63666
63667
63668
63669
63670
63671
63672
63673
63674
63675
63676
63677
63678
63679
63680
63681
63682
63683
63684
63685
63686
63687
63688
63689
63690
63691
63692
63693
63694
63695
63696
63697
63698
63699
63700
63701
63702
63703
63704
63705
63706
63707
63708
63709
63710
63711
63712
63713
63714
63715
63716
63717
63718
63719
63720
63721
63722
63723
63724
63725
63726
63727
63728
63729
63730
63731
63732
63733
63734
63735
63736
63737
63738
63739
63740
63741
63742
63743
63744
63745
63746
63747
63748
63749
63751
63752
63753
63754
63755
63756
63757
63758
63759
63760
63761
63762
63763
63764
63765
63766
63767
63768
63769
63770
63771
63772
63773
63774
63775
63776
63777
63778
63779
63780
63781
63782
63783
63784
63785
63786
63787
63788
63789
63790
63791
63792
63793
63794
63795
63796
63797
63798
63799
63800
63801
63802
63803
63804
63805
63806
63807
63808
63809
63810
63811
63812
63813
63814
63815
63816
63817
63818
63819
63820
63821
63822
63823
63824
63825
63826
63827
63828
63829
63830
63831
63832
63833
63834
63835
63836
63837
63838
63839
63840
63841
63842
63843
63844
63845
63846
63847
63848
63849
63851
63852
63853
63854
63855
63856
63857
63858
63859
63860
63861
63862
63863
63864
63865
63866
63867
63868
63869
63870
63871
63872
63873
63874
63875
63876
63877
63878
63879
63880
63881
63882
63883
63884
63885
63886
63887
63888
63889
63890
63891
63892
63893
63894
63895
63896
63897
63898
63899
63900
63901
63902
63903
63904
63905
63906
63907
63908
63909
63910
63911
63912
63913
63914
63915
63916
63917
63918
63919
63920
63921
63922
63923
63924
63925
63926
63927
63928
63929
63930
63931
63932
63933
63934
63935
63936
63937
63938
63939
63940
63941
63942
63943
63944
63945
63946
63947
63948
63949
63951
63952
63953
63954
63955
63956
63957
63958
63959
63960
63961
63962
63963
63964
63965
63966
63967
63968
63969
63970
63971
63972
63973
63974
63975
63976
63977
63978
63979
63980
63981
63982
63983
63984
63985
63986
63987
63988
63989
63990
63991
63992
63993
63994
63995
63996
63997
63998
63999
64000
64001
64002
64003
64004
64005
64006
64007
64008
64009
64010
64011
64012
64013
64014
64015
64016
64017
64018
64019
64020
64021
64022
64023
64024
64025
64026
64027
64028
64029
64030
64031
64032
64033
64034
64035
64036
64037
64038
64039
64040
64041
64042
64043
64044
64045
64046
64047
64048
64049
64051
64052
64053
64054
64055
64056
64057
64058
64059
64060
64061
64062
64063
64064
64065
64066
64067
64068
64069
64070
64071
64072
64073
64074
64075
64076
64077
64078
64079
64080
64081
64082
64083
64084
64085
64086
64087
64088
64089
64090
64091
64092
64093
64094
64095
64096
64097
64098
64099
64100
64101
64102
64103
64104
64105
64106
64107
64108
64109
64110
64111
64112
64113
64114
64115
64116
64117
64118
64119
64120
64121
64122
64123
64124
64125
64126
64127
64128
64129
64130
64131
64132
64133
64134
64135
64136
64137
64138
64139
64140
64141
64142
64143
64144
64145
64146
64147
64148
64149
64151
64152
64153
64154
64155
64156
64157
64158
64159
64160
64161
64162
64163
64164
64165
64166
64167
64168
64169
64170
64171
64172
64173
64174
64175
64176
64177
64178
64179
64180
64181
64182
64183
64184
64185
64186
64187
64188
64189
64190
64191
64192
64193
64194
64195
64196
64197
64198
64199
64200
64201
64202
64203
64204
64205
64206
64207
64208
64209
64210
64211
64212
64213
64214
64215
64216
64217
64218
64219
64220
64221
64222
64223
64224
64225
64226
64227
64228
64229
64230
64231
64232
64233
64234
64235
64236
64237
64238
64239
64240
64241
64242
64243
64244
64245
64246
64247
64248
64249
64251
64252
64253
64254
64255
64256
64257
64258
64259
64260
64261
64262
64263
64264
64265
64266
64267
64268
64269
64270
64271
64272
64273
64274
64275
64276
64277
64278
64279
64280
64281
64282
64283
64284
64285
64286
64287
64288
64289
64290
64291
64292
64293
64294
64295
64296
64297
64298
64299
64300
64301
64302
64303
64304
64305
64306
64307
64308
64309
64310
64311
64312
64313
64314
64315
64316
64317
64318
64319
64320
64321
64322
64323
64324
64325
64326
64327
64328
64329
64330
64331
64332
64333
64334
64335
64336
64337
64338
64339
64340
64341
64342
64343
64344
64345
64346
64347
64348
64349
64351
64352
64353
64354
64355
64356
64357
64358
64359
64360
64361
64362
64363
64364
64365
64366
64367
64368
64369
64370
64371
64372
64373
64374
64375
64376
64377
64378
64379
64380
64381
64382
64383
64384
64385
64386
64387
64388
64389
64390
64391
64392
64393
64394
64395
64396
64397
64398
64399
64400
64401
64402
64403
64404
64405
64406
64407
64408
64409
64410
64411
64412
64413
64414
64415
64416
64417
64418
64419
64420
64421
64422
64423
64424
64425
64426
64427
64428
64429
64430
64431
64432
64433
64434
64435
64436
64437
64438
64439
64440
64441
64442
64443
64444
64445
64446
64447
64448
64449
64451
64452
64453
64454
64455
64456
64457
64458
64459
64460
64461
64462
64463
64464
64465
64466
64467
64468
64469
64470
64471
64472
64473
64474
64475
64476
64477
64478
64479
64480
64481
64482
64483
64484
64485
64486
64487
64488
64489
64490
64491
64492
64493
64494
64495
64496
64497
64498
64499
64500
64501
64502
64503
64504
64505
64506
64507
64508
64509
64510
64511
64512
64513
64514
64515
64516
64517
64518
64519
64520
64521
64522
64523
64524
64525
64526
64527
64528
64529
64530
64531
64532
64533
64534
64535
64536
64537
64538
64539
64540
64541
64542
64543
64544
64545
64546
64547
64548
64549
64551
64552
64553
64554
64555
64556
64557
64558
64559
64560
64561
64562
64563
64564
64565
64566
64567
64568
64569
64570
64571
64572
64573
64574
64575
64576
64577
64578
64579
64580
64581
64582
64583
64584
64585
64586
64587
64588
64589
64590
64591
64592
64593
64594
64595
64596
64597
64598
64599
64600
64601
64602
64603
64604
64605
64606
64607
64608
64609
64610
64611
64612
64613
64614
64615
64616
64617
64618
64619
64620
64621
64622
64623
64624
64625
64626
64627
64628
64629
64630
64631
64632
64633
64634
64635
64636
64637
64638
64639
64640
64641
64642
64643
64644
64645
64646
64647
64648
64649
64651
64652
64653
64654
64655
64656
64657
64658
64659
64660
64661
64662
64663
64664
64665
64666
64667
64668
64669
64670
64671
64672
64673
64674
64675
64676
64677
64678
64679
64680
64681
64682
64683
64684
64685
64686
64687
64688
64689
64690
64691
64692
64693
64694
64695
64696
64697
64698
64699
64700
64701
64702
64703
64704
64705
64706
64707
64708
64709
64710
64711
64712
64713
64714
64715
64716
64717
64718
64719
64720
64721
64722
64723
64724
64725
64726
64727
64728
64729
64730
64731
64732
64733
64734
64735
64736
64737
64738
64739
64740
64741
64742
64743
64744
64745
64746
64747
64748
64749
64751
64753
64755
64757
64759
64761
64763
64765
64767
64769
64771
64773
64775
64777
64779
64781
64783
64785
64787
64789
64791
64793
64795
64797
64799
64801
64803
64805
64807
64809
64811
64813
64815
64817
64819
64821
64823
64825
64827
64829
64831
64833
64835
64837
64839
64841
64843
64845
64847
204351
204352
204353
204354
204355
204356
204357
204358
204359
204360
204361
204362
204363
204364
204365
204366
204367
204368
204369
204370
204371
204372
204373
204374
204375
204376
204377
204378
204379
204380
204381
204382
204383
204384
204385
204386
204387
204388
204389
204390
204391
204392
204393
204394
204395
204396
204397
204398
204399
204400
204401
204402
204403
204404
204405
204406
204407
204408
204409
204410
204411
204412
204413
204414
204415
204416
204417
204418
204419
204420
204421
204422
204423
204424
204425
204426
204427
204428
204429
204430
204431
204432
204433
204434
204435
204436
204437
204438
204439
204440
204441
204442
204443
204444
204445
204446
204447
204448
204449
204450
204451
204452
204453
204454
204455
204456
204457
204458
204459
204460
204461
204462
204463
204464
204465
204466
204467
204468
204469
204470
204471
204472
204473
204474
204475
204476
204477
204478
204479
204480
204481
204482
204483
204484
204485
204486
204487
204488
204489
204490
204491
204492
204493
204494
204495
204496
204497
204498
204499
204500
204501
204502
204503
204504
204505
204506
204507
204508
204509
204510
204511
204512
204513
204514
204515
204516
204517
204518
204519
204520
204521
204522
204523
204524
204525
204526
204527
204528
204529
204530
204531
204532
204533
204534
204535
204536
204537
204538
204539
204540
204541
204542
204543
204544
204545
204546
204547
204548
204549
204550
204551
204552
204553
204554
204555
204556
204557
204558
204559
204560
204561
204562
204563
204564
204565
204566
204567
204568
204569
204570
204571
204572
204573
204574
204575
204576
204577
204578
204579
204580
204581
204582
204583
204584
204585
204586
204587
204588
204589
204590
204591
204592
204593
204594
204595
204596
204597
204598
204599
204600
204601
204602
204603
204604
204605
204606
204607
204608
204609
204610
204611
204612
204613
204614
204615
204616
204617
204618
204619
204620
204621
204622
204623
204624
204625
204626
204627
204628
204629
204630
204631
204632
204633
204634
204635
204636
204637
204638
204639
204640
204641
204642
204643
204644
204645
204646
204647
204648
204649
204650
204651
204652
204653
204654
204655
204656
204657
204658
204659
204660
204661
204662
204663
204664
204665
204666
204667
204668
204669
204670
204671
204672
204673
204674
204675
204676
204677
204678
204679
204680
204681
204682
204683
204684
204685
204686
204687
204688
204689
204690
204691
204692
204693
204694
204695
204696
204697
204698
204699
204700
204701
204702
204703
204704
204705
204706
204707
204708
204709
204710
204711
204712
204713
204714
204715
204716
204717
204718
204719
204720
204721
204722
204723
204724
204725
204726
204727
204728
204729
204730
204731
204732
204733
204734
204735
204736
204737
204738
204739
204740
204741
204742
204743
204744
204745
204746
204747
204748
204749
204750
204751
204752
204753
204754
204755
204756
204757
204758
204759
204760
204761
204762
204763
204764
204765
204766
204767
204768
204769
204770
204771
204772
204773
204774
204775
204776
204777
204778
204779
204780
204781
204782
204783
204784
204785
204786
204787
204788
204789
204790
204791
204792
204793
204794
204795
204796
204797
204798
204799
204800
204801
204802
204803
204804
204805
204806
204807
204808
204809
204810
204811
204812
204813
204814
204815
204816
204817
204818
204819
204820
204821
204822
204823
204824
204825
204826
204827
204828
204829
204830
204831
204832
204833
204834
204835
204836
204837
204838
204839
204840
204841
204842
204843
204844
204845
204846
204847
204848
204849
204850
204851
204852
204853
204854
204855
204856
204857
204858
204859
204860
204861
204862
204863
204864
204865
204866
204867
204868
204869
204870
204871
204872
204873
204874
204875
204876
204877
204878
204879
204880
204881
204882
204883
204884
204885
204886
204887
204888
204889
204890
204891
204892
204893
204894
204895
204896
204897
204898
204899
204900
204901
204902
204903
204904
204905
204906
204907
204908
204909
204910
204911
204912
204913
204914
204915
204916
204917
204918
204919
204920
204921
204922
204923
204924
204925
204926
204927
204928
204929
204930
204931
204932
204933
204934
204935
204936
204937
204938
204939
204940
204941
204942
204943
204944
204945
204946
204947
204948
204949
204950
204951
204952
204953
204954
204955
204956
204957
204958
204959
204960
204961
204962
204963
204964
204965
204966
204967
204968
204969
204970
204971
204972
204973
204974
204975
204976
204977
204978
204979
204980
204981
204982
204983
204984
204985
204986
204987
204988
204989
204990
204991
204992
204993
204994
204995
204996
204997
204998
204999
205000
205001
205002
205003
205004
205005
205006
205007
205008
205009
205010
205011
205012
205013
205014
205015
205016
205017
205018
205019
205020
205021
205022
205023
205024
205025
205026
205027
205028
205029
205030
205031
205032
205033
205034
205035
205036
205037
205038
205039
205040
205041
205042
205043
205044
205045
205046
205047
205048
205049
205050
205051
205052
205053
205054
205055
205056
205057
205058
205059
205060
205061
205062
205063
205064
205065
205066
205067
205068
205069
205070
205071
205072
205073
205074
205075
205076
205077
205078
205079
205080
205081
205082
205083
205084
205085
205086
205087
205088
205089
205090
205091
205092
205093
205094
205095
205096
205097
205098
205099
205100
205101
205102
205103
205104
205105
205106
205107
205108
205109
205110
205111
205112
205113
205114
205115
205116
205117
205118
205119
205120
205121
205122
205123
205124
205125
205126
205127
205128
205129
205130
205131
205132
205133
205134
205135
205136
205137
205138
205139
205140
205141
205142
205143
205144
205145
205146
205147
205148
205149
205150
205151
205152
205153
205154
205155
205156
205157
205158
205159
205160
205161
205162
205163
205164
205165
205166
205167
205168
205169
205170
205171
205172
205173
205174
205175
205176
205177
205178
205179
205180
205181
205182
205183
205184
205185
205186
205187
205188
205189
205190
205191
205192
205193
205194
205195
205196
205197
205198
205199
205200
205201
205202
205203
205204
205205
205206
205207
205208
205209
205210
205211
205212
205213
205214
205215
205216
205217
205218
205219
205220
205221
205222
205223
205224
205225
205226
205227
205228
205229
205230
205231
205232
205233
205234
205235
205236
205237
205238
205239
205240
205241
205242
205243
205244
205245
205246
205247
205248
205249
205250
205251
205252
205253
205254
205255
205256
205257
205258
205259
205260
205261
205262
205263
205264
205265
205266
205267
205268
205269
205270
205271
205272
205273
205274
205275
205276
205277
205278
205279
205280
205281
205282
205283
205284
205285
205286
205287
205288
205289
205290
205291
205292
205293
205294
205295
205296
205297
205298
205299
205300
205301
205302
205303
205304
205305
205306
205307
205308
205309
205310
205311
205312
205313
205314
205315
205316
205317
205318
205319
205320
205321
205322
205323
205324
205325
205326
205327
205328
205329
205330
205331
205332
205333
205334
205335
205336
205337
205338
205339
205340
205341
205342
205343
205344
205345
205346
205347
205348
205349
205350
205351
205352
205353
205354
205355
205356
205357
205358
205359
205360
205361
205362
205363
205364
205365
205366
205367
205368
205369
205370
205371
205372
205373
205374
205375
205376
205377
205378
205379
205380
205381
205382
205383
205384
205385
205386
205387
205388
205389
205390
205391
205392
205393
205394
205395
205396
205397
205398
205399
205400
205401
205402
205403
205404
205405
205406
205407
205408
205409
205410
205411
205412
205413
205414
205415
205416
205417
205418
205419
205420
205421
205422
205423
205424
205425
205426
205427
205428
205429
205430
205431
205432
205433
205434
205435
205436
205437
205438
205439
205440
205441
205442
205443
205444
205445
205446
205447
205448
205449
205450
205451
205452
205453
205454
205455
205456
205457
205458
205459
205460
205461
205462
205463
205464
205465
205466
205467
205468
205469
205470
205471
205472
205473
205474
205475
205476
205477
205478
205479
205480
205481
205482
205483
205484
205485
205486
205487
205488
205489
205490
205491
205492
205493
205494
205495
205496
205497
205498
205499
205500
205501
205502
205503
205504
205505
205506
205507
205508
205509
205510
205511
205512
205513
205514
205515
205516
205517
205518
205519
205520
205521
205522
205523
205524
205525
205526
205527
205528
205529
205530
205531
205532
205533
205534
205535
205536
205537
205538
205539
205540
205541
205542
205543
205544
205545
205546
205547
205548
205549
205550
205551
205552
205553
205554
205555
205556
205557
205558
205559
205560
205561
205562
205563
205564
205565
205566
205567
205568
205569
205570
205571
205572
205573
205574
205575
205576
205577
205578
205579
205580
205581
205582
205583
205584
205585
205586
205587
205588
205589
205590
205591
205592
205593
205594
205595
205596
205597
205598
205599
205600
205601
205602
205603
205604
205605
205606
205607
205608
205609
205610
205611
205612
205613
205614
205615
205616
205617
205618
205619
205620
205621
205622
205623
205624
205625
205626
205627
205628
205629
205630
205631
205632
205633
205634
205635
205636
205637
205638
205639
205640
205641
205642
205643
205644
205645
205646
205647
205648
205649
205650
205651
205652
205653
205654
205655
205656
205657
205658
205659
205660
205661
205662
205663
205664
205665
205666
205667
205668
205669
205670
205671
205672
205673
205674
205675
205676
205677
205678
205679
205680
205681
205682
205683
205684
205685
205686
205687
205688
205689
205690
205691
205692
205693
205694
205695
205696
205697
205698
205699
205700
205701
205702
205703
205704
205705
205706
205707
205708
205709
205710
205711
205712
205713
205714
205715
205716
205717
205718
205719
205720
205721
205722
205723
205724
205725
205726
205727
205728
205729
205730
205731
205732
205733
205734
205735
205736
205737
205738
205739
205740
205741
205742
205743
205744
205745
205746
205747
205748
205749
205750
205751
205752
205753
205754
205755
205756
205757
205758
205759
205760
205761
205762
205763
205764
205765
205766
205767
205768
205769
205770
205771
205772
205773
205774
205775
205776
205777
205778
205779
205780
205781
205782
205783
205784
205785
205786
205787
205788
205789
205790
205791
205792
205793
205794
205795
205796
205797
205798
205799
205800
205801
205802
205803
205804
205805
205806
205807
205808
205809
205810
205811
205812
205813
205814
205815
205816
205817
205818
205819
205820
205821
205822
205823
205824
205825
205826
205827
205828
205829
205830
205831
205832
205833
205834
205835
205836
205837
205838
205839
205840
205841
205842
205843
205844
205845
205846
205847
205848
205849
205850
205851
205852
205853
205854
205855
205856
205857
205858
205859
205860
205861
205862
205863
205864
205865
205866
205867
205868
205869
205870
205871
205872
205873
205874
205875
205876
205877
205878
205879
205880
205881
205882
205883
205884
205885
205886
205887
205888
205889
205890
205891
205892
205893
205894
205895
205896
205897
205898
205899
205900
205901
205902
205903
205904
205905
205906
205907
205908
205909
205910
205911
205912
205913
205914
205915
205916
205917
205918
205919
205920
205921
205922
205923
205924
205925
205926
205927
205928
205929
205930
205931
205932
205933
205934
205935
205936
205937
205938
205939
205940
205941
205942
205943
205944
205945
205946
205947
205948
205949
205950
205951
205952
205953
205954
205955
205956
205957
205958
205959
205960
205961
205962
205963
205964
205965
205966
205967
205968
205969
205970
205971
205972
205973
205974
205975
205976
205977
205978
205979
205980
205981
205982
205983
205984
205985
205986
205987
205988
205989
205990
205991
205992
205993
205994
205995
205996
205997
205998
205999
206000
206001
206002
206003
206004
206005
206006
206007
206008
206009
206010
206011
206012
206013
206014
206015
206016
206017
206018
206019
206020
206021
206022
206023
206024
206025
206026
206027
206028
206029
206030
206031
206032
206033
206034
206035
206036
206037
206038
206039
206040
206041
206042
206043
206044
206045
206046
206047
206048
206049
206050
206051
206052
206053
206054
206055
206056
206057
206058
206059
206060
206061
206062
206063
206064
206065
206066
206067
206068
206069
206070
206071
206072
206073
206074
206075
206076
206077
206078
206079
206080
206081
206082
206083
206084
206085
206086
206087
206088
206089
206090
206091
206092
206093
206094
206095
206096
206097
206098
206099
206100
206101
206102
206103
206104
206105
206106
206107
206108
206109
206110
206111
206112
206113
206114
206115
206116
206117
206118
206119
206120
206121
206122
206123
206124
206125
206126
206127
206128
206129
206130
206131
206132
206133
206134
206135
206136
206137
206138
206139
206140
206141
206142
206143
206144
206145
206146
206147
206148
206149
206150
206151
206152
206153
206154
206155
206156
206157
206158
206159
206160
206161
206162
206163
206164
206165
206166
206167
206168
206169
206170
206171
206172
206173
206174
206175
206176
206177
206178
206179
206180
206181
206182
206183
206184
206185
206186
206187
206188
206189
206190
206191
206192
206193
206194
206195
206196
206197
206198
206199
206200
206201
206202
206203
206204
206205
206206
206207
206208
206209
206210
206211
206212
206213
206214
206215
206216
206217
206218
206219
206220
206221
206222
206223
206224
206225
206226
206227
206228
206229
206230
206231
206232
206233
206234
206235
206236
206237
206238
206239
206240
206241
206242
206243
206244
206245
206246
206247
206248
206249
206250
206251
206252
206253
206254
206255
206256
206257
206258
206259
206260
206261
206262
206263
206264
206265
206266
206267
206268
206269
206270
206271
206272
206273
206274
206275
206276
206277
206278
206279
206280
206281
206282
206283
206284
206285
206286
206287
206288
206289
206290
206291
206292
206293
206294
206295
206296
206297
206298
206299
206300
206301
206302
206303
206304
206305
206306
206307
206308
206309
206310
206311
206312
206313
206314
206315
206316
206317
206318
206319
206320
206321
206322
206323
206324
206325
206326
206327
206328
206329
206330
206331
206332
206333
206334
206335
206336
206337
206338
206339
206340
206341
206342
206343
206344
206345
206346
206347
206348
206349
206350
206351
206352
206353
206354
206355
206356
206357
206358
206359
206360
206361
206362
206363
206364
206365
206366
206367
206368
206369
206370
206371
206372
206373
206374
206375
206376
206377
206378
206379
206380
206381
206382
206383
206384
206385
206386
206387
206388
206389
206390
206391
206392
206393
206394
206395
206396
206397
206398
206399
206400
206401
206402
206403
206404
206405
206406
206407
206408
206409
206410
206411
206412
206413
206414
206415
206416
206417
206418
206419
206420
206421
206422
206423
206424
206425
206426
206427
206428
206429
206430
206431
206432
206433
206434
206435
206436
206437
206438
206439
206440
206441
206442
206443
206444
206445
206446
206447
206448
206449
206450
206451
206452
206453
206454
206455
206456
206457
206458
206459
206460
206461
206462
206463
206464
206465
206466
206467
206468
206469
206470
206471
206472
206473
206474
206475
206476
206477
206478
206479
206480
206481
206482
206483
206484
206485
206486
206487
206488
206489
206490
206491
206492
206493
206494
206495
206496
206497
206498
206499
206500
206501
206502
206503
206504
206505
206506
206507
206508
206509
206510
206511
206512
206513
206514
206515
206516
206517
206518
206519
206520
206521
206522
206523
206524
206525
206526
206527
206528
206529
206530
206531
206532
206533
206534
206535
206536
206537
206538
206539
206540
206541
206542
206543
206544
206545
206546
206547
206548
206549
206550
206551
206552
206553
206554
206555
206556
206557
206558
206559
206560
206561
206562
206563
206564
206565
206566
206567
206568
206569
206570
206571
206572
206573
206574
206575
206576
206577
206578
206579
206580
206581
206582
206583
206584
206585
206586
206587
206588
206589
206590
206591
206592
206593
206594
206595
206596
206597
206598
206599
206600
206601
206602
206603
206604
206605
206606
206607
206608
206609
206610
206611
206612
206613
206614
206615
206616
206617
206618
206619
206620
206621
206622
206623
206624
206625
206626
206627
206628
206629
206630
206631
206632
206633
206634
206635
206636
206637
206638
206639
206640
206641
206642
206643
206644
206645
206646
206647
206648
206649
206650
206651
206652
206653
206654
206655
206656
206657
206658
206659
206660
206661
206662
206663
206664
206665
206666
206667
206668
206669
206670
206671
206672
206673
206674
206675
206676
206677
206678
206679
206680
206681
206682
206683
206684
206685
206686
206687
206688
206689
206690
206691
206692
206693
206694
206695
206696
206697
206698
206699
206700
206701
206702
206703
206704
206705
206706
206707
206708
206709
206710
206711
206712
206713
206714
206715
206716
206717
206718
206719
206720
206721
206722
206723
206724
206725
206726
206727
206728
206729
206730
206731
206732
206733
206734
206735
206736
206737
206738
206739
206740
206741
206742
206743
206744
206745
206746
206747
206748
206749
206750
206751
206752
206753
206754
206755
206756
206757
206758
206759
206760
206761
206762
206763
206764
206765
206766
206767
206768
206769
206770
206771
206772
206773
206774
206775
206776
206777
206778
206779
206780
206781
206782
206783
206784
206785
206786
206787
206788
206789
206790
206791
206792
206793
206794
206795
206796
206797
206798
206799
206800
206801
206802
206803
206804
206805
206806
206807
206808
206809
206810
206811
206812
206813
206814
206815
206816
206817
206818
206819
206820
206821
206822
206823
206824
206825
206826
206827
206828
206829
206830
206831
206832
206833
206834
206835
206836
206837
206838
206839
206840
206841
206842
206843
206844
206845
206846
206847
206848
206849
206850
291851
291852
291853
291854
291855
291856
291857
291858
291859
291860
291861
291862
291863
291864
291865
291866
291867
291868
291869
291870
291871
291872
291873
291874
291875
291876
291877
291878
291879
291880
291881
291882
291883
291884
291885
291886
291887
291888
291889
291890
291891
291892
291893
291894
291895
291896
291897
291898
291899
291900
291901
291902
291903
291904
291905
291906
291907
291908
291909
291910
291911
291912
291913
291914
291915
291916
291917
291918
291919
291920
291921
291922
291923
291924
291925
291926
291927
291928
291929
291930
291931
291932
291933
291934
291935
291936
291937
291938
291939
291940
291941
291942
291943
291944
291945
291946
291947
291948
291949
291950
291951
291952
291953
291954
291955
291956
291957
291958
291959
291960
291961
291962
291963
291964
291965
291966
291967
291968
291969
291970
291971
291972
291973
291974
291975
291976
291977
291978
291979
291980
291981
291982
291983
291984
291985
291986
291987
291988
291989
291990
291991
291992
291993
291994
291995
291996
291997
291998
291999
292000
292001
292002
292003
292004
292005
292006
292007
292008
292009
292010
292011
292012
292013
292014
292015
292016
292017
292018
292019
292020
292021
292022
292023
292024
292025
292026
292027
292028
292029
292030
292031
292032
292033
292034
292035
292036
292037
292038
292039
292040
292041
292042
292043
292044
292045
292046
292047
292048
292049
292050
292051
292052
292053
292054
292055
292056
292057
292058
292059
292060
292061
292062
292063
292064
292065
292066
292067
292068
292069
292070
292071
292072
292073
292074
292075
292076
292077
292078
292079
292080
292081
292082
292083
292084
292085
292086
292087
292088
292089
292090
292091
292092
292093
292094
292095
292096
292097
292098
292099
292100
292101
292102
292103
292104
292105
292106
292107
292108
292109
292110
292111
292112
292113
292114
292115
292116
292117
292118
292119
292120
292121
292122
292123
292124
292125
292126
292127
292128
292129
292130
292131
292132
292133
292134
292135
292136
292137
292138
292139
292140
292141
292142
292143
292144
292145
292146
292147
292148
292149
292150
292151
292152
292153
292154
292155
292156
292157
292158
292159
292160
292161
292162
292163
292164
292165
292166
292167
292168
292169
292170
292171
292172
292173
292174
292175
292176
292177
292178
292179
292180
292181
292182
292183
292184
292185
292186
292187
292188
292189
292190
292191
292192
292193
292194
292195
292196
292197
292198
292199
292200
292201
292202
292203
292204
292205
292206
292207
292208
292209
292210
292211
292212
292213
292214
292215
292216
292217
292218
292219
292220
292221
292222
292223
292224
292225
292226
292227
292228
292229
292230
292231
292232
292233
292234
292235
292236
292237
292238
292239
292240
292241
292242
292243
292244
292245
292246
292247
292248
292249
292250
292251
292252
292253
292254
292255
292256
292257
292258
292259
292260
292261
292262
292263
292264
292265
292266
292267
292268
292269
292270
292271
292272
292273
292274
292275
292276
292277
292278
292279
292280
292281
292282
292283
292284
292285
292286
292287
292288
292289
292290
292291
292292
292293
292294
292295
292296
292297
292298
292299
292300
292301
292302
292303
292304
292305
292306
292307
292308
292309
292310
292311
292312
292313
292314
292315
292316
292317
292318
292319
292320
292321
292322
292323
292324
292325
292326
292327
292328
292329
292330
292331
292332
292333
292334
292335
292336
292337
292338
292339
292340
292341
292342
292343
292344
292345
292346
292347
292348
292349
292350
292351
292352
292353
292354
292355
292356
292357
292358
292359
292360
292361
292362
292363
292364
292365
292366
292367
292368
292369
292370
292371
292372
292373
292374
292375
292376
292377
292378
292379
292380
292381
292382
292383
292384
292385
292386
292387
292388
292389
292390
292391
292392
292393
292394
292395
292396
292397
292398
292399
292400
292401
292402
292403
292404
292405
292406
292407
292408
292409
292410
292411
292412
292413
292414
292415
292416
292417
292418
292419
292420
292421
292422
292423
292424
292425
292426
292427
292428
292429
292430
292431
292432
292433
292434
292435
292436
292437
292438
292439
292440
292441
292442
292443
292444
292445
292446
292447
292448
292449
292450
292451
292452
292453
292454
292455
292456
292457
292458
292459
292460
292461
292462
292463
292464
292465
292466
292467
292468
292469
292470
292471
292472
292473
292474
292475
292476
292477
292478
292479
292480
292481
292482
292483
292484
292485
292486
292487
292488
292489
292490
292491
292492
292493
292494
292495
292496
292497
292498
292499
292500
292501
292502
292503
292504
292505
292506
292507
292508
292509
292510
292511
292512
292513
292514
292515
292516
292517
292518
292519
292520
292521
292522
292523
292524
292525
292526
292527
292528
292529
292530
292531
292532
292533
292534
292535
292536
292537
292538
292539
292540
292541
292542
292543
292544
292545
292546
292547
292548
292549
292550
292551
292552
292553
292554
292555
292556
292557
292558
292559
292560
292561
292562
292563
292564
292565
292566
292567
292568
292569
292570
292571
292572
292573
292574
292575
292576
292577
292578
292579
292580
292581
292582
292583
292584
292585
292586
292587
292588
292589
292590
292591
292592
292593
292594
292595
292596
292597
292598
292599
292600
292601
292602
292603
292604
292605
292606
292607
292608
292609
292610
292611
292612
292613
292614
292615
292616
292617
292618
292619
292620
292621
292622
292623
292624
292625
292626
292627
292628
292629
292630
292631
292632
292633
292634
292635
292636
292637
292638
292639
292640
292641
292642
292643
292644
292645
292646
292647
292648
292649
292650
292651
292652
292653
292654
292655
292656
292657
292658
292659
292660
292661
292662
292663
292664
292665
292666
292667
292668
292669
292670
292671
292672
292673
292674
292675
292676
292677
292678
292679
292680
292681
292682
292683
292684
292685
292686
292687
292688
292689
292690
292691
292692
292693
292694
292695
292696
292697
292698
292699
292700
292701
292702
292703
292704
292705
292706
292707
292708
292709
292710
292711
292712
292713
292714
292715
292716
292717
292718
292719
292720
292721
292722
292723
292724
292725
292726
292727
292728
292729
292730
292731
292732
292733
292734
292735
292736
292737
292738
292739
292740
292741
292742
292743
292744
292745
292746
292747
292748
292749
292750
292751
292752
292753
292754
292755
292756
292757
292758
292759
292760
292761
292762
292763
292764
292765
292766
292767
292768
292769
292770
292771
292772
292773
292774
292775
292776
292777
292778
292779
292780
292781
292782
292783
292784
292785
292786
292787
292788
292789
292790
292791
292792
292793
292794
292795
292796
292797
292798
292799
292800
292801
292802
292803
292804
292805
292806
292807
292808
292809
292810
292811
292812
292813
292814
292815
292816
292817
292818
292819
292820
292821
292822
292823
292824
292825
292826
292827
292828
292829
292830
292831
292832
292833
292834
292835
292836
292837
292838
292839
292840
292841
292842
292843
292844
292845
292846
292847
292848
292849
292850
292851
292852
292853
292854
292855
292856
292857
292858
292859
292860
292861
292862
292863
292864
292865
292866
292867
292868
292869
292870
292871
292872
292873
292874
292875
292876
292877
292878
292879
292880
292881
292882
292883
292884
292885
292886
292887
292888
292889
292890
292891
292892
292893
292894
292895
292896
292897
292898
292899
292900
292901
292902
292903
292904
292905
292906
292907
292908
292909
292910
292911
292912
292913
292914
292915
292916
292917
292918
292919
292920
292921
292922
292923
292924
292925
292926
292927
292928
292929
292930
292931
292932
292933
292934
292935
292936
292937
292938
292939
292940
292941
292942
292943
292944
292945
292946
292947
292948
292949
292950
292951
292952
292953
292954
292955
292956
292957
292958
292959
292960
292961
292962
292963
292964
292965
292966
292967
292968
292969
292970
292971
292972
292973
292974
292975
292976
292977
292978
292979
292980
292981
292982
292983
292984
292985
292986
292987
292988
292989
292990
292991
292992
292993
292994
292995
292996
292997
292998
292999
293000
293001
293002
293003
293004
293005
293006
293007
293008
293009
293010
293011
293012
293013
293014
293015
293016
293017
293018
293019
293020
293021
293022
293023
293024
293025
293026
293027
293028
293029
293030
293031
293032
293033
293034
293035
293036
293037
293038
293039
293040
293041
293042
293043
293044
293045
293046
293047
293048
293049
293050
293051
293052
293053
293054
293055
293056
293057
293058
293059
293060
293061
293062
293063
293064
293065
293066
293067
293068
293069
293070
293071
293072
293073
293074
293075
293076
293077
293078
293079
293080
293081
293082
293083
293084
293085
293086
293087
293088
293089
293090
293091
293092
293093
293094
293095
293096
293097
293098
293099
293100
293101
293102
293103
293104
293105
293106
293107
293108
293109
293110
293111
293112
293113
293114
293115
293116
293117
293118
293119
293120
293121
293122
293123
293124
293125
293126
293127
293128
293129
293130
293131
293132
293133
293134
293135
293136
293137
293138
293139
293140
293141
293142
293143
293144
293145
293146
293147
293148
293149
293150
293151
293152
293153
293154
293155
293156
293157
293158
293159
293160
293161
293162
293163
293164
293165
293166
293167
293168
293169
293170
293171
293172
293173
293174
293175
293176
293177
293178
293179
293180
293181
293182
293183
293184
293185
293186
293187
293188
293189
293190
293191
293192
293193
293194
293195
293196
293197
293198
293199
293200
293201
293202
293203
293204
293205
293206
293207
293208
293209
293210
293211
293212
293213
293214
293215
293216
293217
293218
293219
293220
293221
293222
293223
293224
293225
293226
293227
293228
293229
293230
293231
293232
293233
293234
293235
293236
293237
293238
293239
293240
293241
293242
293243
293244
293245
293246
293247
293248
293249
293250
293251
293252
293253
293254
293255
293256
293257
293258
293259
293260
293261
293262
293263
293264
293265
293266
293267
293268
293269
293270
293271
293272
293273
293274
293275
293276
293277
293278
293279
293280
293281
293282
293283
293284
293285
293286
293287
293288
293289
293290
293291
293292
293293
293294
293295
293296
293297
293298
293299
293300
293301
293302
293303
293304
293305
293306
293307
293308
293309
293310
293311
293312
293313
293314
293315
293316
293317
293318
293319
293320
293321
293322
293323
293324
293325
293326
293327
293328
293329
293330
293331
293332
293333
293334
293335
293336
293337
293338
293339
293340
293341
293342
293343
293344
293345
293346
293347
293348
293349
293350
293351
293352
293353
293354
293355
293356
293357
293358
293359
293360
293361
293362
293363
293364
293365
293366
293367
293368
293369
293370
293371
293372
293373
293374
293375
293376
293377
293378
293379
293380
293381
293382
293383
293384
293385
293386
293387
293388
293389
293390
293391
293392
293393
293394
293395
293396
293397
293398
293399
293400
293401
293402
293403
293404
293405
293406
293407
293408
293409
293410
293411
293412
293413
293414
293415
293416
293417
293418
293419
293420
293421
293422
293423
293424
293425
293426
293427
293428
293429
293430
293431
293432
293433
293434
293435
293436
293437
293438
293439
293440
293441
293442
293443
293444
293445
293446
293447
293448
293449
293450
293451
293452
293453
293454
293455
293456
293457
293458
293459
293460
293461
293462
293463
293464
293465
293466
293467
293468
293469
293470
293471
293472
293473
293474
293475
293476
293477
293478
293479
293480
293481
293482
293483
293484
293485
293486
293487
293488
293489
293490
293491
293492
293493
293494
293495
293496
293497
293498
293499
293500
293501
293502
293503
293504
293505
293506
293507
293508
293509
293510
293511
293512
293513
293514
293515
293516
293517
293518
293519
293520
293521
293522
293523
293524
293525
293526
293527
293528
293529
293530
293531
293532
293533
293534
293535
293536
293537
293538
293539
293540
293541
293542
293543
293544
293545
293546
293547
293548
293549
293550
293551
293552
293553
293554
293555
293556
293557
293558
293559
293560
293561
293562
293563
293564
293565
293566
293567
293568
293569
293570
293571
293572
293573
293574
293575
293576
293577
293578
293579
293580
293581
293582
293583
293584
293585
293586
293587
293588
293589
293590
293591
293592
293593
293594
293595
293596
293597
293598
293599
293600
293601
293602
293603
293604
293605
293606
293607
293608
293609
293610
293611
293612
293613
293614
293615
293616
293617
293618
293619
293620
293621
293622
293623
293624
293625
293626
293627
293628
293629
293630
293631
293632
293633
293634
293635
293636
293637
293638
293639
293640
293641
293642
293643
293644
293645
293646
293647
293648
293649
293650
293651
293652
293653
293654
293655
293656
293657
293658
293659
293660
293661
293662
293663
293664
293665
293666
293667
293668
293669
293670
293671
293672
293673
293674
293675
293676
293677
293678
293679
293680
293681
293682
293683
293684
293685
293686
293687
293688
293689
293690
293691
293692
293693
293694
293695
293696
293697
293698
293699
293700
293701
293702
293703
293704
293705
293706
293707
293708
293709
293710
293711
293712
293713
293714
293715
293716
293717
293718
293719
293720
293721
293722
293723
293724
293725
293726
293727
293728
293729
293730
293731
293732
293733
293734
293735
293736
293737
293738
293739
293740
293741
293742
293743
293744
293745
293746
293747
293748
293749
293750
293751
293752
293753
293754
293755
293756
293757
293758
293759
293760
293761
293762
293763
293764
293765
293766
293767
293768
293769
293770
293771
293772
293773
293774
293775
293776
293777
293778
293779
293780
293781
293782
293783
293784
293785
293786
293787
293788
293789
293790
293791
293792
293793
293794
293795
293796
293797
293798
293799
293800
293801
293802
293803
293804
293805
293806
293807
293808
293809
293810
293811
293812
293813
293814
293815
293816
293817
293818
293819
293820
293821
293822
293823
293824
293825
293826
293827
293828
293829
293830
293831
293832
293833
293834
293835
293836
293837
293838
293839
293840
293841
293842
293843
293844
293845
293846
293847
293848
293849
293850
293851
293852
293853
293854
293855
293856
293857
293858
293859
293860
293861
293862
293863
293864
293865
293866
293867
293868
293869
293870
293871
293872
293873
293874
293875
293876
293877
293878
293879
293880
293881
293882
293883
293884
293885
293886
293887
293888
293889
293890
293891
293892
293893
293894
293895
293896
293897
293898
293899
293900
293901
293902
293903
293904
293905
293906
293907
293908
293909
293910
293911
293912
293913
293914
293915
293916
293917
293918
293919
293920
293921
293922
293923
293924
293925
293926
293927
293928
293929
293930
293931
293932
293933
293934
293935
293936
293937
293938
293939
293940
293941
293942
293943
293944
293945
293946
293947
293948
293949
293950
293951
293952
293953
293954
293955
293956
293957
293958
293959
293960
293961
293962
293963
293964
293965
293966
293967
293968
293969
293970
293971
293972
293973
293974
293975
293976
293977
293978
293979
293980
293981
293982
293983
293984
293985
293986
293987
293988
293989
293990
293991
293992
293993
293994
293995
293996
293997
293998
293999
294000
294001
294002
294003
294004
294005
294006
294007
294008
294009
294010
294011
294012
294013
294014
294015
294016
294017
294018
294019
294020
294021
294022
294023
294024
294025
294026
294027
294028
294029
294030
294031
294032
294033
294034
294035
294036
294037
294038
294039
294040
294041
294042
294043
294044
294045
294046
294047
294048
294049
294050
294051
294052
294053
294054
294055
294056
294057
294058
294059
294060
294061
294062
294063
294064
294065
294066
294067
294068
294069
294070
294071
294072
294073
294074
294075
294076
294077
294078
294079
294080
294081
294082
294083
294084
294085
294086
294087
294088
294089
294090
294091
294092
294093
294094
294095
294096
294097
294098
294099
294100
294101
294102
294103
294104
294105
294106
294107
294108
294109
294110
294111
294112
294113
294114
294115
294116
294117
294118
294119
294120
294121
294122
294123
294124
294125
294126
294127
294128
294129
294130
294131
294132
294133
294134
294135
294136
294137
294138
294139
294140
294141
294142
294143
294144
294145
294146
294147
294148
294149
294150
294151
294152
294153
294154
294155
294156
294157
294158
294159
294160
294161
294162
294163
294164
294165
294166
294167
294168
294169
294170
294171
294172
294173
294174
294175
294176
294177
294178
294179
294180
294181
294182
294183
294184
294185
294186
294187
294188
294189
294190
294191
294192
294193
294194
294195
294196
294197
294198
294199
294200
294201
294202
294203
294204
294205
294206
294207
294208
294209
294210
294211
294212
294213
294214
294215
294216
294217
294218
294219
294220
294221
294222
294223
294224
294225
294226
294227
294228
294229
294230
294231
294232
294233
294234
294235
294236
294237
294238
294239
294240
294241
294242
294243
294244
294245
294246
294247
294248
294249
294250
294251
294252
294253
294254
294255
294256
294257
294258
294259
294260
294261
294262
294263
294264
294265
294266
294267
294268
294269
294270
294271
294272
294273
294274
294275
294276
294277
294278
294279
294280
294281
294282
294283
294284
294285
294286
294287
294288
294289
294290
294291
294292
294293
294294
294295
294296
294297
294298
294299
294300
294301
294302
294303
294304
294305
294306
294307
294308
294309
294310
294311
294312
294313
294314
294315
294316
294317
294318
294319
294320
294321
294322
294323
294324
294325
294326
294327
294328
294329
294330
294331
294332
294333
294334
294335
294336
294337
294338
294339
294340
294341
294342
294343
294344
294345
294346
294347
294348
294349
294350
349501
349502
349503
349504
349505
349506
349507
349508
349509
349510
349511
349512
349513
349514
349515
349516
349517
349518
349519
349520
349521
349522
349523
349524
349525
349526
349527
349528
349529
349530
349531
349532
349533
349534
349535
349536
349537
349538
349539
349540
349541
349542
349543
349544
349545
349546
349547
349548
349549
349550
59950
60050
60150
60250
60350
60450
60550
60650
60750
60850
60950
61050
61150
61250
61350
61450
61550
61650
61750
61850
61950
62050
62150
62250
62350
62450
62550
62650
62750
62850
62950
63050
63150
63250
63350
63450
63550
63650
63750
63850
63950
64050
64150
64250
64350
64450
64550
64650
64750
64849
64752
64754
64756
64758
64760
64762
64764
64766
64768
64770
64772
64774
64776
64778
64780
64782
64784
64786
64788
64790
64792
64794
64796
64798
64800
64802
64804
64806
64808
64810
64812
64814
64816
64818
64820
64822
64824
64826
64828
64830
64832
64834
64836
64838
64840
64842
64844
64846
64848
64850
-44802
-44804
-44806
-44808
-44810
-44812
-44814
-44816
-44818
-44820
-44822
-44824
-44826
-44828
-44830
-44832
-44834
-44836
-44838
-44840
-44842
-44844
-44846
-44848
-44850
-44852
-44854
-44856
-44858
-44860
-44862
-44864
-44866
-44868
-44870
-44872
-44874
-44876
-44878
-44880
-44882
-44884
-44886
-44888
-44890
-44892
-44894
-44896
-44898
-44900
)


// ************************************************************************* //
