/*--------------------------------*- C++ -*----------------------------------*\
| =========                 |                                                 |
| \\      /  F ield         | OpenFOAM: The Open Source CFD Toolbox           |
|  \\    /   O peration     | Version:  v1906                                 |
|   \\  /    A nd           | Web:      www.OpenFOAM.com                      |
|    \\/     M anipulation  |                                                 |
\*---------------------------------------------------------------------------*/
FoamFile
{
    version     2.0;
    format      ascii;
    class       labelList;
    location    "constant/impp34/polyMesh";
    object      faceRegionAddressing;
}
// * * * * * * * * * * * * * * * * * * * * * * * * * * * * * * * * * * * * * //


10100
(
169451
169452
169453
169454
169455
169456
169457
169458
169459
169460
169461
169462
169463
169464
169465
169466
169467
169468
169469
169470
169471
169472
169473
169474
169475
169476
169477
169478
169479
169480
169481
169482
169483
169484
169485
169486
169487
169488
169489
169490
169491
169492
169493
169494
169495
169496
169497
169498
169499
169500
169501
169502
169503
169504
169505
169506
169507
169508
169509
169510
169511
169512
169513
169514
169515
169516
169517
169518
169519
169520
169521
169522
169523
169524
169525
169526
169527
169528
169529
169530
169531
169532
169533
169534
169535
169536
169537
169538
169539
169540
169541
169542
169543
169544
169545
169546
169547
169548
169549
169550
169551
169552
169553
169554
169555
169556
169557
169558
169559
169560
169561
169562
169563
169564
169565
169566
169567
169568
169569
169570
169571
169572
169573
169574
169575
169576
169577
169578
169579
169580
169581
169582
169583
169584
169585
169586
169587
169588
169589
169590
169591
169592
169593
169594
169595
169596
169597
169598
169599
169600
169601
169602
169603
169604
169605
169606
169607
169608
169609
169610
169611
169612
169613
169614
169615
169616
169617
169618
169619
169620
169621
169622
169623
169624
169625
169626
169627
169628
169629
169630
169631
169632
169633
169634
169635
169636
169637
169638
169639
169640
169641
169642
169643
169644
169645
169646
169647
169648
169649
169650
169651
169652
169653
169654
169655
169656
169657
169658
169659
169660
169661
169662
169663
169664
169665
169666
169667
169668
169669
169670
169671
169672
169673
169674
169675
169676
169677
169678
169679
169680
169681
169682
169683
169684
169685
169686
169687
169688
169689
169690
169691
169692
169693
169694
169695
169696
169697
169698
169699
169700
169701
169702
169703
169704
169705
169706
169707
169708
169709
169710
169711
169712
169713
169714
169715
169716
169717
169718
169719
169720
169721
169722
169723
169724
169725
169726
169727
169728
169729
169730
169731
169732
169733
169734
169735
169736
169737
169738
169739
169740
169741
169742
169743
169744
169745
169746
169747
169748
169749
169750
169751
169752
169753
169754
169755
169756
169757
169758
169759
169760
169761
169762
169763
169764
169765
169766
169767
169768
169769
169770
169771
169772
169773
169774
169775
169776
169777
169778
169779
169780
169781
169782
169783
169784
169785
169786
169787
169788
169789
169790
169791
169792
169793
169794
169795
169796
169797
169798
169799
169800
169801
169802
169803
169804
169805
169806
169807
169808
169809
169810
169811
169812
169813
169814
169815
169816
169817
169818
169819
169820
169821
169822
169823
169824
169825
169826
169827
169828
169829
169830
169831
169832
169833
169834
169835
169836
169837
169838
169839
169840
169841
169842
169843
169844
169845
169846
169847
169848
169849
169850
169851
169852
169853
169854
169855
169856
169857
169858
169859
169860
169861
169862
169863
169864
169865
169866
169867
169868
169869
169870
169871
169872
169873
169874
169875
169876
169877
169878
169879
169880
169881
169882
169883
169884
169885
169886
169887
169888
169889
169890
169891
169892
169893
169894
169895
169896
169897
169898
169899
169900
169901
169902
169903
169904
169905
169906
169907
169908
169909
169910
169911
169912
169913
169914
169915
169916
169917
169918
169919
169920
169921
169922
169923
169924
169925
169926
169927
169928
169929
169930
169931
169932
169933
169934
169935
169936
169937
169938
169939
169940
169941
169942
169943
169944
169945
169946
169947
169948
169949
169950
169951
169952
169953
169954
169955
169956
169957
169958
169959
169960
169961
169962
169963
169964
169965
169966
169967
169968
169969
169970
169971
169972
169973
169974
169975
169976
169977
169978
169979
169980
169981
169982
169983
169984
169985
169986
169987
169988
169989
169990
169991
169992
169993
169994
169995
169996
169997
169998
169999
170000
170001
170002
170003
170004
170005
170006
170007
170008
170009
170010
170011
170012
170013
170014
170015
170016
170017
170018
170019
170020
170021
170022
170023
170024
170025
170026
170027
170028
170029
170030
170031
170032
170033
170034
170035
170036
170037
170038
170039
170040
170041
170042
170043
170044
170045
170046
170047
170048
170049
170050
170051
170052
170053
170054
170055
170056
170057
170058
170059
170060
170061
170062
170063
170064
170065
170066
170067
170068
170069
170070
170071
170072
170073
170074
170075
170076
170077
170078
170079
170080
170081
170082
170083
170084
170085
170086
170087
170088
170089
170090
170091
170092
170093
170094
170095
170096
170097
170098
170099
170100
170101
170102
170103
170104
170105
170106
170107
170108
170109
170110
170111
170112
170113
170114
170115
170116
170117
170118
170119
170120
170121
170122
170123
170124
170125
170126
170127
170128
170129
170130
170131
170132
170133
170134
170135
170136
170137
170138
170139
170140
170141
170142
170143
170144
170145
170146
170147
170148
170149
170150
170151
170152
170153
170154
170155
170156
170157
170158
170159
170160
170161
170162
170163
170164
170165
170166
170167
170168
170169
170170
170171
170172
170173
170174
170175
170176
170177
170178
170179
170180
170181
170182
170183
170184
170185
170186
170187
170188
170189
170190
170191
170192
170193
170194
170195
170196
170197
170198
170199
170200
170201
170202
170203
170204
170205
170206
170207
170208
170209
170210
170211
170212
170213
170214
170215
170216
170217
170218
170219
170220
170221
170222
170223
170224
170225
170226
170227
170228
170229
170230
170231
170232
170233
170234
170235
170236
170237
170238
170239
170240
170241
170242
170243
170244
170245
170246
170247
170248
170249
170250
170251
170252
170253
170254
170255
170256
170257
170258
170259
170260
170261
170262
170263
170264
170265
170266
170267
170268
170269
170270
170271
170272
170273
170274
170275
170276
170277
170278
170279
170280
170281
170282
170283
170284
170285
170286
170287
170288
170289
170290
170291
170292
170293
170294
170295
170296
170297
170298
170299
170300
170301
170302
170303
170304
170305
170306
170307
170308
170309
170310
170311
170312
170313
170314
170315
170316
170317
170318
170319
170320
170321
170322
170323
170324
170325
170326
170327
170328
170329
170330
170331
170332
170333
170334
170335
170336
170337
170338
170339
170340
170341
170342
170343
170344
170345
170346
170347
170348
170349
170350
170351
170352
170353
170354
170355
170356
170357
170358
170359
170360
170361
170362
170363
170364
170365
170366
170367
170368
170369
170370
170371
170372
170373
170374
170375
170376
170377
170378
170379
170380
170381
170382
170383
170384
170385
170386
170387
170388
170389
170390
170391
170392
170393
170394
170395
170396
170397
170398
170399
170400
170401
170402
170403
170404
170405
170406
170407
170408
170409
170410
170411
170412
170413
170414
170415
170416
170417
170418
170419
170420
170421
170422
170423
170424
170425
170426
170427
170428
170429
170430
170431
170432
170433
170434
170435
170436
170437
170438
170439
170440
170441
170442
170443
170444
170445
170446
170447
170448
170449
170450
170451
170452
170453
170454
170455
170456
170457
170458
170459
170460
170461
170462
170463
170464
170465
170466
170467
170468
170469
170470
170471
170472
170473
170474
170475
170476
170477
170478
170479
170480
170481
170482
170483
170484
170485
170486
170487
170488
170489
170490
170491
170492
170493
170494
170495
170496
170497
170498
170499
170500
170501
170502
170503
170504
170505
170506
170507
170508
170509
170510
170511
170512
170513
170514
170515
170516
170517
170518
170519
170520
170521
170522
170523
170524
170525
170526
170527
170528
170529
170530
170531
170532
170533
170534
170535
170536
170537
170538
170539
170540
170541
170542
170543
170544
170545
170546
170547
170548
170549
170550
170551
170552
170553
170554
170555
170556
170557
170558
170559
170560
170561
170562
170563
170564
170565
170566
170567
170568
170569
170570
170571
170572
170573
170574
170575
170576
170577
170578
170579
170580
170581
170582
170583
170584
170585
170586
170587
170588
170589
170590
170591
170592
170593
170594
170595
170596
170597
170598
170599
170600
170601
170602
170603
170604
170605
170606
170607
170608
170609
170610
170611
170612
170613
170614
170615
170616
170617
170618
170619
170620
170621
170622
170623
170624
170625
170626
170627
170628
170629
170630
170631
170632
170633
170634
170635
170636
170637
170638
170639
170640
170641
170642
170643
170644
170645
170646
170647
170648
170649
170650
170651
170652
170653
170654
170655
170656
170657
170658
170659
170660
170661
170662
170663
170664
170665
170666
170667
170668
170669
170670
170671
170672
170673
170674
170675
170676
170677
170678
170679
170680
170681
170682
170683
170684
170685
170686
170687
170688
170689
170690
170691
170692
170693
170694
170695
170696
170697
170698
170699
170700
170701
170702
170703
170704
170705
170706
170707
170708
170709
170710
170711
170712
170713
170714
170715
170716
170717
170718
170719
170720
170721
170722
170723
170724
170725
170726
170727
170728
170729
170730
170731
170732
170733
170734
170735
170736
170737
170738
170739
170740
170741
170742
170743
170744
170745
170746
170747
170748
170749
170750
170751
170752
170753
170754
170755
170756
170757
170758
170759
170760
170761
170762
170763
170764
170765
170766
170767
170768
170769
170770
170771
170772
170773
170774
170775
170776
170777
170778
170779
170780
170781
170782
170783
170784
170785
170786
170787
170788
170789
170790
170791
170792
170793
170794
170795
170796
170797
170798
170799
170800
170801
170802
170803
170804
170805
170806
170807
170808
170809
170810
170811
170812
170813
170814
170815
170816
170817
170818
170819
170820
170821
170822
170823
170824
170825
170826
170827
170828
170829
170830
170831
170832
170833
170834
170835
170836
170837
170838
170839
170840
170841
170842
170843
170844
170845
170846
170847
170848
170849
170850
170851
170852
170853
170854
170855
170856
170857
170858
170859
170860
170861
170862
170863
170864
170865
170866
170867
170868
170869
170870
170871
170872
170873
170874
170875
170876
170877
170878
170879
170880
170881
170882
170883
170884
170885
170886
170887
170888
170889
170890
170891
170892
170893
170894
170895
170896
170897
170898
170899
170900
170901
170902
170903
170904
170905
170906
170907
170908
170909
170910
170911
170912
170913
170914
170915
170916
170917
170918
170919
170920
170921
170922
170923
170924
170925
170926
170927
170928
170929
170930
170931
170932
170933
170934
170935
170936
170937
170938
170939
170940
170941
170942
170943
170944
170945
170946
170947
170948
170949
170950
170951
170952
170953
170954
170955
170956
170957
170958
170959
170960
170961
170962
170963
170964
170965
170966
170967
170968
170969
170970
170971
170972
170973
170974
170975
170976
170977
170978
170979
170980
170981
170982
170983
170984
170985
170986
170987
170988
170989
170990
170991
170992
170993
170994
170995
170996
170997
170998
170999
171000
171001
171002
171003
171004
171005
171006
171007
171008
171009
171010
171011
171012
171013
171014
171015
171016
171017
171018
171019
171020
171021
171022
171023
171024
171025
171026
171027
171028
171029
171030
171031
171032
171033
171034
171035
171036
171037
171038
171039
171040
171041
171042
171043
171044
171045
171046
171047
171048
171049
171050
171051
171052
171053
171054
171055
171056
171057
171058
171059
171060
171061
171062
171063
171064
171065
171066
171067
171068
171069
171070
171071
171072
171073
171074
171075
171076
171077
171078
171079
171080
171081
171082
171083
171084
171085
171086
171087
171088
171089
171090
171091
171092
171093
171094
171095
171096
171097
171098
171099
171100
171101
171102
171103
171104
171105
171106
171107
171108
171109
171110
171111
171112
171113
171114
171115
171116
171117
171118
171119
171120
171121
171122
171123
171124
171125
171126
171127
171128
171129
171130
171131
171132
171133
171134
171135
171136
171137
171138
171139
171140
171141
171142
171143
171144
171145
171146
171147
171148
171149
171150
171151
171152
171153
171154
171155
171156
171157
171158
171159
171160
171161
171162
171163
171164
171165
171166
171167
171168
171169
171170
171171
171172
171173
171174
171175
171176
171177
171178
171179
171180
171181
171182
171183
171184
171185
171186
171187
171188
171189
171190
171191
171192
171193
171194
171195
171196
171197
171198
171199
171200
171201
171202
171203
171204
171205
171206
171207
171208
171209
171210
171211
171212
171213
171214
171215
171216
171217
171218
171219
171220
171221
171222
171223
171224
171225
171226
171227
171228
171229
171230
171231
171232
171233
171234
171235
171236
171237
171238
171239
171240
171241
171242
171243
171244
171245
171246
171247
171248
171249
171250
171251
171252
171253
171254
171255
171256
171257
171258
171259
171260
171261
171262
171263
171264
171265
171266
171267
171268
171269
171270
171271
171272
171273
171274
171275
171276
171277
171278
171279
171280
171281
171282
171283
171284
171285
171286
171287
171288
171289
171290
171291
171292
171293
171294
171295
171296
171297
171298
171299
171300
171301
171302
171303
171304
171305
171306
171307
171308
171309
171310
171311
171312
171313
171314
171315
171316
171317
171318
171319
171320
171321
171322
171323
171324
171325
171326
171327
171328
171329
171330
171331
171332
171333
171334
171335
171336
171337
171338
171339
171340
171341
171342
171343
171344
171345
171346
171347
171348
171349
171350
171351
171352
171353
171354
171355
171356
171357
171358
171359
171360
171361
171362
171363
171364
171365
171366
171367
171368
171369
171370
171371
171372
171373
171374
171375
171376
171377
171378
171379
171380
171381
171382
171383
171384
171385
171386
171387
171388
171389
171390
171391
171392
171393
171394
171395
171396
171397
171398
171399
171400
171401
171402
171403
171404
171405
171406
171407
171408
171409
171410
171411
171412
171413
171414
171415
171416
171417
171418
171419
171420
171421
171422
171423
171424
171425
171426
171427
171428
171429
171430
171431
171432
171433
171434
171435
171436
171437
171438
171439
171440
171441
171442
171443
171444
171445
171446
171447
171448
171449
171450
171451
171452
171453
171454
171455
171456
171457
171458
171459
171460
171461
171462
171463
171464
171465
171466
171467
171468
171469
171470
171471
171472
171473
171474
171475
171476
171477
171478
171479
171480
171481
171482
171483
171484
171485
171486
171487
171488
171489
171490
171491
171492
171493
171494
171495
171496
171497
171498
171499
171500
171501
171502
171503
171504
171505
171506
171507
171508
171509
171510
171511
171512
171513
171514
171515
171516
171517
171518
171519
171520
171521
171522
171523
171524
171525
171526
171527
171528
171529
171530
171531
171532
171533
171534
171535
171536
171537
171538
171539
171540
171541
171542
171543
171544
171545
171546
171547
171548
171549
171550
171551
171552
171553
171554
171555
171556
171557
171558
171559
171560
171561
171562
171563
171564
171565
171566
171567
171568
171569
171570
171571
171572
171573
171574
171575
171576
171577
171578
171579
171580
171581
171582
171583
171584
171585
171586
171587
171588
171589
171590
171591
171592
171593
171594
171595
171596
171597
171598
171599
171600
171601
171602
171603
171604
171605
171606
171607
171608
171609
171610
171611
171612
171613
171614
171615
171616
171617
171618
171619
171620
171621
171622
171623
171624
171625
171626
171627
171628
171629
171630
171631
171632
171633
171634
171635
171636
171637
171638
171639
171640
171641
171642
171643
171644
171645
171646
171647
171648
171649
171650
171651
171652
171653
171654
171655
171656
171657
171658
171659
171660
171661
171662
171663
171664
171665
171666
171667
171668
171669
171670
171671
171672
171673
171674
171675
171676
171677
171678
171679
171680
171681
171682
171683
171684
171685
171686
171687
171688
171689
171690
171691
171692
171693
171694
171695
171696
171697
171698
171699
171700
171701
171702
171703
171704
171705
171706
171707
171708
171709
171710
171711
171712
171713
171714
171715
171716
171717
171718
171719
171720
171721
171722
171723
171724
171725
171726
171727
171728
171729
171730
171731
171732
171733
171734
171735
171736
171737
171738
171739
171740
171741
171742
171743
171744
171745
171746
171747
171748
171749
171750
171751
171752
171753
171754
171755
171756
171757
171758
171759
171760
171761
171762
171763
171764
171765
171766
171767
171768
171769
171770
171771
171772
171773
171774
171775
171776
171777
171778
171779
171780
171781
171782
171783
171784
171785
171786
171787
171788
171789
171790
171791
171792
171793
171794
171795
171796
171797
171798
171799
171800
171801
171802
171803
171804
171805
171806
171807
171808
171809
171810
171811
171812
171813
171814
171815
171816
171817
171818
171819
171820
171821
171822
171823
171824
171825
171826
171827
171828
171829
171830
171831
171832
171833
171834
171835
171836
171837
171838
171839
171840
171841
171842
171843
171844
171845
171846
171847
171848
171849
171850
171851
171852
171853
171854
171855
171856
171857
171858
171859
171860
171861
171862
171863
171864
171865
171866
171867
171868
171869
171870
171871
171872
171873
171874
171875
171876
171877
171878
171879
171880
171881
171882
171883
171884
171885
171886
171887
171888
171889
171890
171891
171892
171893
171894
171895
171896
171897
171898
171899
171900
171901
171902
171903
171904
171905
171906
171907
171908
171909
171910
171911
171912
171913
171914
171915
171916
171917
171918
171919
171920
171921
171922
171923
171924
171925
171926
171927
171928
171929
171930
171931
171932
171933
171934
171935
171936
171937
171938
171939
171940
171941
171942
171943
171944
171945
171946
171947
171948
171949
171950
171951
171952
171953
171954
171955
171956
171957
171958
171959
171960
171961
171962
171963
171964
171965
171966
171967
171968
171969
171970
171971
171972
171973
171974
171975
171976
171977
171978
171979
171980
171981
171982
171983
171984
171985
171986
171987
171988
171989
171990
171991
171992
171993
171994
171995
171996
171997
171998
171999
172000
172001
172002
172003
172004
172005
172006
172007
172008
172009
172010
172011
172012
172013
172014
172015
172016
172017
172018
172019
172020
172021
172022
172023
172024
172025
172026
172027
172028
172029
172030
172031
172032
172033
172034
172035
172036
172037
172038
172039
172040
172041
172042
172043
172044
172045
172046
172047
172048
172049
172050
172051
172052
172053
172054
172055
172056
172057
172058
172059
172060
172061
172062
172063
172064
172065
172066
172067
172068
172069
172070
172071
172072
172073
172074
172075
172076
172077
172078
172079
172080
172081
172082
172083
172084
172085
172086
172087
172088
172089
172090
172091
172092
172093
172094
172095
172096
172097
172098
172099
172100
172101
172102
172103
172104
172105
172106
172107
172108
172109
172110
172111
172112
172113
172114
172115
172116
172117
172118
172119
172120
172121
172122
172123
172124
172125
172126
172127
172128
172129
172130
172131
172132
172133
172134
172135
172136
172137
172138
172139
172140
172141
172142
172143
172144
172145
172146
172147
172148
172149
172150
172151
172152
172153
172154
172155
172156
172157
172158
172159
172160
172161
172162
172163
172164
172165
172166
172167
172168
172169
172170
172171
172172
172173
172174
172175
172176
172177
172178
172179
172180
172181
172182
172183
172184
172185
172186
172187
172188
172189
172190
172191
172192
172193
172194
172195
172196
172197
172198
172199
172200
172201
172202
172203
172204
172205
172206
172207
172208
172209
172210
172211
172212
172213
172214
172215
172216
172217
172218
172219
172220
172221
172222
172223
172224
172225
172226
172227
172228
172229
172230
172231
172232
172233
172234
172235
172236
172237
172238
172239
172240
172241
172242
172243
172244
172245
172246
172247
172248
172249
172250
172251
172252
172253
172254
172255
172256
172257
172258
172259
172260
172261
172262
172263
172264
172265
172266
172267
172268
172269
172270
172271
172272
172273
172274
172275
172276
172277
172278
172279
172280
172281
172282
172283
172284
172285
172286
172287
172288
172289
172290
172291
172292
172293
172294
172295
172296
172297
172298
172299
172300
172301
172302
172303
172304
172305
172306
172307
172308
172309
172310
172311
172312
172313
172314
172315
172316
172317
172318
172319
172320
172321
172322
172323
172324
172325
172326
172327
172328
172329
172330
172331
172332
172333
172334
172335
172336
172337
172338
172339
172340
172341
172342
172343
172344
172345
172346
172347
172348
172349
172350
172351
172352
172353
172354
172355
172356
172357
172358
172359
172360
172361
172362
172363
172364
172365
172366
172367
172368
172369
172370
172371
172372
172373
172374
172375
172376
172377
172378
172379
172380
172381
172382
172383
172384
172385
172386
172387
172388
172389
172390
172391
172392
172393
172394
172395
172396
172397
172398
172399
172400
172401
172402
172403
172404
172405
172406
172407
172408
172409
172410
172411
172412
172413
172414
172415
172416
172417
172418
172419
172420
172421
172422
172423
172424
172425
172426
172427
172428
172429
172430
172431
172432
172433
172434
172435
172436
172437
172438
172439
172440
172441
172442
172443
172444
172445
172446
172447
172448
172449
172450
172451
172452
172453
172454
172455
172456
172457
172458
172459
172460
172461
172462
172463
172464
172465
172466
172467
172468
172469
172470
172471
172472
172473
172474
172475
172476
172477
172478
172479
172480
172481
172482
172483
172484
172485
172486
172487
172488
172489
172490
172491
172492
172493
172494
172495
172496
172497
172498
172499
172500
172501
172502
172503
172504
172505
172506
172507
172508
172509
172510
172511
172512
172513
172514
172515
172516
172517
172518
172519
172520
172521
172522
172523
172524
172525
172526
172527
172528
172529
172530
172531
172532
172533
172534
172535
172536
172537
172538
172539
172540
172541
172542
172543
172544
172545
172546
172547
172548
172549
172550
172551
172552
172553
172554
172555
172556
172557
172558
172559
172560
172561
172562
172563
172564
172565
172566
172567
172568
172569
172570
172571
172572
172573
172574
172575
172576
172577
172578
172579
172580
172581
172582
172583
172584
172585
172586
172587
172588
172589
172590
172591
172592
172593
172594
172595
172596
172597
172598
172599
172600
172601
172602
172603
172604
172605
172606
172607
172608
172609
172610
172611
172612
172613
172614
172615
172616
172617
172618
172619
172620
172621
172622
172623
172624
172625
172626
172627
172628
172629
172630
172631
172632
172633
172634
172635
172636
172637
172638
172639
172640
172641
172642
172643
172644
172645
172646
172647
172648
172649
172650
172651
172652
172653
172654
172655
172656
172657
172658
172659
172660
172661
172662
172663
172664
172665
172666
172667
172668
172669
172670
172671
172672
172673
172674
172675
172676
172677
172678
172679
172680
172681
172682
172683
172684
172685
172686
172687
172688
172689
172690
172691
172692
172693
172694
172695
172696
172697
172698
172699
172700
172701
172702
172703
172704
172705
172706
172707
172708
172709
172710
172711
172712
172713
172714
172715
172716
172717
172718
172719
172720
172721
172722
172723
172724
172725
172726
172727
172728
172729
172730
172731
172732
172733
172734
172735
172736
172737
172738
172739
172740
172741
172742
172743
172744
172745
172746
172747
172748
172749
172750
172751
172752
172753
172754
172755
172756
172757
172758
172759
172760
172761
172762
172763
172764
172765
172766
172767
172768
172769
172770
172771
172772
172773
172774
172775
172776
172777
172778
172779
172780
172781
172782
172783
172784
172785
172786
172787
172788
172789
172790
172791
172792
172793
172794
172795
172796
172797
172798
172799
172800
172801
172802
172803
172804
172805
172806
172807
172808
172809
172810
172811
172812
172813
172814
172815
172816
172817
172818
172819
172820
172821
172822
172823
172824
172825
172826
172827
172828
172829
172830
172831
172832
172833
172834
172835
172836
172837
172838
172839
172840
172841
172842
172843
172844
172845
172846
172847
172848
172849
172850
172851
172852
172853
172854
172855
172856
172857
172858
172859
172860
172861
172862
172863
172864
172865
172866
172867
172868
172869
172870
172871
172872
172873
172874
172875
172876
172877
172878
172879
172880
172881
172882
172883
172884
172885
172886
172887
172888
172889
172890
172891
172892
172893
172894
172895
172896
172897
172898
172899
172900
172901
172902
172903
172904
172905
172906
172907
172908
172909
172910
172911
172912
172913
172914
172915
172916
172917
172918
172919
172920
172921
172922
172923
172924
172925
172926
172927
172928
172929
172930
172931
172932
172933
172934
172935
172936
172937
172938
172939
172940
172941
172942
172943
172944
172945
172946
172947
172948
172949
172950
172951
172952
172953
172954
172955
172956
172957
172958
172959
172960
172961
172962
172963
172964
172965
172966
172967
172968
172969
172970
172971
172972
172973
172974
172975
172976
172977
172978
172979
172980
172981
172982
172983
172984
172985
172986
172987
172988
172989
172990
172991
172992
172993
172994
172995
172996
172997
172998
172999
173000
173001
173002
173003
173004
173005
173006
173007
173008
173009
173010
173011
173012
173013
173014
173015
173016
173017
173018
173019
173020
173021
173022
173023
173024
173025
173026
173027
173028
173029
173030
173031
173032
173033
173034
173035
173036
173037
173038
173039
173040
173041
173042
173043
173044
173045
173046
173047
173048
173049
173050
173051
173052
173053
173054
173055
173056
173057
173058
173059
173060
173061
173062
173063
173064
173065
173066
173067
173068
173069
173070
173071
173072
173073
173074
173075
173076
173077
173078
173079
173080
173081
173082
173083
173084
173085
173086
173087
173088
173089
173090
173091
173092
173093
173094
173095
173096
173097
173098
173099
173100
173101
173102
173103
173104
173105
173106
173107
173108
173109
173110
173111
173112
173113
173114
173115
173116
173117
173118
173119
173120
173121
173122
173123
173124
173125
173126
173127
173128
173129
173130
173131
173132
173133
173134
173135
173136
173137
173138
173139
173140
173141
173142
173143
173144
173145
173146
173147
173148
173149
173150
173151
173152
173153
173154
173155
173156
173157
173158
173159
173160
173161
173162
173163
173164
173165
173166
173167
173168
173169
173170
173171
173172
173173
173174
173175
173176
173177
173178
173179
173180
173181
173182
173183
173184
173185
173186
173187
173188
173189
173190
173191
173192
173193
173194
173195
173196
173197
173198
173199
173200
173201
173202
173203
173204
173205
173206
173207
173208
173209
173210
173211
173212
173213
173214
173215
173216
173217
173218
173219
173220
173221
173222
173223
173224
173225
173226
173227
173228
173229
173230
173231
173232
173233
173234
173235
173236
173237
173238
173239
173240
173241
173242
173243
173244
173245
173246
173247
173248
173249
173250
173251
173252
173253
173254
173255
173256
173257
173258
173259
173260
173261
173262
173263
173264
173265
173266
173267
173268
173269
173270
173271
173272
173273
173274
173275
173276
173277
173278
173279
173280
173281
173282
173283
173284
173285
173286
173287
173288
173289
173290
173291
173292
173293
173294
173295
173296
173297
173298
173299
173300
173301
173302
173303
173304
173305
173306
173307
173308
173309
173310
173311
173312
173313
173314
173315
173316
173317
173318
173319
173320
173321
173322
173323
173324
173325
173326
173327
173328
173329
173330
173331
173332
173333
173334
173335
173336
173337
173338
173339
173340
173341
173342
173343
173344
173345
173346
173347
173348
173349
173350
173351
173352
173353
173354
173355
173356
173357
173358
173359
173360
173361
173362
173363
173364
173365
173366
173367
173368
173369
173370
173371
173372
173373
173374
173375
173376
173377
173378
173379
173380
173381
173382
173383
173384
173385
173386
173387
173388
173389
173390
173391
173392
173393
173394
173395
173396
173397
173398
173399
173400
173401
173402
173403
173404
173405
173406
173407
173408
173409
173410
173411
173412
173413
173414
173415
173416
173417
173418
173419
173420
173421
173422
173423
173424
173425
173426
173427
173428
173429
173430
173431
173432
173433
173434
173435
173436
173437
173438
173439
173440
173441
173442
173443
173444
173445
173446
173447
173448
173449
173450
173451
173452
173453
173454
173455
173456
173457
173458
173459
173460
173461
173462
173463
173464
173465
173466
173467
173468
173469
173470
173471
173472
173473
173474
173475
173476
173477
173478
173479
173480
173481
173482
173483
173484
173485
173486
173487
173488
173489
173490
173491
173492
173493
173494
173495
173496
173497
173498
173499
173500
173501
173502
173503
173504
173505
173506
173507
173508
173509
173510
173511
173512
173513
173514
173515
173516
173517
173518
173519
173520
173521
173522
173523
173524
173525
173526
173527
173528
173529
173530
173531
173532
173533
173534
173535
173536
173537
173538
173539
173540
173541
173542
173543
173544
173545
173546
173547
173548
173549
173550
173551
173552
173553
173554
173555
173556
173557
173558
173559
173560
173561
173562
173563
173564
173565
173566
173567
173568
173569
173570
173571
173572
173573
173574
173575
173576
173577
173578
173579
173580
173581
173582
173583
173584
173585
173586
173587
173588
173589
173590
173591
173592
173593
173594
173595
173596
173597
173598
173599
173600
173601
173602
173603
173604
173605
173606
173607
173608
173609
173610
173611
173612
173613
173614
173615
173616
173617
173618
173619
173620
173621
173622
173623
173624
173625
173626
173627
173628
173629
173630
173631
173632
173633
173634
173635
173636
173637
173638
173639
173640
173641
173642
173643
173644
173645
173646
173647
173648
173649
173650
173651
173652
173653
173654
173655
173656
173657
173658
173659
173660
173661
173662
173663
173664
173665
173666
173667
173668
173669
173670
173671
173672
173673
173674
173675
173676
173677
173678
173679
173680
173681
173682
173683
173684
173685
173686
173687
173688
173689
173690
173691
173692
173693
173694
173695
173696
173697
173698
173699
173700
173701
173702
173703
173704
173705
173706
173707
173708
173709
173710
173711
173712
173713
173714
173715
173716
173717
173718
173719
173720
173721
173722
173723
173724
173725
173726
173727
173728
173729
173730
173731
173732
173733
173734
173735
173736
173737
173738
173739
173740
173741
173742
173743
173744
173745
173746
173747
173748
173749
173750
173751
173752
173753
173754
173755
173756
173757
173758
173759
173760
173761
173762
173763
173764
173765
173766
173767
173768
173769
173770
173771
173772
173773
173774
173775
173776
173777
173778
173779
173780
173781
173782
173783
173784
173785
173786
173787
173788
173789
173790
173791
173792
173793
173794
173795
173796
173797
173798
173799
173800
173801
173802
173803
173804
173805
173806
173807
173808
173809
173810
173811
173812
173813
173814
173815
173816
173817
173818
173819
173820
173821
173822
173823
173824
173825
173826
173827
173828
173829
173830
173831
173832
173833
173834
173835
173836
173837
173838
173839
173840
173841
173842
173843
173844
173845
173846
173847
173848
173849
173850
173851
173852
173853
173854
173855
173856
173857
173858
173859
173860
173861
173862
173863
173864
173865
173866
173867
173868
173869
173870
173871
173872
173873
173874
173875
173876
173877
173878
173879
173880
173881
173882
173883
173884
173885
173886
173887
173888
173889
173890
173891
173892
173893
173894
173895
173896
173897
173898
173899
173900
173901
173902
173903
173904
173905
173906
173907
173908
173909
173910
173911
173912
173913
173914
173915
173916
173917
173918
173919
173920
173921
173922
173923
173924
173925
173926
173927
173928
173929
173930
173931
173932
173933
173934
173935
173936
173937
173938
173939
173940
173941
173942
173943
173944
173945
173946
173947
173948
173949
173950
173951
173952
173953
173954
173955
173956
173957
173958
173959
173960
173961
173962
173963
173964
173965
173966
173967
173968
173969
173970
173971
173972
173973
173974
173975
173976
173977
173978
173979
173980
173981
173982
173983
173984
173985
173986
173987
173988
173989
173990
173991
173992
173993
173994
173995
173996
173997
173998
173999
174000
174001
174002
174003
174004
174005
174006
174007
174008
174009
174010
174011
174012
174013
174014
174015
174016
174017
174018
174019
174020
174021
174022
174023
174024
174025
174026
174027
174028
174029
174030
174031
174032
174033
174034
174035
174036
174037
174038
174039
174040
174041
174042
174043
174044
174045
174046
174047
174048
174049
174050
174051
174052
174053
174054
174055
174056
174057
174058
174059
174060
174061
174062
174063
174064
174065
174066
174067
174068
174069
174070
174071
174072
174073
174074
174075
174076
174077
174078
174079
174080
174081
174082
174083
174084
174085
174086
174087
174088
174089
174090
174091
174092
174093
174094
174095
174096
174097
174098
174099
174100
174101
174102
174103
174104
174105
174106
174107
174108
174109
174110
174111
174112
174113
174114
174115
174116
174117
174118
174119
174120
174121
174122
174123
174124
174125
174126
174127
174128
174129
174130
174131
174132
174133
174134
174135
174136
174137
174138
174139
174140
174141
174142
174143
174144
174145
174146
174147
174148
174149
174150
174151
174152
174153
174154
174155
174156
174157
174158
174159
174160
174161
174162
174163
174164
174165
174166
174167
174168
174169
174170
174171
174172
174173
174174
174175
174176
174177
174178
174179
174180
174181
174182
174183
174184
174185
174186
174187
174188
174189
174190
174191
174192
174193
174194
174195
174196
174197
174198
174199
174200
174201
174202
174203
174204
174205
174206
174207
174208
174209
174210
174211
174212
174213
174214
174215
174216
174217
174218
174219
174220
174221
174222
174223
174224
174225
174226
174227
174228
174229
174230
174231
174232
174233
174234
174235
174236
174237
174238
174239
174240
174241
174242
174243
174244
174245
174246
174247
174248
174249
174250
174251
174252
174253
174254
174255
174256
174257
174258
174259
174260
174261
174262
174263
174264
174265
174266
174267
174268
174269
174270
174271
174272
174273
174274
174275
174276
174277
174278
174279
174280
174281
174282
174283
174284
174285
174286
174287
174288
174289
174290
174291
174292
174293
174294
174295
174296
174297
174298
174299
174300
174301
174302
174303
174304
174305
174306
174307
174308
174309
174310
174311
174312
174313
174314
174315
174316
174317
174318
174319
174320
174321
174322
174323
174324
174325
174326
174327
174328
174329
174330
174331
174332
174333
174334
174335
174336
174337
174338
174339
174340
174341
174342
174343
174344
174345
174346
174347
174348
174349
174350
259351
259352
259353
259354
259355
259356
259357
259358
259359
259360
259361
259362
259363
259364
259365
259366
259367
259368
259369
259370
259371
259372
259373
259374
259375
259376
259377
259378
259379
259380
259381
259382
259383
259384
259385
259386
259387
259388
259389
259390
259391
259392
259393
259394
259395
259396
259397
259398
259399
259400
259401
259402
259403
259404
259405
259406
259407
259408
259409
259410
259411
259412
259413
259414
259415
259416
259417
259418
259419
259420
259421
259422
259423
259424
259425
259426
259427
259428
259429
259430
259431
259432
259433
259434
259435
259436
259437
259438
259439
259440
259441
259442
259443
259444
259445
259446
259447
259448
259449
259450
259451
259452
259453
259454
259455
259456
259457
259458
259459
259460
259461
259462
259463
259464
259465
259466
259467
259468
259469
259470
259471
259472
259473
259474
259475
259476
259477
259478
259479
259480
259481
259482
259483
259484
259485
259486
259487
259488
259489
259490
259491
259492
259493
259494
259495
259496
259497
259498
259499
259500
259501
259502
259503
259504
259505
259506
259507
259508
259509
259510
259511
259512
259513
259514
259515
259516
259517
259518
259519
259520
259521
259522
259523
259524
259525
259526
259527
259528
259529
259530
259531
259532
259533
259534
259535
259536
259537
259538
259539
259540
259541
259542
259543
259544
259545
259546
259547
259548
259549
259550
259551
259552
259553
259554
259555
259556
259557
259558
259559
259560
259561
259562
259563
259564
259565
259566
259567
259568
259569
259570
259571
259572
259573
259574
259575
259576
259577
259578
259579
259580
259581
259582
259583
259584
259585
259586
259587
259588
259589
259590
259591
259592
259593
259594
259595
259596
259597
259598
259599
259600
259601
259602
259603
259604
259605
259606
259607
259608
259609
259610
259611
259612
259613
259614
259615
259616
259617
259618
259619
259620
259621
259622
259623
259624
259625
259626
259627
259628
259629
259630
259631
259632
259633
259634
259635
259636
259637
259638
259639
259640
259641
259642
259643
259644
259645
259646
259647
259648
259649
259650
259651
259652
259653
259654
259655
259656
259657
259658
259659
259660
259661
259662
259663
259664
259665
259666
259667
259668
259669
259670
259671
259672
259673
259674
259675
259676
259677
259678
259679
259680
259681
259682
259683
259684
259685
259686
259687
259688
259689
259690
259691
259692
259693
259694
259695
259696
259697
259698
259699
259700
259701
259702
259703
259704
259705
259706
259707
259708
259709
259710
259711
259712
259713
259714
259715
259716
259717
259718
259719
259720
259721
259722
259723
259724
259725
259726
259727
259728
259729
259730
259731
259732
259733
259734
259735
259736
259737
259738
259739
259740
259741
259742
259743
259744
259745
259746
259747
259748
259749
259750
259751
259752
259753
259754
259755
259756
259757
259758
259759
259760
259761
259762
259763
259764
259765
259766
259767
259768
259769
259770
259771
259772
259773
259774
259775
259776
259777
259778
259779
259780
259781
259782
259783
259784
259785
259786
259787
259788
259789
259790
259791
259792
259793
259794
259795
259796
259797
259798
259799
259800
259801
259802
259803
259804
259805
259806
259807
259808
259809
259810
259811
259812
259813
259814
259815
259816
259817
259818
259819
259820
259821
259822
259823
259824
259825
259826
259827
259828
259829
259830
259831
259832
259833
259834
259835
259836
259837
259838
259839
259840
259841
259842
259843
259844
259845
259846
259847
259848
259849
259850
259851
259852
259853
259854
259855
259856
259857
259858
259859
259860
259861
259862
259863
259864
259865
259866
259867
259868
259869
259870
259871
259872
259873
259874
259875
259876
259877
259878
259879
259880
259881
259882
259883
259884
259885
259886
259887
259888
259889
259890
259891
259892
259893
259894
259895
259896
259897
259898
259899
259900
259901
259902
259903
259904
259905
259906
259907
259908
259909
259910
259911
259912
259913
259914
259915
259916
259917
259918
259919
259920
259921
259922
259923
259924
259925
259926
259927
259928
259929
259930
259931
259932
259933
259934
259935
259936
259937
259938
259939
259940
259941
259942
259943
259944
259945
259946
259947
259948
259949
259950
259951
259952
259953
259954
259955
259956
259957
259958
259959
259960
259961
259962
259963
259964
259965
259966
259967
259968
259969
259970
259971
259972
259973
259974
259975
259976
259977
259978
259979
259980
259981
259982
259983
259984
259985
259986
259987
259988
259989
259990
259991
259992
259993
259994
259995
259996
259997
259998
259999
260000
260001
260002
260003
260004
260005
260006
260007
260008
260009
260010
260011
260012
260013
260014
260015
260016
260017
260018
260019
260020
260021
260022
260023
260024
260025
260026
260027
260028
260029
260030
260031
260032
260033
260034
260035
260036
260037
260038
260039
260040
260041
260042
260043
260044
260045
260046
260047
260048
260049
260050
260051
260052
260053
260054
260055
260056
260057
260058
260059
260060
260061
260062
260063
260064
260065
260066
260067
260068
260069
260070
260071
260072
260073
260074
260075
260076
260077
260078
260079
260080
260081
260082
260083
260084
260085
260086
260087
260088
260089
260090
260091
260092
260093
260094
260095
260096
260097
260098
260099
260100
260101
260102
260103
260104
260105
260106
260107
260108
260109
260110
260111
260112
260113
260114
260115
260116
260117
260118
260119
260120
260121
260122
260123
260124
260125
260126
260127
260128
260129
260130
260131
260132
260133
260134
260135
260136
260137
260138
260139
260140
260141
260142
260143
260144
260145
260146
260147
260148
260149
260150
260151
260152
260153
260154
260155
260156
260157
260158
260159
260160
260161
260162
260163
260164
260165
260166
260167
260168
260169
260170
260171
260172
260173
260174
260175
260176
260177
260178
260179
260180
260181
260182
260183
260184
260185
260186
260187
260188
260189
260190
260191
260192
260193
260194
260195
260196
260197
260198
260199
260200
260201
260202
260203
260204
260205
260206
260207
260208
260209
260210
260211
260212
260213
260214
260215
260216
260217
260218
260219
260220
260221
260222
260223
260224
260225
260226
260227
260228
260229
260230
260231
260232
260233
260234
260235
260236
260237
260238
260239
260240
260241
260242
260243
260244
260245
260246
260247
260248
260249
260250
260251
260252
260253
260254
260255
260256
260257
260258
260259
260260
260261
260262
260263
260264
260265
260266
260267
260268
260269
260270
260271
260272
260273
260274
260275
260276
260277
260278
260279
260280
260281
260282
260283
260284
260285
260286
260287
260288
260289
260290
260291
260292
260293
260294
260295
260296
260297
260298
260299
260300
260301
260302
260303
260304
260305
260306
260307
260308
260309
260310
260311
260312
260313
260314
260315
260316
260317
260318
260319
260320
260321
260322
260323
260324
260325
260326
260327
260328
260329
260330
260331
260332
260333
260334
260335
260336
260337
260338
260339
260340
260341
260342
260343
260344
260345
260346
260347
260348
260349
260350
260351
260352
260353
260354
260355
260356
260357
260358
260359
260360
260361
260362
260363
260364
260365
260366
260367
260368
260369
260370
260371
260372
260373
260374
260375
260376
260377
260378
260379
260380
260381
260382
260383
260384
260385
260386
260387
260388
260389
260390
260391
260392
260393
260394
260395
260396
260397
260398
260399
260400
260401
260402
260403
260404
260405
260406
260407
260408
260409
260410
260411
260412
260413
260414
260415
260416
260417
260418
260419
260420
260421
260422
260423
260424
260425
260426
260427
260428
260429
260430
260431
260432
260433
260434
260435
260436
260437
260438
260439
260440
260441
260442
260443
260444
260445
260446
260447
260448
260449
260450
260451
260452
260453
260454
260455
260456
260457
260458
260459
260460
260461
260462
260463
260464
260465
260466
260467
260468
260469
260470
260471
260472
260473
260474
260475
260476
260477
260478
260479
260480
260481
260482
260483
260484
260485
260486
260487
260488
260489
260490
260491
260492
260493
260494
260495
260496
260497
260498
260499
260500
260501
260502
260503
260504
260505
260506
260507
260508
260509
260510
260511
260512
260513
260514
260515
260516
260517
260518
260519
260520
260521
260522
260523
260524
260525
260526
260527
260528
260529
260530
260531
260532
260533
260534
260535
260536
260537
260538
260539
260540
260541
260542
260543
260544
260545
260546
260547
260548
260549
260550
260551
260552
260553
260554
260555
260556
260557
260558
260559
260560
260561
260562
260563
260564
260565
260566
260567
260568
260569
260570
260571
260572
260573
260574
260575
260576
260577
260578
260579
260580
260581
260582
260583
260584
260585
260586
260587
260588
260589
260590
260591
260592
260593
260594
260595
260596
260597
260598
260599
260600
260601
260602
260603
260604
260605
260606
260607
260608
260609
260610
260611
260612
260613
260614
260615
260616
260617
260618
260619
260620
260621
260622
260623
260624
260625
260626
260627
260628
260629
260630
260631
260632
260633
260634
260635
260636
260637
260638
260639
260640
260641
260642
260643
260644
260645
260646
260647
260648
260649
260650
260651
260652
260653
260654
260655
260656
260657
260658
260659
260660
260661
260662
260663
260664
260665
260666
260667
260668
260669
260670
260671
260672
260673
260674
260675
260676
260677
260678
260679
260680
260681
260682
260683
260684
260685
260686
260687
260688
260689
260690
260691
260692
260693
260694
260695
260696
260697
260698
260699
260700
260701
260702
260703
260704
260705
260706
260707
260708
260709
260710
260711
260712
260713
260714
260715
260716
260717
260718
260719
260720
260721
260722
260723
260724
260725
260726
260727
260728
260729
260730
260731
260732
260733
260734
260735
260736
260737
260738
260739
260740
260741
260742
260743
260744
260745
260746
260747
260748
260749
260750
260751
260752
260753
260754
260755
260756
260757
260758
260759
260760
260761
260762
260763
260764
260765
260766
260767
260768
260769
260770
260771
260772
260773
260774
260775
260776
260777
260778
260779
260780
260781
260782
260783
260784
260785
260786
260787
260788
260789
260790
260791
260792
260793
260794
260795
260796
260797
260798
260799
260800
260801
260802
260803
260804
260805
260806
260807
260808
260809
260810
260811
260812
260813
260814
260815
260816
260817
260818
260819
260820
260821
260822
260823
260824
260825
260826
260827
260828
260829
260830
260831
260832
260833
260834
260835
260836
260837
260838
260839
260840
260841
260842
260843
260844
260845
260846
260847
260848
260849
260850
260851
260852
260853
260854
260855
260856
260857
260858
260859
260860
260861
260862
260863
260864
260865
260866
260867
260868
260869
260870
260871
260872
260873
260874
260875
260876
260877
260878
260879
260880
260881
260882
260883
260884
260885
260886
260887
260888
260889
260890
260891
260892
260893
260894
260895
260896
260897
260898
260899
260900
260901
260902
260903
260904
260905
260906
260907
260908
260909
260910
260911
260912
260913
260914
260915
260916
260917
260918
260919
260920
260921
260922
260923
260924
260925
260926
260927
260928
260929
260930
260931
260932
260933
260934
260935
260936
260937
260938
260939
260940
260941
260942
260943
260944
260945
260946
260947
260948
260949
260950
260951
260952
260953
260954
260955
260956
260957
260958
260959
260960
260961
260962
260963
260964
260965
260966
260967
260968
260969
260970
260971
260972
260973
260974
260975
260976
260977
260978
260979
260980
260981
260982
260983
260984
260985
260986
260987
260988
260989
260990
260991
260992
260993
260994
260995
260996
260997
260998
260999
261000
261001
261002
261003
261004
261005
261006
261007
261008
261009
261010
261011
261012
261013
261014
261015
261016
261017
261018
261019
261020
261021
261022
261023
261024
261025
261026
261027
261028
261029
261030
261031
261032
261033
261034
261035
261036
261037
261038
261039
261040
261041
261042
261043
261044
261045
261046
261047
261048
261049
261050
261051
261052
261053
261054
261055
261056
261057
261058
261059
261060
261061
261062
261063
261064
261065
261066
261067
261068
261069
261070
261071
261072
261073
261074
261075
261076
261077
261078
261079
261080
261081
261082
261083
261084
261085
261086
261087
261088
261089
261090
261091
261092
261093
261094
261095
261096
261097
261098
261099
261100
261101
261102
261103
261104
261105
261106
261107
261108
261109
261110
261111
261112
261113
261114
261115
261116
261117
261118
261119
261120
261121
261122
261123
261124
261125
261126
261127
261128
261129
261130
261131
261132
261133
261134
261135
261136
261137
261138
261139
261140
261141
261142
261143
261144
261145
261146
261147
261148
261149
261150
261151
261152
261153
261154
261155
261156
261157
261158
261159
261160
261161
261162
261163
261164
261165
261166
261167
261168
261169
261170
261171
261172
261173
261174
261175
261176
261177
261178
261179
261180
261181
261182
261183
261184
261185
261186
261187
261188
261189
261190
261191
261192
261193
261194
261195
261196
261197
261198
261199
261200
261201
261202
261203
261204
261205
261206
261207
261208
261209
261210
261211
261212
261213
261214
261215
261216
261217
261218
261219
261220
261221
261222
261223
261224
261225
261226
261227
261228
261229
261230
261231
261232
261233
261234
261235
261236
261237
261238
261239
261240
261241
261242
261243
261244
261245
261246
261247
261248
261249
261250
261251
261252
261253
261254
261255
261256
261257
261258
261259
261260
261261
261262
261263
261264
261265
261266
261267
261268
261269
261270
261271
261272
261273
261274
261275
261276
261277
261278
261279
261280
261281
261282
261283
261284
261285
261286
261287
261288
261289
261290
261291
261292
261293
261294
261295
261296
261297
261298
261299
261300
261301
261302
261303
261304
261305
261306
261307
261308
261309
261310
261311
261312
261313
261314
261315
261316
261317
261318
261319
261320
261321
261322
261323
261324
261325
261326
261327
261328
261329
261330
261331
261332
261333
261334
261335
261336
261337
261338
261339
261340
261341
261342
261343
261344
261345
261346
261347
261348
261349
261350
261351
261352
261353
261354
261355
261356
261357
261358
261359
261360
261361
261362
261363
261364
261365
261366
261367
261368
261369
261370
261371
261372
261373
261374
261375
261376
261377
261378
261379
261380
261381
261382
261383
261384
261385
261386
261387
261388
261389
261390
261391
261392
261393
261394
261395
261396
261397
261398
261399
261400
261401
261402
261403
261404
261405
261406
261407
261408
261409
261410
261411
261412
261413
261414
261415
261416
261417
261418
261419
261420
261421
261422
261423
261424
261425
261426
261427
261428
261429
261430
261431
261432
261433
261434
261435
261436
261437
261438
261439
261440
261441
261442
261443
261444
261445
261446
261447
261448
261449
261450
261451
261452
261453
261454
261455
261456
261457
261458
261459
261460
261461
261462
261463
261464
261465
261466
261467
261468
261469
261470
261471
261472
261473
261474
261475
261476
261477
261478
261479
261480
261481
261482
261483
261484
261485
261486
261487
261488
261489
261490
261491
261492
261493
261494
261495
261496
261497
261498
261499
261500
261501
261502
261503
261504
261505
261506
261507
261508
261509
261510
261511
261512
261513
261514
261515
261516
261517
261518
261519
261520
261521
261522
261523
261524
261525
261526
261527
261528
261529
261530
261531
261532
261533
261534
261535
261536
261537
261538
261539
261540
261541
261542
261543
261544
261545
261546
261547
261548
261549
261550
261551
261552
261553
261554
261555
261556
261557
261558
261559
261560
261561
261562
261563
261564
261565
261566
261567
261568
261569
261570
261571
261572
261573
261574
261575
261576
261577
261578
261579
261580
261581
261582
261583
261584
261585
261586
261587
261588
261589
261590
261591
261592
261593
261594
261595
261596
261597
261598
261599
261600
261601
261602
261603
261604
261605
261606
261607
261608
261609
261610
261611
261612
261613
261614
261615
261616
261617
261618
261619
261620
261621
261622
261623
261624
261625
261626
261627
261628
261629
261630
261631
261632
261633
261634
261635
261636
261637
261638
261639
261640
261641
261642
261643
261644
261645
261646
261647
261648
261649
261650
261651
261652
261653
261654
261655
261656
261657
261658
261659
261660
261661
261662
261663
261664
261665
261666
261667
261668
261669
261670
261671
261672
261673
261674
261675
261676
261677
261678
261679
261680
261681
261682
261683
261684
261685
261686
261687
261688
261689
261690
261691
261692
261693
261694
261695
261696
261697
261698
261699
261700
261701
261702
261703
261704
261705
261706
261707
261708
261709
261710
261711
261712
261713
261714
261715
261716
261717
261718
261719
261720
261721
261722
261723
261724
261725
261726
261727
261728
261729
261730
261731
261732
261733
261734
261735
261736
261737
261738
261739
261740
261741
261742
261743
261744
261745
261746
261747
261748
261749
261750
261751
261752
261753
261754
261755
261756
261757
261758
261759
261760
261761
261762
261763
261764
261765
261766
261767
261768
261769
261770
261771
261772
261773
261774
261775
261776
261777
261778
261779
261780
261781
261782
261783
261784
261785
261786
261787
261788
261789
261790
261791
261792
261793
261794
261795
261796
261797
261798
261799
261800
261801
261802
261803
261804
261805
261806
261807
261808
261809
261810
261811
261812
261813
261814
261815
261816
261817
261818
261819
261820
261821
261822
261823
261824
261825
261826
261827
261828
261829
261830
261831
261832
261833
261834
261835
261836
261837
261838
261839
261840
261841
261842
261843
261844
261845
261846
261847
261848
261849
261850
346851
346852
346853
346854
346855
346856
346857
346858
346859
346860
346861
346862
346863
346864
346865
346866
346867
346868
346869
346870
346871
346872
346873
346874
346875
346876
346877
346878
346879
346880
346881
346882
346883
346884
346885
346886
346887
346888
346889
346890
346891
346892
346893
346894
346895
346896
346897
346898
346899
346900
346901
346902
346903
346904
346905
346906
346907
346908
346909
346910
346911
346912
346913
346914
346915
346916
346917
346918
346919
346920
346921
346922
346923
346924
346925
346926
346927
346928
346929
346930
346931
346932
346933
346934
346935
346936
346937
346938
346939
346940
346941
346942
346943
346944
346945
346946
346947
346948
346949
346950
346951
346952
346953
346954
346955
346956
346957
346958
346959
346960
346961
346962
346963
346964
346965
346966
346967
346968
346969
346970
346971
346972
346973
346974
346975
346976
346977
346978
346979
346980
346981
346982
346983
346984
346985
346986
346987
346988
346989
346990
346991
346992
346993
346994
346995
346996
346997
346998
346999
347000
347001
347002
347003
347004
347005
347006
347007
347008
347009
347010
347011
347012
347013
347014
347015
347016
347017
347018
347019
347020
347021
347022
347023
347024
347025
347026
347027
347028
347029
347030
347031
347032
347033
347034
347035
347036
347037
347038
347039
347040
347041
347042
347043
347044
347045
347046
347047
347048
347049
347050
347051
347052
347053
347054
347055
347056
347057
347058
347059
347060
347061
347062
347063
347064
347065
347066
347067
347068
347069
347070
347071
347072
347073
347074
347075
347076
347077
347078
347079
347080
347081
347082
347083
347084
347085
347086
347087
347088
347089
347090
347091
347092
347093
347094
347095
347096
347097
347098
347099
347100
347101
347102
347103
347104
347105
347106
347107
347108
347109
347110
347111
347112
347113
347114
347115
347116
347117
347118
347119
347120
347121
347122
347123
347124
347125
347126
347127
347128
347129
347130
347131
347132
347133
347134
347135
347136
347137
347138
347139
347140
347141
347142
347143
347144
347145
347146
347147
347148
347149
347150
347151
347152
347153
347154
347155
347156
347157
347158
347159
347160
347161
347162
347163
347164
347165
347166
347167
347168
347169
347170
347171
347172
347173
347174
347175
347176
347177
347178
347179
347180
347181
347182
347183
347184
347185
347186
347187
347188
347189
347190
347191
347192
347193
347194
347195
347196
347197
347198
347199
347200
347201
347202
347203
347204
347205
347206
347207
347208
347209
347210
347211
347212
347213
347214
347215
347216
347217
347218
347219
347220
347221
347222
347223
347224
347225
347226
347227
347228
347229
347230
347231
347232
347233
347234
347235
347236
347237
347238
347239
347240
347241
347242
347243
347244
347245
347246
347247
347248
347249
347250
347251
347252
347253
347254
347255
347256
347257
347258
347259
347260
347261
347262
347263
347264
347265
347266
347267
347268
347269
347270
347271
347272
347273
347274
347275
347276
347277
347278
347279
347280
347281
347282
347283
347284
347285
347286
347287
347288
347289
347290
347291
347292
347293
347294
347295
347296
347297
347298
347299
347300
347301
347302
347303
347304
347305
347306
347307
347308
347309
347310
347311
347312
347313
347314
347315
347316
347317
347318
347319
347320
347321
347322
347323
347324
347325
347326
347327
347328
347329
347330
347331
347332
347333
347334
347335
347336
347337
347338
347339
347340
347341
347342
347343
347344
347345
347346
347347
347348
347349
347350
347351
347352
347353
347354
347355
347356
347357
347358
347359
347360
347361
347362
347363
347364
347365
347366
347367
347368
347369
347370
347371
347372
347373
347374
347375
347376
347377
347378
347379
347380
347381
347382
347383
347384
347385
347386
347387
347388
347389
347390
347391
347392
347393
347394
347395
347396
347397
347398
347399
347400
347401
347402
347403
347404
347405
347406
347407
347408
347409
347410
347411
347412
347413
347414
347415
347416
347417
347418
347419
347420
347421
347422
347423
347424
347425
347426
347427
347428
347429
347430
347431
347432
347433
347434
347435
347436
347437
347438
347439
347440
347441
347442
347443
347444
347445
347446
347447
347448
347449
347450
347451
347452
347453
347454
347455
347456
347457
347458
347459
347460
347461
347462
347463
347464
347465
347466
347467
347468
347469
347470
347471
347472
347473
347474
347475
347476
347477
347478
347479
347480
347481
347482
347483
347484
347485
347486
347487
347488
347489
347490
347491
347492
347493
347494
347495
347496
347497
347498
347499
347500
347501
347502
347503
347504
347505
347506
347507
347508
347509
347510
347511
347512
347513
347514
347515
347516
347517
347518
347519
347520
347521
347522
347523
347524
347525
347526
347527
347528
347529
347530
347531
347532
347533
347534
347535
347536
347537
347538
347539
347540
347541
347542
347543
347544
347545
347546
347547
347548
347549
347550
347551
347552
347553
347554
347555
347556
347557
347558
347559
347560
347561
347562
347563
347564
347565
347566
347567
347568
347569
347570
347571
347572
347573
347574
347575
347576
347577
347578
347579
347580
347581
347582
347583
347584
347585
347586
347587
347588
347589
347590
347591
347592
347593
347594
347595
347596
347597
347598
347599
347600
347601
347602
347603
347604
347605
347606
347607
347608
347609
347610
347611
347612
347613
347614
347615
347616
347617
347618
347619
347620
347621
347622
347623
347624
347625
347626
347627
347628
347629
347630
347631
347632
347633
347634
347635
347636
347637
347638
347639
347640
347641
347642
347643
347644
347645
347646
347647
347648
347649
347650
347651
347652
347653
347654
347655
347656
347657
347658
347659
347660
347661
347662
347663
347664
347665
347666
347667
347668
347669
347670
347671
347672
347673
347674
347675
347676
347677
347678
347679
347680
347681
347682
347683
347684
347685
347686
347687
347688
347689
347690
347691
347692
347693
347694
347695
347696
347697
347698
347699
347700
347701
347702
347703
347704
347705
347706
347707
347708
347709
347710
347711
347712
347713
347714
347715
347716
347717
347718
347719
347720
347721
347722
347723
347724
347725
347726
347727
347728
347729
347730
347731
347732
347733
347734
347735
347736
347737
347738
347739
347740
347741
347742
347743
347744
347745
347746
347747
347748
347749
347750
347751
347752
347753
347754
347755
347756
347757
347758
347759
347760
347761
347762
347763
347764
347765
347766
347767
347768
347769
347770
347771
347772
347773
347774
347775
347776
347777
347778
347779
347780
347781
347782
347783
347784
347785
347786
347787
347788
347789
347790
347791
347792
347793
347794
347795
347796
347797
347798
347799
347800
347801
347802
347803
347804
347805
347806
347807
347808
347809
347810
347811
347812
347813
347814
347815
347816
347817
347818
347819
347820
347821
347822
347823
347824
347825
347826
347827
347828
347829
347830
347831
347832
347833
347834
347835
347836
347837
347838
347839
347840
347841
347842
347843
347844
347845
347846
347847
347848
347849
347850
347851
347852
347853
347854
347855
347856
347857
347858
347859
347860
347861
347862
347863
347864
347865
347866
347867
347868
347869
347870
347871
347872
347873
347874
347875
347876
347877
347878
347879
347880
347881
347882
347883
347884
347885
347886
347887
347888
347889
347890
347891
347892
347893
347894
347895
347896
347897
347898
347899
347900
347901
347902
347903
347904
347905
347906
347907
347908
347909
347910
347911
347912
347913
347914
347915
347916
347917
347918
347919
347920
347921
347922
347923
347924
347925
347926
347927
347928
347929
347930
347931
347932
347933
347934
347935
347936
347937
347938
347939
347940
347941
347942
347943
347944
347945
347946
347947
347948
347949
347950
347951
347952
347953
347954
347955
347956
347957
347958
347959
347960
347961
347962
347963
347964
347965
347966
347967
347968
347969
347970
347971
347972
347973
347974
347975
347976
347977
347978
347979
347980
347981
347982
347983
347984
347985
347986
347987
347988
347989
347990
347991
347992
347993
347994
347995
347996
347997
347998
347999
348000
348001
348002
348003
348004
348005
348006
348007
348008
348009
348010
348011
348012
348013
348014
348015
348016
348017
348018
348019
348020
348021
348022
348023
348024
348025
348026
348027
348028
348029
348030
348031
348032
348033
348034
348035
348036
348037
348038
348039
348040
348041
348042
348043
348044
348045
348046
348047
348048
348049
348050
348051
348052
348053
348054
348055
348056
348057
348058
348059
348060
348061
348062
348063
348064
348065
348066
348067
348068
348069
348070
348071
348072
348073
348074
348075
348076
348077
348078
348079
348080
348081
348082
348083
348084
348085
348086
348087
348088
348089
348090
348091
348092
348093
348094
348095
348096
348097
348098
348099
348100
348101
348102
348103
348104
348105
348106
348107
348108
348109
348110
348111
348112
348113
348114
348115
348116
348117
348118
348119
348120
348121
348122
348123
348124
348125
348126
348127
348128
348129
348130
348131
348132
348133
348134
348135
348136
348137
348138
348139
348140
348141
348142
348143
348144
348145
348146
348147
348148
348149
348150
348151
348152
348153
348154
348155
348156
348157
348158
348159
348160
348161
348162
348163
348164
348165
348166
348167
348168
348169
348170
348171
348172
348173
348174
348175
348176
348177
348178
348179
348180
348181
348182
348183
348184
348185
348186
348187
348188
348189
348190
348191
348192
348193
348194
348195
348196
348197
348198
348199
348200
348201
348202
348203
348204
348205
348206
348207
348208
348209
348210
348211
348212
348213
348214
348215
348216
348217
348218
348219
348220
348221
348222
348223
348224
348225
348226
348227
348228
348229
348230
348231
348232
348233
348234
348235
348236
348237
348238
348239
348240
348241
348242
348243
348244
348245
348246
348247
348248
348249
348250
348251
348252
348253
348254
348255
348256
348257
348258
348259
348260
348261
348262
348263
348264
348265
348266
348267
348268
348269
348270
348271
348272
348273
348274
348275
348276
348277
348278
348279
348280
348281
348282
348283
348284
348285
348286
348287
348288
348289
348290
348291
348292
348293
348294
348295
348296
348297
348298
348299
348300
348301
348302
348303
348304
348305
348306
348307
348308
348309
348310
348311
348312
348313
348314
348315
348316
348317
348318
348319
348320
348321
348322
348323
348324
348325
348326
348327
348328
348329
348330
348331
348332
348333
348334
348335
348336
348337
348338
348339
348340
348341
348342
348343
348344
348345
348346
348347
348348
348349
348350
348351
348352
348353
348354
348355
348356
348357
348358
348359
348360
348361
348362
348363
348364
348365
348366
348367
348368
348369
348370
348371
348372
348373
348374
348375
348376
348377
348378
348379
348380
348381
348382
348383
348384
348385
348386
348387
348388
348389
348390
348391
348392
348393
348394
348395
348396
348397
348398
348399
348400
348401
348402
348403
348404
348405
348406
348407
348408
348409
348410
348411
348412
348413
348414
348415
348416
348417
348418
348419
348420
348421
348422
348423
348424
348425
348426
348427
348428
348429
348430
348431
348432
348433
348434
348435
348436
348437
348438
348439
348440
348441
348442
348443
348444
348445
348446
348447
348448
348449
348450
348451
348452
348453
348454
348455
348456
348457
348458
348459
348460
348461
348462
348463
348464
348465
348466
348467
348468
348469
348470
348471
348472
348473
348474
348475
348476
348477
348478
348479
348480
348481
348482
348483
348484
348485
348486
348487
348488
348489
348490
348491
348492
348493
348494
348495
348496
348497
348498
348499
348500
348501
348502
348503
348504
348505
348506
348507
348508
348509
348510
348511
348512
348513
348514
348515
348516
348517
348518
348519
348520
348521
348522
348523
348524
348525
348526
348527
348528
348529
348530
348531
348532
348533
348534
348535
348536
348537
348538
348539
348540
348541
348542
348543
348544
348545
348546
348547
348548
348549
348550
348551
348552
348553
348554
348555
348556
348557
348558
348559
348560
348561
348562
348563
348564
348565
348566
348567
348568
348569
348570
348571
348572
348573
348574
348575
348576
348577
348578
348579
348580
348581
348582
348583
348584
348585
348586
348587
348588
348589
348590
348591
348592
348593
348594
348595
348596
348597
348598
348599
348600
348601
348602
348603
348604
348605
348606
348607
348608
348609
348610
348611
348612
348613
348614
348615
348616
348617
348618
348619
348620
348621
348622
348623
348624
348625
348626
348627
348628
348629
348630
348631
348632
348633
348634
348635
348636
348637
348638
348639
348640
348641
348642
348643
348644
348645
348646
348647
348648
348649
348650
348651
348652
348653
348654
348655
348656
348657
348658
348659
348660
348661
348662
348663
348664
348665
348666
348667
348668
348669
348670
348671
348672
348673
348674
348675
348676
348677
348678
348679
348680
348681
348682
348683
348684
348685
348686
348687
348688
348689
348690
348691
348692
348693
348694
348695
348696
348697
348698
348699
348700
348701
348702
348703
348704
348705
348706
348707
348708
348709
348710
348711
348712
348713
348714
348715
348716
348717
348718
348719
348720
348721
348722
348723
348724
348725
348726
348727
348728
348729
348730
348731
348732
348733
348734
348735
348736
348737
348738
348739
348740
348741
348742
348743
348744
348745
348746
348747
348748
348749
348750
348751
348752
348753
348754
348755
348756
348757
348758
348759
348760
348761
348762
348763
348764
348765
348766
348767
348768
348769
348770
348771
348772
348773
348774
348775
348776
348777
348778
348779
348780
348781
348782
348783
348784
348785
348786
348787
348788
348789
348790
348791
348792
348793
348794
348795
348796
348797
348798
348799
348800
348801
348802
348803
348804
348805
348806
348807
348808
348809
348810
348811
348812
348813
348814
348815
348816
348817
348818
348819
348820
348821
348822
348823
348824
348825
348826
348827
348828
348829
348830
348831
348832
348833
348834
348835
348836
348837
348838
348839
348840
348841
348842
348843
348844
348845
348846
348847
348848
348849
348850
348851
348852
348853
348854
348855
348856
348857
348858
348859
348860
348861
348862
348863
348864
348865
348866
348867
348868
348869
348870
348871
348872
348873
348874
348875
348876
348877
348878
348879
348880
348881
348882
348883
348884
348885
348886
348887
348888
348889
348890
348891
348892
348893
348894
348895
348896
348897
348898
348899
348900
348901
348902
348903
348904
348905
348906
348907
348908
348909
348910
348911
348912
348913
348914
348915
348916
348917
348918
348919
348920
348921
348922
348923
348924
348925
348926
348927
348928
348929
348930
348931
348932
348933
348934
348935
348936
348937
348938
348939
348940
348941
348942
348943
348944
348945
348946
348947
348948
348949
348950
348951
348952
348953
348954
348955
348956
348957
348958
348959
348960
348961
348962
348963
348964
348965
348966
348967
348968
348969
348970
348971
348972
348973
348974
348975
348976
348977
348978
348979
348980
348981
348982
348983
348984
348985
348986
348987
348988
348989
348990
348991
348992
348993
348994
348995
348996
348997
348998
348999
349000
349001
349002
349003
349004
349005
349006
349007
349008
349009
349010
349011
349012
349013
349014
349015
349016
349017
349018
349019
349020
349021
349022
349023
349024
349025
349026
349027
349028
349029
349030
349031
349032
349033
349034
349035
349036
349037
349038
349039
349040
349041
349042
349043
349044
349045
349046
349047
349048
349049
349050
349051
349052
349053
349054
349055
349056
349057
349058
349059
349060
349061
349062
349063
349064
349065
349066
349067
349068
349069
349070
349071
349072
349073
349074
349075
349076
349077
349078
349079
349080
349081
349082
349083
349084
349085
349086
349087
349088
349089
349090
349091
349092
349093
349094
349095
349096
349097
349098
349099
349100
349101
349102
349103
349104
349105
349106
349107
349108
349109
349110
349111
349112
349113
349114
349115
349116
349117
349118
349119
349120
349121
349122
349123
349124
349125
349126
349127
349128
349129
349130
349131
349132
349133
349134
349135
349136
349137
349138
349139
349140
349141
349142
349143
349144
349145
349146
349147
349148
349149
349150
349151
349152
349153
349154
349155
349156
349157
349158
349159
349160
349161
349162
349163
349164
349165
349166
349167
349168
349169
349170
349171
349172
349173
349174
349175
349176
349177
349178
349179
349180
349181
349182
349183
349184
349185
349186
349187
349188
349189
349190
349191
349192
349193
349194
349195
349196
349197
349198
349199
349200
349201
349202
349203
349204
349205
349206
349207
349208
349209
349210
349211
349212
349213
349214
349215
349216
349217
349218
349219
349220
349221
349222
349223
349224
349225
349226
349227
349228
349229
349230
349231
349232
349233
349234
349235
349236
349237
349238
349239
349240
349241
349242
349243
349244
349245
349246
349247
349248
349249
349250
349251
349252
349253
349254
349255
349256
349257
349258
349259
349260
349261
349262
349263
349264
349265
349266
349267
349268
349269
349270
349271
349272
349273
349274
349275
349276
349277
349278
349279
349280
349281
349282
349283
349284
349285
349286
349287
349288
349289
349290
349291
349292
349293
349294
349295
349296
349297
349298
349299
349300
349301
349302
349303
349304
349305
349306
349307
349308
349309
349310
349311
349312
349313
349314
349315
349316
349317
349318
349319
349320
349321
349322
349323
349324
349325
349326
349327
349328
349329
349330
349331
349332
349333
349334
349335
349336
349337
349338
349339
349340
349341
349342
349343
349344
349345
349346
349347
349348
349349
349350
349751
349752
349753
349754
349755
349756
349757
349758
349759
349760
349761
349762
349763
349764
349765
349766
349767
349768
349769
349770
349771
349772
349773
349774
349775
349776
349777
349778
349779
349780
349781
349782
349783
349784
349785
349786
349787
349788
349789
349790
349791
349792
349793
349794
349795
349796
349797
349798
349799
349800
350351
350352
350353
350354
350355
350356
350357
350358
350359
350360
350361
350362
350363
350364
350365
350366
350367
350368
350369
350370
350371
350372
350373
350374
350375
350376
350377
350378
350379
350380
350381
350382
350383
350384
350385
350386
350387
350388
350389
350390
350391
350392
350393
350394
350395
350396
350397
350398
350399
350400
-159453
-159455
-159457
-159459
-159461
-159463
-159465
-159467
-159469
-159471
-159473
-159475
-159477
-159479
-159481
-159483
-159485
-159487
-159489
-159491
-159493
-159495
-159497
-159499
-159501
-159503
-159505
-159507
-159509
-159511
-159513
-159515
-159517
-159519
-159521
-159523
-159525
-159527
-159529
-159531
-159533
-159535
-159537
-159539
-159541
-159543
-159545
-159547
-159549
-159550
-164600
-164700
-164800
-164900
-165000
-165100
-165200
-165300
-165400
-165500
-165600
-165700
-165800
-165900
-166000
-166100
-166200
-166300
-166400
-166500
-166600
-166700
-166800
-166900
-167000
-167100
-167200
-167300
-167400
-167500
-167600
-167700
-167800
-167900
-168000
-168100
-168200
-168300
-168400
-168500
-168600
-168700
-168800
-168900
-169000
-169100
-169200
-169300
-169400
-169450
)


// ************************************************************************* //
