/*--------------------------------*- C++ -*----------------------------------*\
| =========                 |                                                 |
| \\      /  F ield         | OpenFOAM: The Open Source CFD Toolbox           |
|  \\    /   O peration     | Version:  v1906                                 |
|   \\  /    A nd           | Web:      www.OpenFOAM.com                      |
|    \\/     M anipulation  |                                                 |
\*---------------------------------------------------------------------------*/
FoamFile
{
    version     2.0;
    format      ascii;
    class       labelList;
    location    "constant/impp30/polyMesh";
    object      faceRegionAddressing;
}
// * * * * * * * * * * * * * * * * * * * * * * * * * * * * * * * * * * * * * //


10100
(
149601
149602
149603
149604
149605
149606
149607
149608
149609
149610
149611
149612
149613
149614
149615
149616
149617
149618
149619
149620
149621
149622
149623
149624
149625
149626
149627
149628
149629
149630
149631
149632
149633
149634
149635
149636
149637
149638
149639
149640
149641
149642
149643
149644
149645
149646
149647
149648
149649
149650
149651
149652
149653
149654
149655
149656
149657
149658
149659
149660
149661
149662
149663
149664
149665
149666
149667
149668
149669
149670
149671
149672
149673
149674
149675
149676
149677
149678
149679
149680
149681
149682
149683
149684
149685
149686
149687
149688
149689
149690
149691
149692
149693
149694
149695
149696
149697
149698
149699
149701
149702
149703
149704
149705
149706
149707
149708
149709
149710
149711
149712
149713
149714
149715
149716
149717
149718
149719
149720
149721
149722
149723
149724
149725
149726
149727
149728
149729
149730
149731
149732
149733
149734
149735
149736
149737
149738
149739
149740
149741
149742
149743
149744
149745
149746
149747
149748
149749
149750
149751
149752
149753
149754
149755
149756
149757
149758
149759
149760
149761
149762
149763
149764
149765
149766
149767
149768
149769
149770
149771
149772
149773
149774
149775
149776
149777
149778
149779
149780
149781
149782
149783
149784
149785
149786
149787
149788
149789
149790
149791
149792
149793
149794
149795
149796
149797
149798
149799
149801
149802
149803
149804
149805
149806
149807
149808
149809
149810
149811
149812
149813
149814
149815
149816
149817
149818
149819
149820
149821
149822
149823
149824
149825
149826
149827
149828
149829
149830
149831
149832
149833
149834
149835
149836
149837
149838
149839
149840
149841
149842
149843
149844
149845
149846
149847
149848
149849
149850
149851
149852
149853
149854
149855
149856
149857
149858
149859
149860
149861
149862
149863
149864
149865
149866
149867
149868
149869
149870
149871
149872
149873
149874
149875
149876
149877
149878
149879
149880
149881
149882
149883
149884
149885
149886
149887
149888
149889
149890
149891
149892
149893
149894
149895
149896
149897
149898
149899
149901
149902
149903
149904
149905
149906
149907
149908
149909
149910
149911
149912
149913
149914
149915
149916
149917
149918
149919
149920
149921
149922
149923
149924
149925
149926
149927
149928
149929
149930
149931
149932
149933
149934
149935
149936
149937
149938
149939
149940
149941
149942
149943
149944
149945
149946
149947
149948
149949
149950
149951
149952
149953
149954
149955
149956
149957
149958
149959
149960
149961
149962
149963
149964
149965
149966
149967
149968
149969
149970
149971
149972
149973
149974
149975
149976
149977
149978
149979
149980
149981
149982
149983
149984
149985
149986
149987
149988
149989
149990
149991
149992
149993
149994
149995
149996
149997
149998
149999
150001
150002
150003
150004
150005
150006
150007
150008
150009
150010
150011
150012
150013
150014
150015
150016
150017
150018
150019
150020
150021
150022
150023
150024
150025
150026
150027
150028
150029
150030
150031
150032
150033
150034
150035
150036
150037
150038
150039
150040
150041
150042
150043
150044
150045
150046
150047
150048
150049
150050
150051
150052
150053
150054
150055
150056
150057
150058
150059
150060
150061
150062
150063
150064
150065
150066
150067
150068
150069
150070
150071
150072
150073
150074
150075
150076
150077
150078
150079
150080
150081
150082
150083
150084
150085
150086
150087
150088
150089
150090
150091
150092
150093
150094
150095
150096
150097
150098
150099
150101
150102
150103
150104
150105
150106
150107
150108
150109
150110
150111
150112
150113
150114
150115
150116
150117
150118
150119
150120
150121
150122
150123
150124
150125
150126
150127
150128
150129
150130
150131
150132
150133
150134
150135
150136
150137
150138
150139
150140
150141
150142
150143
150144
150145
150146
150147
150148
150149
150150
150151
150152
150153
150154
150155
150156
150157
150158
150159
150160
150161
150162
150163
150164
150165
150166
150167
150168
150169
150170
150171
150172
150173
150174
150175
150176
150177
150178
150179
150180
150181
150182
150183
150184
150185
150186
150187
150188
150189
150190
150191
150192
150193
150194
150195
150196
150197
150198
150199
150201
150202
150203
150204
150205
150206
150207
150208
150209
150210
150211
150212
150213
150214
150215
150216
150217
150218
150219
150220
150221
150222
150223
150224
150225
150226
150227
150228
150229
150230
150231
150232
150233
150234
150235
150236
150237
150238
150239
150240
150241
150242
150243
150244
150245
150246
150247
150248
150249
150250
150251
150252
150253
150254
150255
150256
150257
150258
150259
150260
150261
150262
150263
150264
150265
150266
150267
150268
150269
150270
150271
150272
150273
150274
150275
150276
150277
150278
150279
150280
150281
150282
150283
150284
150285
150286
150287
150288
150289
150290
150291
150292
150293
150294
150295
150296
150297
150298
150299
150301
150302
150303
150304
150305
150306
150307
150308
150309
150310
150311
150312
150313
150314
150315
150316
150317
150318
150319
150320
150321
150322
150323
150324
150325
150326
150327
150328
150329
150330
150331
150332
150333
150334
150335
150336
150337
150338
150339
150340
150341
150342
150343
150344
150345
150346
150347
150348
150349
150350
150351
150352
150353
150354
150355
150356
150357
150358
150359
150360
150361
150362
150363
150364
150365
150366
150367
150368
150369
150370
150371
150372
150373
150374
150375
150376
150377
150378
150379
150380
150381
150382
150383
150384
150385
150386
150387
150388
150389
150390
150391
150392
150393
150394
150395
150396
150397
150398
150399
150401
150402
150403
150404
150405
150406
150407
150408
150409
150410
150411
150412
150413
150414
150415
150416
150417
150418
150419
150420
150421
150422
150423
150424
150425
150426
150427
150428
150429
150430
150431
150432
150433
150434
150435
150436
150437
150438
150439
150440
150441
150442
150443
150444
150445
150446
150447
150448
150449
150450
150451
150452
150453
150454
150455
150456
150457
150458
150459
150460
150461
150462
150463
150464
150465
150466
150467
150468
150469
150470
150471
150472
150473
150474
150475
150476
150477
150478
150479
150480
150481
150482
150483
150484
150485
150486
150487
150488
150489
150490
150491
150492
150493
150494
150495
150496
150497
150498
150499
150501
150502
150503
150504
150505
150506
150507
150508
150509
150510
150511
150512
150513
150514
150515
150516
150517
150518
150519
150520
150521
150522
150523
150524
150525
150526
150527
150528
150529
150530
150531
150532
150533
150534
150535
150536
150537
150538
150539
150540
150541
150542
150543
150544
150545
150546
150547
150548
150549
150550
150551
150552
150553
150554
150555
150556
150557
150558
150559
150560
150561
150562
150563
150564
150565
150566
150567
150568
150569
150570
150571
150572
150573
150574
150575
150576
150577
150578
150579
150580
150581
150582
150583
150584
150585
150586
150587
150588
150589
150590
150591
150592
150593
150594
150595
150596
150597
150598
150599
150601
150602
150603
150604
150605
150606
150607
150608
150609
150610
150611
150612
150613
150614
150615
150616
150617
150618
150619
150620
150621
150622
150623
150624
150625
150626
150627
150628
150629
150630
150631
150632
150633
150634
150635
150636
150637
150638
150639
150640
150641
150642
150643
150644
150645
150646
150647
150648
150649
150650
150651
150652
150653
150654
150655
150656
150657
150658
150659
150660
150661
150662
150663
150664
150665
150666
150667
150668
150669
150670
150671
150672
150673
150674
150675
150676
150677
150678
150679
150680
150681
150682
150683
150684
150685
150686
150687
150688
150689
150690
150691
150692
150693
150694
150695
150696
150697
150698
150699
150701
150702
150703
150704
150705
150706
150707
150708
150709
150710
150711
150712
150713
150714
150715
150716
150717
150718
150719
150720
150721
150722
150723
150724
150725
150726
150727
150728
150729
150730
150731
150732
150733
150734
150735
150736
150737
150738
150739
150740
150741
150742
150743
150744
150745
150746
150747
150748
150749
150750
150751
150752
150753
150754
150755
150756
150757
150758
150759
150760
150761
150762
150763
150764
150765
150766
150767
150768
150769
150770
150771
150772
150773
150774
150775
150776
150777
150778
150779
150780
150781
150782
150783
150784
150785
150786
150787
150788
150789
150790
150791
150792
150793
150794
150795
150796
150797
150798
150799
150801
150802
150803
150804
150805
150806
150807
150808
150809
150810
150811
150812
150813
150814
150815
150816
150817
150818
150819
150820
150821
150822
150823
150824
150825
150826
150827
150828
150829
150830
150831
150832
150833
150834
150835
150836
150837
150838
150839
150840
150841
150842
150843
150844
150845
150846
150847
150848
150849
150850
150851
150852
150853
150854
150855
150856
150857
150858
150859
150860
150861
150862
150863
150864
150865
150866
150867
150868
150869
150870
150871
150872
150873
150874
150875
150876
150877
150878
150879
150880
150881
150882
150883
150884
150885
150886
150887
150888
150889
150890
150891
150892
150893
150894
150895
150896
150897
150898
150899
150901
150902
150903
150904
150905
150906
150907
150908
150909
150910
150911
150912
150913
150914
150915
150916
150917
150918
150919
150920
150921
150922
150923
150924
150925
150926
150927
150928
150929
150930
150931
150932
150933
150934
150935
150936
150937
150938
150939
150940
150941
150942
150943
150944
150945
150946
150947
150948
150949
150950
150951
150952
150953
150954
150955
150956
150957
150958
150959
150960
150961
150962
150963
150964
150965
150966
150967
150968
150969
150970
150971
150972
150973
150974
150975
150976
150977
150978
150979
150980
150981
150982
150983
150984
150985
150986
150987
150988
150989
150990
150991
150992
150993
150994
150995
150996
150997
150998
150999
151001
151002
151003
151004
151005
151006
151007
151008
151009
151010
151011
151012
151013
151014
151015
151016
151017
151018
151019
151020
151021
151022
151023
151024
151025
151026
151027
151028
151029
151030
151031
151032
151033
151034
151035
151036
151037
151038
151039
151040
151041
151042
151043
151044
151045
151046
151047
151048
151049
151050
151051
151052
151053
151054
151055
151056
151057
151058
151059
151060
151061
151062
151063
151064
151065
151066
151067
151068
151069
151070
151071
151072
151073
151074
151075
151076
151077
151078
151079
151080
151081
151082
151083
151084
151085
151086
151087
151088
151089
151090
151091
151092
151093
151094
151095
151096
151097
151098
151099
151101
151102
151103
151104
151105
151106
151107
151108
151109
151110
151111
151112
151113
151114
151115
151116
151117
151118
151119
151120
151121
151122
151123
151124
151125
151126
151127
151128
151129
151130
151131
151132
151133
151134
151135
151136
151137
151138
151139
151140
151141
151142
151143
151144
151145
151146
151147
151148
151149
151150
151151
151152
151153
151154
151155
151156
151157
151158
151159
151160
151161
151162
151163
151164
151165
151166
151167
151168
151169
151170
151171
151172
151173
151174
151175
151176
151177
151178
151179
151180
151181
151182
151183
151184
151185
151186
151187
151188
151189
151190
151191
151192
151193
151194
151195
151196
151197
151198
151199
151201
151202
151203
151204
151205
151206
151207
151208
151209
151210
151211
151212
151213
151214
151215
151216
151217
151218
151219
151220
151221
151222
151223
151224
151225
151226
151227
151228
151229
151230
151231
151232
151233
151234
151235
151236
151237
151238
151239
151240
151241
151242
151243
151244
151245
151246
151247
151248
151249
151250
151251
151252
151253
151254
151255
151256
151257
151258
151259
151260
151261
151262
151263
151264
151265
151266
151267
151268
151269
151270
151271
151272
151273
151274
151275
151276
151277
151278
151279
151280
151281
151282
151283
151284
151285
151286
151287
151288
151289
151290
151291
151292
151293
151294
151295
151296
151297
151298
151299
151301
151302
151303
151304
151305
151306
151307
151308
151309
151310
151311
151312
151313
151314
151315
151316
151317
151318
151319
151320
151321
151322
151323
151324
151325
151326
151327
151328
151329
151330
151331
151332
151333
151334
151335
151336
151337
151338
151339
151340
151341
151342
151343
151344
151345
151346
151347
151348
151349
151350
151351
151352
151353
151354
151355
151356
151357
151358
151359
151360
151361
151362
151363
151364
151365
151366
151367
151368
151369
151370
151371
151372
151373
151374
151375
151376
151377
151378
151379
151380
151381
151382
151383
151384
151385
151386
151387
151388
151389
151390
151391
151392
151393
151394
151395
151396
151397
151398
151399
151401
151402
151403
151404
151405
151406
151407
151408
151409
151410
151411
151412
151413
151414
151415
151416
151417
151418
151419
151420
151421
151422
151423
151424
151425
151426
151427
151428
151429
151430
151431
151432
151433
151434
151435
151436
151437
151438
151439
151440
151441
151442
151443
151444
151445
151446
151447
151448
151449
151450
151451
151452
151453
151454
151455
151456
151457
151458
151459
151460
151461
151462
151463
151464
151465
151466
151467
151468
151469
151470
151471
151472
151473
151474
151475
151476
151477
151478
151479
151480
151481
151482
151483
151484
151485
151486
151487
151488
151489
151490
151491
151492
151493
151494
151495
151496
151497
151498
151499
151501
151502
151503
151504
151505
151506
151507
151508
151509
151510
151511
151512
151513
151514
151515
151516
151517
151518
151519
151520
151521
151522
151523
151524
151525
151526
151527
151528
151529
151530
151531
151532
151533
151534
151535
151536
151537
151538
151539
151540
151541
151542
151543
151544
151545
151546
151547
151548
151549
151550
151551
151552
151553
151554
151555
151556
151557
151558
151559
151560
151561
151562
151563
151564
151565
151566
151567
151568
151569
151570
151571
151572
151573
151574
151575
151576
151577
151578
151579
151580
151581
151582
151583
151584
151585
151586
151587
151588
151589
151590
151591
151592
151593
151594
151595
151596
151597
151598
151599
151601
151602
151603
151604
151605
151606
151607
151608
151609
151610
151611
151612
151613
151614
151615
151616
151617
151618
151619
151620
151621
151622
151623
151624
151625
151626
151627
151628
151629
151630
151631
151632
151633
151634
151635
151636
151637
151638
151639
151640
151641
151642
151643
151644
151645
151646
151647
151648
151649
151650
151651
151652
151653
151654
151655
151656
151657
151658
151659
151660
151661
151662
151663
151664
151665
151666
151667
151668
151669
151670
151671
151672
151673
151674
151675
151676
151677
151678
151679
151680
151681
151682
151683
151684
151685
151686
151687
151688
151689
151690
151691
151692
151693
151694
151695
151696
151697
151698
151699
151701
151702
151703
151704
151705
151706
151707
151708
151709
151710
151711
151712
151713
151714
151715
151716
151717
151718
151719
151720
151721
151722
151723
151724
151725
151726
151727
151728
151729
151730
151731
151732
151733
151734
151735
151736
151737
151738
151739
151740
151741
151742
151743
151744
151745
151746
151747
151748
151749
151750
151751
151752
151753
151754
151755
151756
151757
151758
151759
151760
151761
151762
151763
151764
151765
151766
151767
151768
151769
151770
151771
151772
151773
151774
151775
151776
151777
151778
151779
151780
151781
151782
151783
151784
151785
151786
151787
151788
151789
151790
151791
151792
151793
151794
151795
151796
151797
151798
151799
151801
151802
151803
151804
151805
151806
151807
151808
151809
151810
151811
151812
151813
151814
151815
151816
151817
151818
151819
151820
151821
151822
151823
151824
151825
151826
151827
151828
151829
151830
151831
151832
151833
151834
151835
151836
151837
151838
151839
151840
151841
151842
151843
151844
151845
151846
151847
151848
151849
151850
151851
151852
151853
151854
151855
151856
151857
151858
151859
151860
151861
151862
151863
151864
151865
151866
151867
151868
151869
151870
151871
151872
151873
151874
151875
151876
151877
151878
151879
151880
151881
151882
151883
151884
151885
151886
151887
151888
151889
151890
151891
151892
151893
151894
151895
151896
151897
151898
151899
151901
151902
151903
151904
151905
151906
151907
151908
151909
151910
151911
151912
151913
151914
151915
151916
151917
151918
151919
151920
151921
151922
151923
151924
151925
151926
151927
151928
151929
151930
151931
151932
151933
151934
151935
151936
151937
151938
151939
151940
151941
151942
151943
151944
151945
151946
151947
151948
151949
151950
151951
151952
151953
151954
151955
151956
151957
151958
151959
151960
151961
151962
151963
151964
151965
151966
151967
151968
151969
151970
151971
151972
151973
151974
151975
151976
151977
151978
151979
151980
151981
151982
151983
151984
151985
151986
151987
151988
151989
151990
151991
151992
151993
151994
151995
151996
151997
151998
151999
152001
152002
152003
152004
152005
152006
152007
152008
152009
152010
152011
152012
152013
152014
152015
152016
152017
152018
152019
152020
152021
152022
152023
152024
152025
152026
152027
152028
152029
152030
152031
152032
152033
152034
152035
152036
152037
152038
152039
152040
152041
152042
152043
152044
152045
152046
152047
152048
152049
152050
152051
152052
152053
152054
152055
152056
152057
152058
152059
152060
152061
152062
152063
152064
152065
152066
152067
152068
152069
152070
152071
152072
152073
152074
152075
152076
152077
152078
152079
152080
152081
152082
152083
152084
152085
152086
152087
152088
152089
152090
152091
152092
152093
152094
152095
152096
152097
152098
152099
152101
152102
152103
152104
152105
152106
152107
152108
152109
152110
152111
152112
152113
152114
152115
152116
152117
152118
152119
152120
152121
152122
152123
152124
152125
152126
152127
152128
152129
152130
152131
152132
152133
152134
152135
152136
152137
152138
152139
152140
152141
152142
152143
152144
152145
152146
152147
152148
152149
152150
152151
152152
152153
152154
152155
152156
152157
152158
152159
152160
152161
152162
152163
152164
152165
152166
152167
152168
152169
152170
152171
152172
152173
152174
152175
152176
152177
152178
152179
152180
152181
152182
152183
152184
152185
152186
152187
152188
152189
152190
152191
152192
152193
152194
152195
152196
152197
152198
152199
152201
152202
152203
152204
152205
152206
152207
152208
152209
152210
152211
152212
152213
152214
152215
152216
152217
152218
152219
152220
152221
152222
152223
152224
152225
152226
152227
152228
152229
152230
152231
152232
152233
152234
152235
152236
152237
152238
152239
152240
152241
152242
152243
152244
152245
152246
152247
152248
152249
152250
152251
152252
152253
152254
152255
152256
152257
152258
152259
152260
152261
152262
152263
152264
152265
152266
152267
152268
152269
152270
152271
152272
152273
152274
152275
152276
152277
152278
152279
152280
152281
152282
152283
152284
152285
152286
152287
152288
152289
152290
152291
152292
152293
152294
152295
152296
152297
152298
152299
152301
152302
152303
152304
152305
152306
152307
152308
152309
152310
152311
152312
152313
152314
152315
152316
152317
152318
152319
152320
152321
152322
152323
152324
152325
152326
152327
152328
152329
152330
152331
152332
152333
152334
152335
152336
152337
152338
152339
152340
152341
152342
152343
152344
152345
152346
152347
152348
152349
152350
152351
152352
152353
152354
152355
152356
152357
152358
152359
152360
152361
152362
152363
152364
152365
152366
152367
152368
152369
152370
152371
152372
152373
152374
152375
152376
152377
152378
152379
152380
152381
152382
152383
152384
152385
152386
152387
152388
152389
152390
152391
152392
152393
152394
152395
152396
152397
152398
152399
152401
152402
152403
152404
152405
152406
152407
152408
152409
152410
152411
152412
152413
152414
152415
152416
152417
152418
152419
152420
152421
152422
152423
152424
152425
152426
152427
152428
152429
152430
152431
152432
152433
152434
152435
152436
152437
152438
152439
152440
152441
152442
152443
152444
152445
152446
152447
152448
152449
152450
152451
152452
152453
152454
152455
152456
152457
152458
152459
152460
152461
152462
152463
152464
152465
152466
152467
152468
152469
152470
152471
152472
152473
152474
152475
152476
152477
152478
152479
152480
152481
152482
152483
152484
152485
152486
152487
152488
152489
152490
152491
152492
152493
152494
152495
152496
152497
152498
152499
152501
152502
152503
152504
152505
152506
152507
152508
152509
152510
152511
152512
152513
152514
152515
152516
152517
152518
152519
152520
152521
152522
152523
152524
152525
152526
152527
152528
152529
152530
152531
152532
152533
152534
152535
152536
152537
152538
152539
152540
152541
152542
152543
152544
152545
152546
152547
152548
152549
152550
152551
152552
152553
152554
152555
152556
152557
152558
152559
152560
152561
152562
152563
152564
152565
152566
152567
152568
152569
152570
152571
152572
152573
152574
152575
152576
152577
152578
152579
152580
152581
152582
152583
152584
152585
152586
152587
152588
152589
152590
152591
152592
152593
152594
152595
152596
152597
152598
152599
152601
152602
152603
152604
152605
152606
152607
152608
152609
152610
152611
152612
152613
152614
152615
152616
152617
152618
152619
152620
152621
152622
152623
152624
152625
152626
152627
152628
152629
152630
152631
152632
152633
152634
152635
152636
152637
152638
152639
152640
152641
152642
152643
152644
152645
152646
152647
152648
152649
152650
152651
152652
152653
152654
152655
152656
152657
152658
152659
152660
152661
152662
152663
152664
152665
152666
152667
152668
152669
152670
152671
152672
152673
152674
152675
152676
152677
152678
152679
152680
152681
152682
152683
152684
152685
152686
152687
152688
152689
152690
152691
152692
152693
152694
152695
152696
152697
152698
152699
152701
152702
152703
152704
152705
152706
152707
152708
152709
152710
152711
152712
152713
152714
152715
152716
152717
152718
152719
152720
152721
152722
152723
152724
152725
152726
152727
152728
152729
152730
152731
152732
152733
152734
152735
152736
152737
152738
152739
152740
152741
152742
152743
152744
152745
152746
152747
152748
152749
152750
152751
152752
152753
152754
152755
152756
152757
152758
152759
152760
152761
152762
152763
152764
152765
152766
152767
152768
152769
152770
152771
152772
152773
152774
152775
152776
152777
152778
152779
152780
152781
152782
152783
152784
152785
152786
152787
152788
152789
152790
152791
152792
152793
152794
152795
152796
152797
152798
152799
152801
152802
152803
152804
152805
152806
152807
152808
152809
152810
152811
152812
152813
152814
152815
152816
152817
152818
152819
152820
152821
152822
152823
152824
152825
152826
152827
152828
152829
152830
152831
152832
152833
152834
152835
152836
152837
152838
152839
152840
152841
152842
152843
152844
152845
152846
152847
152848
152849
152850
152851
152852
152853
152854
152855
152856
152857
152858
152859
152860
152861
152862
152863
152864
152865
152866
152867
152868
152869
152870
152871
152872
152873
152874
152875
152876
152877
152878
152879
152880
152881
152882
152883
152884
152885
152886
152887
152888
152889
152890
152891
152892
152893
152894
152895
152896
152897
152898
152899
152901
152902
152903
152904
152905
152906
152907
152908
152909
152910
152911
152912
152913
152914
152915
152916
152917
152918
152919
152920
152921
152922
152923
152924
152925
152926
152927
152928
152929
152930
152931
152932
152933
152934
152935
152936
152937
152938
152939
152940
152941
152942
152943
152944
152945
152946
152947
152948
152949
152950
152951
152952
152953
152954
152955
152956
152957
152958
152959
152960
152961
152962
152963
152964
152965
152966
152967
152968
152969
152970
152971
152972
152973
152974
152975
152976
152977
152978
152979
152980
152981
152982
152983
152984
152985
152986
152987
152988
152989
152990
152991
152992
152993
152994
152995
152996
152997
152998
152999
153001
153002
153003
153004
153005
153006
153007
153008
153009
153010
153011
153012
153013
153014
153015
153016
153017
153018
153019
153020
153021
153022
153023
153024
153025
153026
153027
153028
153029
153030
153031
153032
153033
153034
153035
153036
153037
153038
153039
153040
153041
153042
153043
153044
153045
153046
153047
153048
153049
153050
153051
153052
153053
153054
153055
153056
153057
153058
153059
153060
153061
153062
153063
153064
153065
153066
153067
153068
153069
153070
153071
153072
153073
153074
153075
153076
153077
153078
153079
153080
153081
153082
153083
153084
153085
153086
153087
153088
153089
153090
153091
153092
153093
153094
153095
153096
153097
153098
153099
153101
153102
153103
153104
153105
153106
153107
153108
153109
153110
153111
153112
153113
153114
153115
153116
153117
153118
153119
153120
153121
153122
153123
153124
153125
153126
153127
153128
153129
153130
153131
153132
153133
153134
153135
153136
153137
153138
153139
153140
153141
153142
153143
153144
153145
153146
153147
153148
153149
153150
153151
153152
153153
153154
153155
153156
153157
153158
153159
153160
153161
153162
153163
153164
153165
153166
153167
153168
153169
153170
153171
153172
153173
153174
153175
153176
153177
153178
153179
153180
153181
153182
153183
153184
153185
153186
153187
153188
153189
153190
153191
153192
153193
153194
153195
153196
153197
153198
153199
153201
153202
153203
153204
153205
153206
153207
153208
153209
153210
153211
153212
153213
153214
153215
153216
153217
153218
153219
153220
153221
153222
153223
153224
153225
153226
153227
153228
153229
153230
153231
153232
153233
153234
153235
153236
153237
153238
153239
153240
153241
153242
153243
153244
153245
153246
153247
153248
153249
153250
153251
153252
153253
153254
153255
153256
153257
153258
153259
153260
153261
153262
153263
153264
153265
153266
153267
153268
153269
153270
153271
153272
153273
153274
153275
153276
153277
153278
153279
153280
153281
153282
153283
153284
153285
153286
153287
153288
153289
153290
153291
153292
153293
153294
153295
153296
153297
153298
153299
153301
153302
153303
153304
153305
153306
153307
153308
153309
153310
153311
153312
153313
153314
153315
153316
153317
153318
153319
153320
153321
153322
153323
153324
153325
153326
153327
153328
153329
153330
153331
153332
153333
153334
153335
153336
153337
153338
153339
153340
153341
153342
153343
153344
153345
153346
153347
153348
153349
153350
153351
153352
153353
153354
153355
153356
153357
153358
153359
153360
153361
153362
153363
153364
153365
153366
153367
153368
153369
153370
153371
153372
153373
153374
153375
153376
153377
153378
153379
153380
153381
153382
153383
153384
153385
153386
153387
153388
153389
153390
153391
153392
153393
153394
153395
153396
153397
153398
153399
153401
153402
153403
153404
153405
153406
153407
153408
153409
153410
153411
153412
153413
153414
153415
153416
153417
153418
153419
153420
153421
153422
153423
153424
153425
153426
153427
153428
153429
153430
153431
153432
153433
153434
153435
153436
153437
153438
153439
153440
153441
153442
153443
153444
153445
153446
153447
153448
153449
153450
153451
153452
153453
153454
153455
153456
153457
153458
153459
153460
153461
153462
153463
153464
153465
153466
153467
153468
153469
153470
153471
153472
153473
153474
153475
153476
153477
153478
153479
153480
153481
153482
153483
153484
153485
153486
153487
153488
153489
153490
153491
153492
153493
153494
153495
153496
153497
153498
153499
153501
153502
153503
153504
153505
153506
153507
153508
153509
153510
153511
153512
153513
153514
153515
153516
153517
153518
153519
153520
153521
153522
153523
153524
153525
153526
153527
153528
153529
153530
153531
153532
153533
153534
153535
153536
153537
153538
153539
153540
153541
153542
153543
153544
153545
153546
153547
153548
153549
153550
153551
153552
153553
153554
153555
153556
153557
153558
153559
153560
153561
153562
153563
153564
153565
153566
153567
153568
153569
153570
153571
153572
153573
153574
153575
153576
153577
153578
153579
153580
153581
153582
153583
153584
153585
153586
153587
153588
153589
153590
153591
153592
153593
153594
153595
153596
153597
153598
153599
153601
153602
153603
153604
153605
153606
153607
153608
153609
153610
153611
153612
153613
153614
153615
153616
153617
153618
153619
153620
153621
153622
153623
153624
153625
153626
153627
153628
153629
153630
153631
153632
153633
153634
153635
153636
153637
153638
153639
153640
153641
153642
153643
153644
153645
153646
153647
153648
153649
153650
153651
153652
153653
153654
153655
153656
153657
153658
153659
153660
153661
153662
153663
153664
153665
153666
153667
153668
153669
153670
153671
153672
153673
153674
153675
153676
153677
153678
153679
153680
153681
153682
153683
153684
153685
153686
153687
153688
153689
153690
153691
153692
153693
153694
153695
153696
153697
153698
153699
153701
153702
153703
153704
153705
153706
153707
153708
153709
153710
153711
153712
153713
153714
153715
153716
153717
153718
153719
153720
153721
153722
153723
153724
153725
153726
153727
153728
153729
153730
153731
153732
153733
153734
153735
153736
153737
153738
153739
153740
153741
153742
153743
153744
153745
153746
153747
153748
153749
153750
153751
153752
153753
153754
153755
153756
153757
153758
153759
153760
153761
153762
153763
153764
153765
153766
153767
153768
153769
153770
153771
153772
153773
153774
153775
153776
153777
153778
153779
153780
153781
153782
153783
153784
153785
153786
153787
153788
153789
153790
153791
153792
153793
153794
153795
153796
153797
153798
153799
153801
153802
153803
153804
153805
153806
153807
153808
153809
153810
153811
153812
153813
153814
153815
153816
153817
153818
153819
153820
153821
153822
153823
153824
153825
153826
153827
153828
153829
153830
153831
153832
153833
153834
153835
153836
153837
153838
153839
153840
153841
153842
153843
153844
153845
153846
153847
153848
153849
153850
153851
153852
153853
153854
153855
153856
153857
153858
153859
153860
153861
153862
153863
153864
153865
153866
153867
153868
153869
153870
153871
153872
153873
153874
153875
153876
153877
153878
153879
153880
153881
153882
153883
153884
153885
153886
153887
153888
153889
153890
153891
153892
153893
153894
153895
153896
153897
153898
153899
153901
153902
153903
153904
153905
153906
153907
153908
153909
153910
153911
153912
153913
153914
153915
153916
153917
153918
153919
153920
153921
153922
153923
153924
153925
153926
153927
153928
153929
153930
153931
153932
153933
153934
153935
153936
153937
153938
153939
153940
153941
153942
153943
153944
153945
153946
153947
153948
153949
153950
153951
153952
153953
153954
153955
153956
153957
153958
153959
153960
153961
153962
153963
153964
153965
153966
153967
153968
153969
153970
153971
153972
153973
153974
153975
153976
153977
153978
153979
153980
153981
153982
153983
153984
153985
153986
153987
153988
153989
153990
153991
153992
153993
153994
153995
153996
153997
153998
153999
154001
154002
154003
154004
154005
154006
154007
154008
154009
154010
154011
154012
154013
154014
154015
154016
154017
154018
154019
154020
154021
154022
154023
154024
154025
154026
154027
154028
154029
154030
154031
154032
154033
154034
154035
154036
154037
154038
154039
154040
154041
154042
154043
154044
154045
154046
154047
154048
154049
154050
154051
154052
154053
154054
154055
154056
154057
154058
154059
154060
154061
154062
154063
154064
154065
154066
154067
154068
154069
154070
154071
154072
154073
154074
154075
154076
154077
154078
154079
154080
154081
154082
154083
154084
154085
154086
154087
154088
154089
154090
154091
154092
154093
154094
154095
154096
154097
154098
154099
154101
154102
154103
154104
154105
154106
154107
154108
154109
154110
154111
154112
154113
154114
154115
154116
154117
154118
154119
154120
154121
154122
154123
154124
154125
154126
154127
154128
154129
154130
154131
154132
154133
154134
154135
154136
154137
154138
154139
154140
154141
154142
154143
154144
154145
154146
154147
154148
154149
154150
154151
154152
154153
154154
154155
154156
154157
154158
154159
154160
154161
154162
154163
154164
154165
154166
154167
154168
154169
154170
154171
154172
154173
154174
154175
154176
154177
154178
154179
154180
154181
154182
154183
154184
154185
154186
154187
154188
154189
154190
154191
154192
154193
154194
154195
154196
154197
154198
154199
154201
154202
154203
154204
154205
154206
154207
154208
154209
154210
154211
154212
154213
154214
154215
154216
154217
154218
154219
154220
154221
154222
154223
154224
154225
154226
154227
154228
154229
154230
154231
154232
154233
154234
154235
154236
154237
154238
154239
154240
154241
154242
154243
154244
154245
154246
154247
154248
154249
154250
154251
154252
154253
154254
154255
154256
154257
154258
154259
154260
154261
154262
154263
154264
154265
154266
154267
154268
154269
154270
154271
154272
154273
154274
154275
154276
154277
154278
154279
154280
154281
154282
154283
154284
154285
154286
154287
154288
154289
154290
154291
154292
154293
154294
154295
154296
154297
154298
154299
154301
154302
154303
154304
154305
154306
154307
154308
154309
154310
154311
154312
154313
154314
154315
154316
154317
154318
154319
154320
154321
154322
154323
154324
154325
154326
154327
154328
154329
154330
154331
154332
154333
154334
154335
154336
154337
154338
154339
154340
154341
154342
154343
154344
154345
154346
154347
154348
154349
154350
154351
154352
154353
154354
154355
154356
154357
154358
154359
154360
154361
154362
154363
154364
154365
154366
154367
154368
154369
154370
154371
154372
154373
154374
154375
154376
154377
154378
154379
154380
154381
154382
154383
154384
154385
154386
154387
154388
154389
154390
154391
154392
154393
154394
154395
154396
154397
154398
154399
154401
154402
154403
154404
154405
154406
154407
154408
154409
154410
154411
154412
154413
154414
154415
154416
154417
154418
154419
154420
154421
154422
154423
154424
154425
154426
154427
154428
154429
154430
154431
154432
154433
154434
154435
154436
154437
154438
154439
154440
154441
154442
154443
154444
154445
154446
154447
154448
154449
154450
154451
154452
154453
154454
154455
154456
154457
154458
154459
154460
154461
154462
154463
154464
154465
154466
154467
154468
154469
154470
154471
154472
154473
154474
154475
154476
154477
154478
154479
154480
154481
154482
154483
154484
154485
154486
154487
154488
154489
154490
154491
154492
154493
154494
154495
154496
154497
154498
154499
154501
154503
154505
154507
154509
154511
154513
154515
154517
154519
154521
154523
154525
154527
154529
154531
154533
154535
154537
154539
154541
154543
154545
154547
154549
154551
154553
154555
154557
154559
154561
154563
154565
154567
154569
154571
154573
154575
154577
154579
154581
154583
154585
154587
154589
154591
154593
154595
154597
249351
249352
249353
249354
249355
249356
249357
249358
249359
249360
249361
249362
249363
249364
249365
249366
249367
249368
249369
249370
249371
249372
249373
249374
249375
249376
249377
249378
249379
249380
249381
249382
249383
249384
249385
249386
249387
249388
249389
249390
249391
249392
249393
249394
249395
249396
249397
249398
249399
249400
249401
249402
249403
249404
249405
249406
249407
249408
249409
249410
249411
249412
249413
249414
249415
249416
249417
249418
249419
249420
249421
249422
249423
249424
249425
249426
249427
249428
249429
249430
249431
249432
249433
249434
249435
249436
249437
249438
249439
249440
249441
249442
249443
249444
249445
249446
249447
249448
249449
249450
249451
249452
249453
249454
249455
249456
249457
249458
249459
249460
249461
249462
249463
249464
249465
249466
249467
249468
249469
249470
249471
249472
249473
249474
249475
249476
249477
249478
249479
249480
249481
249482
249483
249484
249485
249486
249487
249488
249489
249490
249491
249492
249493
249494
249495
249496
249497
249498
249499
249500
249501
249502
249503
249504
249505
249506
249507
249508
249509
249510
249511
249512
249513
249514
249515
249516
249517
249518
249519
249520
249521
249522
249523
249524
249525
249526
249527
249528
249529
249530
249531
249532
249533
249534
249535
249536
249537
249538
249539
249540
249541
249542
249543
249544
249545
249546
249547
249548
249549
249550
249551
249552
249553
249554
249555
249556
249557
249558
249559
249560
249561
249562
249563
249564
249565
249566
249567
249568
249569
249570
249571
249572
249573
249574
249575
249576
249577
249578
249579
249580
249581
249582
249583
249584
249585
249586
249587
249588
249589
249590
249591
249592
249593
249594
249595
249596
249597
249598
249599
249600
249601
249602
249603
249604
249605
249606
249607
249608
249609
249610
249611
249612
249613
249614
249615
249616
249617
249618
249619
249620
249621
249622
249623
249624
249625
249626
249627
249628
249629
249630
249631
249632
249633
249634
249635
249636
249637
249638
249639
249640
249641
249642
249643
249644
249645
249646
249647
249648
249649
249650
249651
249652
249653
249654
249655
249656
249657
249658
249659
249660
249661
249662
249663
249664
249665
249666
249667
249668
249669
249670
249671
249672
249673
249674
249675
249676
249677
249678
249679
249680
249681
249682
249683
249684
249685
249686
249687
249688
249689
249690
249691
249692
249693
249694
249695
249696
249697
249698
249699
249700
249701
249702
249703
249704
249705
249706
249707
249708
249709
249710
249711
249712
249713
249714
249715
249716
249717
249718
249719
249720
249721
249722
249723
249724
249725
249726
249727
249728
249729
249730
249731
249732
249733
249734
249735
249736
249737
249738
249739
249740
249741
249742
249743
249744
249745
249746
249747
249748
249749
249750
249751
249752
249753
249754
249755
249756
249757
249758
249759
249760
249761
249762
249763
249764
249765
249766
249767
249768
249769
249770
249771
249772
249773
249774
249775
249776
249777
249778
249779
249780
249781
249782
249783
249784
249785
249786
249787
249788
249789
249790
249791
249792
249793
249794
249795
249796
249797
249798
249799
249800
249801
249802
249803
249804
249805
249806
249807
249808
249809
249810
249811
249812
249813
249814
249815
249816
249817
249818
249819
249820
249821
249822
249823
249824
249825
249826
249827
249828
249829
249830
249831
249832
249833
249834
249835
249836
249837
249838
249839
249840
249841
249842
249843
249844
249845
249846
249847
249848
249849
249850
249851
249852
249853
249854
249855
249856
249857
249858
249859
249860
249861
249862
249863
249864
249865
249866
249867
249868
249869
249870
249871
249872
249873
249874
249875
249876
249877
249878
249879
249880
249881
249882
249883
249884
249885
249886
249887
249888
249889
249890
249891
249892
249893
249894
249895
249896
249897
249898
249899
249900
249901
249902
249903
249904
249905
249906
249907
249908
249909
249910
249911
249912
249913
249914
249915
249916
249917
249918
249919
249920
249921
249922
249923
249924
249925
249926
249927
249928
249929
249930
249931
249932
249933
249934
249935
249936
249937
249938
249939
249940
249941
249942
249943
249944
249945
249946
249947
249948
249949
249950
249951
249952
249953
249954
249955
249956
249957
249958
249959
249960
249961
249962
249963
249964
249965
249966
249967
249968
249969
249970
249971
249972
249973
249974
249975
249976
249977
249978
249979
249980
249981
249982
249983
249984
249985
249986
249987
249988
249989
249990
249991
249992
249993
249994
249995
249996
249997
249998
249999
250000
250001
250002
250003
250004
250005
250006
250007
250008
250009
250010
250011
250012
250013
250014
250015
250016
250017
250018
250019
250020
250021
250022
250023
250024
250025
250026
250027
250028
250029
250030
250031
250032
250033
250034
250035
250036
250037
250038
250039
250040
250041
250042
250043
250044
250045
250046
250047
250048
250049
250050
250051
250052
250053
250054
250055
250056
250057
250058
250059
250060
250061
250062
250063
250064
250065
250066
250067
250068
250069
250070
250071
250072
250073
250074
250075
250076
250077
250078
250079
250080
250081
250082
250083
250084
250085
250086
250087
250088
250089
250090
250091
250092
250093
250094
250095
250096
250097
250098
250099
250100
250101
250102
250103
250104
250105
250106
250107
250108
250109
250110
250111
250112
250113
250114
250115
250116
250117
250118
250119
250120
250121
250122
250123
250124
250125
250126
250127
250128
250129
250130
250131
250132
250133
250134
250135
250136
250137
250138
250139
250140
250141
250142
250143
250144
250145
250146
250147
250148
250149
250150
250151
250152
250153
250154
250155
250156
250157
250158
250159
250160
250161
250162
250163
250164
250165
250166
250167
250168
250169
250170
250171
250172
250173
250174
250175
250176
250177
250178
250179
250180
250181
250182
250183
250184
250185
250186
250187
250188
250189
250190
250191
250192
250193
250194
250195
250196
250197
250198
250199
250200
250201
250202
250203
250204
250205
250206
250207
250208
250209
250210
250211
250212
250213
250214
250215
250216
250217
250218
250219
250220
250221
250222
250223
250224
250225
250226
250227
250228
250229
250230
250231
250232
250233
250234
250235
250236
250237
250238
250239
250240
250241
250242
250243
250244
250245
250246
250247
250248
250249
250250
250251
250252
250253
250254
250255
250256
250257
250258
250259
250260
250261
250262
250263
250264
250265
250266
250267
250268
250269
250270
250271
250272
250273
250274
250275
250276
250277
250278
250279
250280
250281
250282
250283
250284
250285
250286
250287
250288
250289
250290
250291
250292
250293
250294
250295
250296
250297
250298
250299
250300
250301
250302
250303
250304
250305
250306
250307
250308
250309
250310
250311
250312
250313
250314
250315
250316
250317
250318
250319
250320
250321
250322
250323
250324
250325
250326
250327
250328
250329
250330
250331
250332
250333
250334
250335
250336
250337
250338
250339
250340
250341
250342
250343
250344
250345
250346
250347
250348
250349
250350
250351
250352
250353
250354
250355
250356
250357
250358
250359
250360
250361
250362
250363
250364
250365
250366
250367
250368
250369
250370
250371
250372
250373
250374
250375
250376
250377
250378
250379
250380
250381
250382
250383
250384
250385
250386
250387
250388
250389
250390
250391
250392
250393
250394
250395
250396
250397
250398
250399
250400
250401
250402
250403
250404
250405
250406
250407
250408
250409
250410
250411
250412
250413
250414
250415
250416
250417
250418
250419
250420
250421
250422
250423
250424
250425
250426
250427
250428
250429
250430
250431
250432
250433
250434
250435
250436
250437
250438
250439
250440
250441
250442
250443
250444
250445
250446
250447
250448
250449
250450
250451
250452
250453
250454
250455
250456
250457
250458
250459
250460
250461
250462
250463
250464
250465
250466
250467
250468
250469
250470
250471
250472
250473
250474
250475
250476
250477
250478
250479
250480
250481
250482
250483
250484
250485
250486
250487
250488
250489
250490
250491
250492
250493
250494
250495
250496
250497
250498
250499
250500
250501
250502
250503
250504
250505
250506
250507
250508
250509
250510
250511
250512
250513
250514
250515
250516
250517
250518
250519
250520
250521
250522
250523
250524
250525
250526
250527
250528
250529
250530
250531
250532
250533
250534
250535
250536
250537
250538
250539
250540
250541
250542
250543
250544
250545
250546
250547
250548
250549
250550
250551
250552
250553
250554
250555
250556
250557
250558
250559
250560
250561
250562
250563
250564
250565
250566
250567
250568
250569
250570
250571
250572
250573
250574
250575
250576
250577
250578
250579
250580
250581
250582
250583
250584
250585
250586
250587
250588
250589
250590
250591
250592
250593
250594
250595
250596
250597
250598
250599
250600
250601
250602
250603
250604
250605
250606
250607
250608
250609
250610
250611
250612
250613
250614
250615
250616
250617
250618
250619
250620
250621
250622
250623
250624
250625
250626
250627
250628
250629
250630
250631
250632
250633
250634
250635
250636
250637
250638
250639
250640
250641
250642
250643
250644
250645
250646
250647
250648
250649
250650
250651
250652
250653
250654
250655
250656
250657
250658
250659
250660
250661
250662
250663
250664
250665
250666
250667
250668
250669
250670
250671
250672
250673
250674
250675
250676
250677
250678
250679
250680
250681
250682
250683
250684
250685
250686
250687
250688
250689
250690
250691
250692
250693
250694
250695
250696
250697
250698
250699
250700
250701
250702
250703
250704
250705
250706
250707
250708
250709
250710
250711
250712
250713
250714
250715
250716
250717
250718
250719
250720
250721
250722
250723
250724
250725
250726
250727
250728
250729
250730
250731
250732
250733
250734
250735
250736
250737
250738
250739
250740
250741
250742
250743
250744
250745
250746
250747
250748
250749
250750
250751
250752
250753
250754
250755
250756
250757
250758
250759
250760
250761
250762
250763
250764
250765
250766
250767
250768
250769
250770
250771
250772
250773
250774
250775
250776
250777
250778
250779
250780
250781
250782
250783
250784
250785
250786
250787
250788
250789
250790
250791
250792
250793
250794
250795
250796
250797
250798
250799
250800
250801
250802
250803
250804
250805
250806
250807
250808
250809
250810
250811
250812
250813
250814
250815
250816
250817
250818
250819
250820
250821
250822
250823
250824
250825
250826
250827
250828
250829
250830
250831
250832
250833
250834
250835
250836
250837
250838
250839
250840
250841
250842
250843
250844
250845
250846
250847
250848
250849
250850
250851
250852
250853
250854
250855
250856
250857
250858
250859
250860
250861
250862
250863
250864
250865
250866
250867
250868
250869
250870
250871
250872
250873
250874
250875
250876
250877
250878
250879
250880
250881
250882
250883
250884
250885
250886
250887
250888
250889
250890
250891
250892
250893
250894
250895
250896
250897
250898
250899
250900
250901
250902
250903
250904
250905
250906
250907
250908
250909
250910
250911
250912
250913
250914
250915
250916
250917
250918
250919
250920
250921
250922
250923
250924
250925
250926
250927
250928
250929
250930
250931
250932
250933
250934
250935
250936
250937
250938
250939
250940
250941
250942
250943
250944
250945
250946
250947
250948
250949
250950
250951
250952
250953
250954
250955
250956
250957
250958
250959
250960
250961
250962
250963
250964
250965
250966
250967
250968
250969
250970
250971
250972
250973
250974
250975
250976
250977
250978
250979
250980
250981
250982
250983
250984
250985
250986
250987
250988
250989
250990
250991
250992
250993
250994
250995
250996
250997
250998
250999
251000
251001
251002
251003
251004
251005
251006
251007
251008
251009
251010
251011
251012
251013
251014
251015
251016
251017
251018
251019
251020
251021
251022
251023
251024
251025
251026
251027
251028
251029
251030
251031
251032
251033
251034
251035
251036
251037
251038
251039
251040
251041
251042
251043
251044
251045
251046
251047
251048
251049
251050
251051
251052
251053
251054
251055
251056
251057
251058
251059
251060
251061
251062
251063
251064
251065
251066
251067
251068
251069
251070
251071
251072
251073
251074
251075
251076
251077
251078
251079
251080
251081
251082
251083
251084
251085
251086
251087
251088
251089
251090
251091
251092
251093
251094
251095
251096
251097
251098
251099
251100
251101
251102
251103
251104
251105
251106
251107
251108
251109
251110
251111
251112
251113
251114
251115
251116
251117
251118
251119
251120
251121
251122
251123
251124
251125
251126
251127
251128
251129
251130
251131
251132
251133
251134
251135
251136
251137
251138
251139
251140
251141
251142
251143
251144
251145
251146
251147
251148
251149
251150
251151
251152
251153
251154
251155
251156
251157
251158
251159
251160
251161
251162
251163
251164
251165
251166
251167
251168
251169
251170
251171
251172
251173
251174
251175
251176
251177
251178
251179
251180
251181
251182
251183
251184
251185
251186
251187
251188
251189
251190
251191
251192
251193
251194
251195
251196
251197
251198
251199
251200
251201
251202
251203
251204
251205
251206
251207
251208
251209
251210
251211
251212
251213
251214
251215
251216
251217
251218
251219
251220
251221
251222
251223
251224
251225
251226
251227
251228
251229
251230
251231
251232
251233
251234
251235
251236
251237
251238
251239
251240
251241
251242
251243
251244
251245
251246
251247
251248
251249
251250
251251
251252
251253
251254
251255
251256
251257
251258
251259
251260
251261
251262
251263
251264
251265
251266
251267
251268
251269
251270
251271
251272
251273
251274
251275
251276
251277
251278
251279
251280
251281
251282
251283
251284
251285
251286
251287
251288
251289
251290
251291
251292
251293
251294
251295
251296
251297
251298
251299
251300
251301
251302
251303
251304
251305
251306
251307
251308
251309
251310
251311
251312
251313
251314
251315
251316
251317
251318
251319
251320
251321
251322
251323
251324
251325
251326
251327
251328
251329
251330
251331
251332
251333
251334
251335
251336
251337
251338
251339
251340
251341
251342
251343
251344
251345
251346
251347
251348
251349
251350
251351
251352
251353
251354
251355
251356
251357
251358
251359
251360
251361
251362
251363
251364
251365
251366
251367
251368
251369
251370
251371
251372
251373
251374
251375
251376
251377
251378
251379
251380
251381
251382
251383
251384
251385
251386
251387
251388
251389
251390
251391
251392
251393
251394
251395
251396
251397
251398
251399
251400
251401
251402
251403
251404
251405
251406
251407
251408
251409
251410
251411
251412
251413
251414
251415
251416
251417
251418
251419
251420
251421
251422
251423
251424
251425
251426
251427
251428
251429
251430
251431
251432
251433
251434
251435
251436
251437
251438
251439
251440
251441
251442
251443
251444
251445
251446
251447
251448
251449
251450
251451
251452
251453
251454
251455
251456
251457
251458
251459
251460
251461
251462
251463
251464
251465
251466
251467
251468
251469
251470
251471
251472
251473
251474
251475
251476
251477
251478
251479
251480
251481
251482
251483
251484
251485
251486
251487
251488
251489
251490
251491
251492
251493
251494
251495
251496
251497
251498
251499
251500
251501
251502
251503
251504
251505
251506
251507
251508
251509
251510
251511
251512
251513
251514
251515
251516
251517
251518
251519
251520
251521
251522
251523
251524
251525
251526
251527
251528
251529
251530
251531
251532
251533
251534
251535
251536
251537
251538
251539
251540
251541
251542
251543
251544
251545
251546
251547
251548
251549
251550
251551
251552
251553
251554
251555
251556
251557
251558
251559
251560
251561
251562
251563
251564
251565
251566
251567
251568
251569
251570
251571
251572
251573
251574
251575
251576
251577
251578
251579
251580
251581
251582
251583
251584
251585
251586
251587
251588
251589
251590
251591
251592
251593
251594
251595
251596
251597
251598
251599
251600
251601
251602
251603
251604
251605
251606
251607
251608
251609
251610
251611
251612
251613
251614
251615
251616
251617
251618
251619
251620
251621
251622
251623
251624
251625
251626
251627
251628
251629
251630
251631
251632
251633
251634
251635
251636
251637
251638
251639
251640
251641
251642
251643
251644
251645
251646
251647
251648
251649
251650
251651
251652
251653
251654
251655
251656
251657
251658
251659
251660
251661
251662
251663
251664
251665
251666
251667
251668
251669
251670
251671
251672
251673
251674
251675
251676
251677
251678
251679
251680
251681
251682
251683
251684
251685
251686
251687
251688
251689
251690
251691
251692
251693
251694
251695
251696
251697
251698
251699
251700
251701
251702
251703
251704
251705
251706
251707
251708
251709
251710
251711
251712
251713
251714
251715
251716
251717
251718
251719
251720
251721
251722
251723
251724
251725
251726
251727
251728
251729
251730
251731
251732
251733
251734
251735
251736
251737
251738
251739
251740
251741
251742
251743
251744
251745
251746
251747
251748
251749
251750
251751
251752
251753
251754
251755
251756
251757
251758
251759
251760
251761
251762
251763
251764
251765
251766
251767
251768
251769
251770
251771
251772
251773
251774
251775
251776
251777
251778
251779
251780
251781
251782
251783
251784
251785
251786
251787
251788
251789
251790
251791
251792
251793
251794
251795
251796
251797
251798
251799
251800
251801
251802
251803
251804
251805
251806
251807
251808
251809
251810
251811
251812
251813
251814
251815
251816
251817
251818
251819
251820
251821
251822
251823
251824
251825
251826
251827
251828
251829
251830
251831
251832
251833
251834
251835
251836
251837
251838
251839
251840
251841
251842
251843
251844
251845
251846
251847
251848
251849
251850
336851
336852
336853
336854
336855
336856
336857
336858
336859
336860
336861
336862
336863
336864
336865
336866
336867
336868
336869
336870
336871
336872
336873
336874
336875
336876
336877
336878
336879
336880
336881
336882
336883
336884
336885
336886
336887
336888
336889
336890
336891
336892
336893
336894
336895
336896
336897
336898
336899
336900
336901
336902
336903
336904
336905
336906
336907
336908
336909
336910
336911
336912
336913
336914
336915
336916
336917
336918
336919
336920
336921
336922
336923
336924
336925
336926
336927
336928
336929
336930
336931
336932
336933
336934
336935
336936
336937
336938
336939
336940
336941
336942
336943
336944
336945
336946
336947
336948
336949
336950
336951
336952
336953
336954
336955
336956
336957
336958
336959
336960
336961
336962
336963
336964
336965
336966
336967
336968
336969
336970
336971
336972
336973
336974
336975
336976
336977
336978
336979
336980
336981
336982
336983
336984
336985
336986
336987
336988
336989
336990
336991
336992
336993
336994
336995
336996
336997
336998
336999
337000
337001
337002
337003
337004
337005
337006
337007
337008
337009
337010
337011
337012
337013
337014
337015
337016
337017
337018
337019
337020
337021
337022
337023
337024
337025
337026
337027
337028
337029
337030
337031
337032
337033
337034
337035
337036
337037
337038
337039
337040
337041
337042
337043
337044
337045
337046
337047
337048
337049
337050
337051
337052
337053
337054
337055
337056
337057
337058
337059
337060
337061
337062
337063
337064
337065
337066
337067
337068
337069
337070
337071
337072
337073
337074
337075
337076
337077
337078
337079
337080
337081
337082
337083
337084
337085
337086
337087
337088
337089
337090
337091
337092
337093
337094
337095
337096
337097
337098
337099
337100
337101
337102
337103
337104
337105
337106
337107
337108
337109
337110
337111
337112
337113
337114
337115
337116
337117
337118
337119
337120
337121
337122
337123
337124
337125
337126
337127
337128
337129
337130
337131
337132
337133
337134
337135
337136
337137
337138
337139
337140
337141
337142
337143
337144
337145
337146
337147
337148
337149
337150
337151
337152
337153
337154
337155
337156
337157
337158
337159
337160
337161
337162
337163
337164
337165
337166
337167
337168
337169
337170
337171
337172
337173
337174
337175
337176
337177
337178
337179
337180
337181
337182
337183
337184
337185
337186
337187
337188
337189
337190
337191
337192
337193
337194
337195
337196
337197
337198
337199
337200
337201
337202
337203
337204
337205
337206
337207
337208
337209
337210
337211
337212
337213
337214
337215
337216
337217
337218
337219
337220
337221
337222
337223
337224
337225
337226
337227
337228
337229
337230
337231
337232
337233
337234
337235
337236
337237
337238
337239
337240
337241
337242
337243
337244
337245
337246
337247
337248
337249
337250
337251
337252
337253
337254
337255
337256
337257
337258
337259
337260
337261
337262
337263
337264
337265
337266
337267
337268
337269
337270
337271
337272
337273
337274
337275
337276
337277
337278
337279
337280
337281
337282
337283
337284
337285
337286
337287
337288
337289
337290
337291
337292
337293
337294
337295
337296
337297
337298
337299
337300
337301
337302
337303
337304
337305
337306
337307
337308
337309
337310
337311
337312
337313
337314
337315
337316
337317
337318
337319
337320
337321
337322
337323
337324
337325
337326
337327
337328
337329
337330
337331
337332
337333
337334
337335
337336
337337
337338
337339
337340
337341
337342
337343
337344
337345
337346
337347
337348
337349
337350
337351
337352
337353
337354
337355
337356
337357
337358
337359
337360
337361
337362
337363
337364
337365
337366
337367
337368
337369
337370
337371
337372
337373
337374
337375
337376
337377
337378
337379
337380
337381
337382
337383
337384
337385
337386
337387
337388
337389
337390
337391
337392
337393
337394
337395
337396
337397
337398
337399
337400
337401
337402
337403
337404
337405
337406
337407
337408
337409
337410
337411
337412
337413
337414
337415
337416
337417
337418
337419
337420
337421
337422
337423
337424
337425
337426
337427
337428
337429
337430
337431
337432
337433
337434
337435
337436
337437
337438
337439
337440
337441
337442
337443
337444
337445
337446
337447
337448
337449
337450
337451
337452
337453
337454
337455
337456
337457
337458
337459
337460
337461
337462
337463
337464
337465
337466
337467
337468
337469
337470
337471
337472
337473
337474
337475
337476
337477
337478
337479
337480
337481
337482
337483
337484
337485
337486
337487
337488
337489
337490
337491
337492
337493
337494
337495
337496
337497
337498
337499
337500
337501
337502
337503
337504
337505
337506
337507
337508
337509
337510
337511
337512
337513
337514
337515
337516
337517
337518
337519
337520
337521
337522
337523
337524
337525
337526
337527
337528
337529
337530
337531
337532
337533
337534
337535
337536
337537
337538
337539
337540
337541
337542
337543
337544
337545
337546
337547
337548
337549
337550
337551
337552
337553
337554
337555
337556
337557
337558
337559
337560
337561
337562
337563
337564
337565
337566
337567
337568
337569
337570
337571
337572
337573
337574
337575
337576
337577
337578
337579
337580
337581
337582
337583
337584
337585
337586
337587
337588
337589
337590
337591
337592
337593
337594
337595
337596
337597
337598
337599
337600
337601
337602
337603
337604
337605
337606
337607
337608
337609
337610
337611
337612
337613
337614
337615
337616
337617
337618
337619
337620
337621
337622
337623
337624
337625
337626
337627
337628
337629
337630
337631
337632
337633
337634
337635
337636
337637
337638
337639
337640
337641
337642
337643
337644
337645
337646
337647
337648
337649
337650
337651
337652
337653
337654
337655
337656
337657
337658
337659
337660
337661
337662
337663
337664
337665
337666
337667
337668
337669
337670
337671
337672
337673
337674
337675
337676
337677
337678
337679
337680
337681
337682
337683
337684
337685
337686
337687
337688
337689
337690
337691
337692
337693
337694
337695
337696
337697
337698
337699
337700
337701
337702
337703
337704
337705
337706
337707
337708
337709
337710
337711
337712
337713
337714
337715
337716
337717
337718
337719
337720
337721
337722
337723
337724
337725
337726
337727
337728
337729
337730
337731
337732
337733
337734
337735
337736
337737
337738
337739
337740
337741
337742
337743
337744
337745
337746
337747
337748
337749
337750
337751
337752
337753
337754
337755
337756
337757
337758
337759
337760
337761
337762
337763
337764
337765
337766
337767
337768
337769
337770
337771
337772
337773
337774
337775
337776
337777
337778
337779
337780
337781
337782
337783
337784
337785
337786
337787
337788
337789
337790
337791
337792
337793
337794
337795
337796
337797
337798
337799
337800
337801
337802
337803
337804
337805
337806
337807
337808
337809
337810
337811
337812
337813
337814
337815
337816
337817
337818
337819
337820
337821
337822
337823
337824
337825
337826
337827
337828
337829
337830
337831
337832
337833
337834
337835
337836
337837
337838
337839
337840
337841
337842
337843
337844
337845
337846
337847
337848
337849
337850
337851
337852
337853
337854
337855
337856
337857
337858
337859
337860
337861
337862
337863
337864
337865
337866
337867
337868
337869
337870
337871
337872
337873
337874
337875
337876
337877
337878
337879
337880
337881
337882
337883
337884
337885
337886
337887
337888
337889
337890
337891
337892
337893
337894
337895
337896
337897
337898
337899
337900
337901
337902
337903
337904
337905
337906
337907
337908
337909
337910
337911
337912
337913
337914
337915
337916
337917
337918
337919
337920
337921
337922
337923
337924
337925
337926
337927
337928
337929
337930
337931
337932
337933
337934
337935
337936
337937
337938
337939
337940
337941
337942
337943
337944
337945
337946
337947
337948
337949
337950
337951
337952
337953
337954
337955
337956
337957
337958
337959
337960
337961
337962
337963
337964
337965
337966
337967
337968
337969
337970
337971
337972
337973
337974
337975
337976
337977
337978
337979
337980
337981
337982
337983
337984
337985
337986
337987
337988
337989
337990
337991
337992
337993
337994
337995
337996
337997
337998
337999
338000
338001
338002
338003
338004
338005
338006
338007
338008
338009
338010
338011
338012
338013
338014
338015
338016
338017
338018
338019
338020
338021
338022
338023
338024
338025
338026
338027
338028
338029
338030
338031
338032
338033
338034
338035
338036
338037
338038
338039
338040
338041
338042
338043
338044
338045
338046
338047
338048
338049
338050
338051
338052
338053
338054
338055
338056
338057
338058
338059
338060
338061
338062
338063
338064
338065
338066
338067
338068
338069
338070
338071
338072
338073
338074
338075
338076
338077
338078
338079
338080
338081
338082
338083
338084
338085
338086
338087
338088
338089
338090
338091
338092
338093
338094
338095
338096
338097
338098
338099
338100
338101
338102
338103
338104
338105
338106
338107
338108
338109
338110
338111
338112
338113
338114
338115
338116
338117
338118
338119
338120
338121
338122
338123
338124
338125
338126
338127
338128
338129
338130
338131
338132
338133
338134
338135
338136
338137
338138
338139
338140
338141
338142
338143
338144
338145
338146
338147
338148
338149
338150
338151
338152
338153
338154
338155
338156
338157
338158
338159
338160
338161
338162
338163
338164
338165
338166
338167
338168
338169
338170
338171
338172
338173
338174
338175
338176
338177
338178
338179
338180
338181
338182
338183
338184
338185
338186
338187
338188
338189
338190
338191
338192
338193
338194
338195
338196
338197
338198
338199
338200
338201
338202
338203
338204
338205
338206
338207
338208
338209
338210
338211
338212
338213
338214
338215
338216
338217
338218
338219
338220
338221
338222
338223
338224
338225
338226
338227
338228
338229
338230
338231
338232
338233
338234
338235
338236
338237
338238
338239
338240
338241
338242
338243
338244
338245
338246
338247
338248
338249
338250
338251
338252
338253
338254
338255
338256
338257
338258
338259
338260
338261
338262
338263
338264
338265
338266
338267
338268
338269
338270
338271
338272
338273
338274
338275
338276
338277
338278
338279
338280
338281
338282
338283
338284
338285
338286
338287
338288
338289
338290
338291
338292
338293
338294
338295
338296
338297
338298
338299
338300
338301
338302
338303
338304
338305
338306
338307
338308
338309
338310
338311
338312
338313
338314
338315
338316
338317
338318
338319
338320
338321
338322
338323
338324
338325
338326
338327
338328
338329
338330
338331
338332
338333
338334
338335
338336
338337
338338
338339
338340
338341
338342
338343
338344
338345
338346
338347
338348
338349
338350
338351
338352
338353
338354
338355
338356
338357
338358
338359
338360
338361
338362
338363
338364
338365
338366
338367
338368
338369
338370
338371
338372
338373
338374
338375
338376
338377
338378
338379
338380
338381
338382
338383
338384
338385
338386
338387
338388
338389
338390
338391
338392
338393
338394
338395
338396
338397
338398
338399
338400
338401
338402
338403
338404
338405
338406
338407
338408
338409
338410
338411
338412
338413
338414
338415
338416
338417
338418
338419
338420
338421
338422
338423
338424
338425
338426
338427
338428
338429
338430
338431
338432
338433
338434
338435
338436
338437
338438
338439
338440
338441
338442
338443
338444
338445
338446
338447
338448
338449
338450
338451
338452
338453
338454
338455
338456
338457
338458
338459
338460
338461
338462
338463
338464
338465
338466
338467
338468
338469
338470
338471
338472
338473
338474
338475
338476
338477
338478
338479
338480
338481
338482
338483
338484
338485
338486
338487
338488
338489
338490
338491
338492
338493
338494
338495
338496
338497
338498
338499
338500
338501
338502
338503
338504
338505
338506
338507
338508
338509
338510
338511
338512
338513
338514
338515
338516
338517
338518
338519
338520
338521
338522
338523
338524
338525
338526
338527
338528
338529
338530
338531
338532
338533
338534
338535
338536
338537
338538
338539
338540
338541
338542
338543
338544
338545
338546
338547
338548
338549
338550
338551
338552
338553
338554
338555
338556
338557
338558
338559
338560
338561
338562
338563
338564
338565
338566
338567
338568
338569
338570
338571
338572
338573
338574
338575
338576
338577
338578
338579
338580
338581
338582
338583
338584
338585
338586
338587
338588
338589
338590
338591
338592
338593
338594
338595
338596
338597
338598
338599
338600
338601
338602
338603
338604
338605
338606
338607
338608
338609
338610
338611
338612
338613
338614
338615
338616
338617
338618
338619
338620
338621
338622
338623
338624
338625
338626
338627
338628
338629
338630
338631
338632
338633
338634
338635
338636
338637
338638
338639
338640
338641
338642
338643
338644
338645
338646
338647
338648
338649
338650
338651
338652
338653
338654
338655
338656
338657
338658
338659
338660
338661
338662
338663
338664
338665
338666
338667
338668
338669
338670
338671
338672
338673
338674
338675
338676
338677
338678
338679
338680
338681
338682
338683
338684
338685
338686
338687
338688
338689
338690
338691
338692
338693
338694
338695
338696
338697
338698
338699
338700
338701
338702
338703
338704
338705
338706
338707
338708
338709
338710
338711
338712
338713
338714
338715
338716
338717
338718
338719
338720
338721
338722
338723
338724
338725
338726
338727
338728
338729
338730
338731
338732
338733
338734
338735
338736
338737
338738
338739
338740
338741
338742
338743
338744
338745
338746
338747
338748
338749
338750
338751
338752
338753
338754
338755
338756
338757
338758
338759
338760
338761
338762
338763
338764
338765
338766
338767
338768
338769
338770
338771
338772
338773
338774
338775
338776
338777
338778
338779
338780
338781
338782
338783
338784
338785
338786
338787
338788
338789
338790
338791
338792
338793
338794
338795
338796
338797
338798
338799
338800
338801
338802
338803
338804
338805
338806
338807
338808
338809
338810
338811
338812
338813
338814
338815
338816
338817
338818
338819
338820
338821
338822
338823
338824
338825
338826
338827
338828
338829
338830
338831
338832
338833
338834
338835
338836
338837
338838
338839
338840
338841
338842
338843
338844
338845
338846
338847
338848
338849
338850
338851
338852
338853
338854
338855
338856
338857
338858
338859
338860
338861
338862
338863
338864
338865
338866
338867
338868
338869
338870
338871
338872
338873
338874
338875
338876
338877
338878
338879
338880
338881
338882
338883
338884
338885
338886
338887
338888
338889
338890
338891
338892
338893
338894
338895
338896
338897
338898
338899
338900
338901
338902
338903
338904
338905
338906
338907
338908
338909
338910
338911
338912
338913
338914
338915
338916
338917
338918
338919
338920
338921
338922
338923
338924
338925
338926
338927
338928
338929
338930
338931
338932
338933
338934
338935
338936
338937
338938
338939
338940
338941
338942
338943
338944
338945
338946
338947
338948
338949
338950
338951
338952
338953
338954
338955
338956
338957
338958
338959
338960
338961
338962
338963
338964
338965
338966
338967
338968
338969
338970
338971
338972
338973
338974
338975
338976
338977
338978
338979
338980
338981
338982
338983
338984
338985
338986
338987
338988
338989
338990
338991
338992
338993
338994
338995
338996
338997
338998
338999
339000
339001
339002
339003
339004
339005
339006
339007
339008
339009
339010
339011
339012
339013
339014
339015
339016
339017
339018
339019
339020
339021
339022
339023
339024
339025
339026
339027
339028
339029
339030
339031
339032
339033
339034
339035
339036
339037
339038
339039
339040
339041
339042
339043
339044
339045
339046
339047
339048
339049
339050
339051
339052
339053
339054
339055
339056
339057
339058
339059
339060
339061
339062
339063
339064
339065
339066
339067
339068
339069
339070
339071
339072
339073
339074
339075
339076
339077
339078
339079
339080
339081
339082
339083
339084
339085
339086
339087
339088
339089
339090
339091
339092
339093
339094
339095
339096
339097
339098
339099
339100
339101
339102
339103
339104
339105
339106
339107
339108
339109
339110
339111
339112
339113
339114
339115
339116
339117
339118
339119
339120
339121
339122
339123
339124
339125
339126
339127
339128
339129
339130
339131
339132
339133
339134
339135
339136
339137
339138
339139
339140
339141
339142
339143
339144
339145
339146
339147
339148
339149
339150
339151
339152
339153
339154
339155
339156
339157
339158
339159
339160
339161
339162
339163
339164
339165
339166
339167
339168
339169
339170
339171
339172
339173
339174
339175
339176
339177
339178
339179
339180
339181
339182
339183
339184
339185
339186
339187
339188
339189
339190
339191
339192
339193
339194
339195
339196
339197
339198
339199
339200
339201
339202
339203
339204
339205
339206
339207
339208
339209
339210
339211
339212
339213
339214
339215
339216
339217
339218
339219
339220
339221
339222
339223
339224
339225
339226
339227
339228
339229
339230
339231
339232
339233
339234
339235
339236
339237
339238
339239
339240
339241
339242
339243
339244
339245
339246
339247
339248
339249
339250
339251
339252
339253
339254
339255
339256
339257
339258
339259
339260
339261
339262
339263
339264
339265
339266
339267
339268
339269
339270
339271
339272
339273
339274
339275
339276
339277
339278
339279
339280
339281
339282
339283
339284
339285
339286
339287
339288
339289
339290
339291
339292
339293
339294
339295
339296
339297
339298
339299
339300
339301
339302
339303
339304
339305
339306
339307
339308
339309
339310
339311
339312
339313
339314
339315
339316
339317
339318
339319
339320
339321
339322
339323
339324
339325
339326
339327
339328
339329
339330
339331
339332
339333
339334
339335
339336
339337
339338
339339
339340
339341
339342
339343
339344
339345
339346
339347
339348
339349
339350
-144700
-144800
-144900
-145000
-145100
-145200
-145300
-145400
-145500
-145600
-145700
-145800
-145900
-146000
-146100
-146200
-146300
-146400
-146500
-146600
-146700
-146800
-146900
-147000
-147100
-147200
-147300
-147400
-147500
-147600
-147700
-147800
-147900
-148000
-148100
-148200
-148300
-148400
-148500
-148600
-148700
-148800
-148900
-149000
-149100
-149200
-149300
-149400
-149500
-149599
-134602
-134604
-134606
-134608
-134610
-134612
-134614
-134616
-134618
-134620
-134622
-134624
-134626
-134628
-134630
-134632
-134634
-134636
-134638
-134640
-134642
-134644
-134646
-134648
-134650
-134652
-134654
-134656
-134658
-134660
-134662
-134664
-134666
-134668
-134670
-134672
-134674
-134676
-134678
-134680
-134682
-134684
-134686
-134688
-134690
-134692
-134694
-134696
-134698
-134700
154502
154504
154506
154508
154510
154512
154514
154516
154518
154520
154522
154524
154526
154528
154530
154532
154534
154536
154538
154540
154542
154544
154546
154548
154550
154552
154554
154556
154558
154560
154562
154564
154566
154568
154570
154572
154574
154576
154578
154580
154582
154584
154586
154588
154590
154592
154594
154596
154598
154600
149700
149800
149900
150000
150100
150200
150300
150400
150500
150600
150700
150800
150900
151000
151100
151200
151300
151400
151500
151600
151700
151800
151900
152000
152100
152200
152300
152400
152500
152600
152700
152800
152900
153000
153100
153200
153300
153400
153500
153600
153700
153800
153900
154000
154100
154200
154300
154400
154500
154599
)


// ************************************************************************* //
