/*--------------------------------*- C++ -*----------------------------------*\
| =========                 |                                                 |
| \\      /  F ield         | OpenFOAM: The Open Source CFD Toolbox           |
|  \\    /   O peration     | Version:  v1906                                 |
|   \\  /    A nd           | Web:      www.OpenFOAM.com                      |
|    \\/     M anipulation  |                                                 |
\*---------------------------------------------------------------------------*/
FoamFile
{
    version     2.0;
    format      ascii;
    class       labelList;
    location    "constant/cra5/polyMesh";
    object      faceRegionAddressing;
}
// * * * * * * * * * * * * * * * * * * * * * * * * * * * * * * * * * * * * * //


10100
(
24951
24952
24953
24954
24955
24956
24957
24958
24959
24960
24961
24962
24963
24964
24965
24966
24967
24968
24969
24970
24971
24972
24973
24974
24975
24976
24977
24978
24979
24980
24981
24982
24983
24984
24985
24986
24987
24988
24989
24990
24991
24992
24993
24994
24995
24996
24997
24998
24999
25000
25001
25002
25003
25004
25005
25006
25007
25008
25009
25010
25011
25012
25013
25014
25015
25016
25017
25018
25019
25020
25021
25022
25023
25024
25025
25026
25027
25028
25029
25030
25031
25032
25033
25034
25035
25036
25037
25038
25039
25040
25041
25042
25043
25044
25045
25046
25047
25048
25049
25051
25052
25053
25054
25055
25056
25057
25058
25059
25060
25061
25062
25063
25064
25065
25066
25067
25068
25069
25070
25071
25072
25073
25074
25075
25076
25077
25078
25079
25080
25081
25082
25083
25084
25085
25086
25087
25088
25089
25090
25091
25092
25093
25094
25095
25096
25097
25098
25099
25100
25101
25102
25103
25104
25105
25106
25107
25108
25109
25110
25111
25112
25113
25114
25115
25116
25117
25118
25119
25120
25121
25122
25123
25124
25125
25126
25127
25128
25129
25130
25131
25132
25133
25134
25135
25136
25137
25138
25139
25140
25141
25142
25143
25144
25145
25146
25147
25148
25149
25151
25152
25153
25154
25155
25156
25157
25158
25159
25160
25161
25162
25163
25164
25165
25166
25167
25168
25169
25170
25171
25172
25173
25174
25175
25176
25177
25178
25179
25180
25181
25182
25183
25184
25185
25186
25187
25188
25189
25190
25191
25192
25193
25194
25195
25196
25197
25198
25199
25200
25201
25202
25203
25204
25205
25206
25207
25208
25209
25210
25211
25212
25213
25214
25215
25216
25217
25218
25219
25220
25221
25222
25223
25224
25225
25226
25227
25228
25229
25230
25231
25232
25233
25234
25235
25236
25237
25238
25239
25240
25241
25242
25243
25244
25245
25246
25247
25248
25249
25251
25252
25253
25254
25255
25256
25257
25258
25259
25260
25261
25262
25263
25264
25265
25266
25267
25268
25269
25270
25271
25272
25273
25274
25275
25276
25277
25278
25279
25280
25281
25282
25283
25284
25285
25286
25287
25288
25289
25290
25291
25292
25293
25294
25295
25296
25297
25298
25299
25300
25301
25302
25303
25304
25305
25306
25307
25308
25309
25310
25311
25312
25313
25314
25315
25316
25317
25318
25319
25320
25321
25322
25323
25324
25325
25326
25327
25328
25329
25330
25331
25332
25333
25334
25335
25336
25337
25338
25339
25340
25341
25342
25343
25344
25345
25346
25347
25348
25349
25351
25352
25353
25354
25355
25356
25357
25358
25359
25360
25361
25362
25363
25364
25365
25366
25367
25368
25369
25370
25371
25372
25373
25374
25375
25376
25377
25378
25379
25380
25381
25382
25383
25384
25385
25386
25387
25388
25389
25390
25391
25392
25393
25394
25395
25396
25397
25398
25399
25400
25401
25402
25403
25404
25405
25406
25407
25408
25409
25410
25411
25412
25413
25414
25415
25416
25417
25418
25419
25420
25421
25422
25423
25424
25425
25426
25427
25428
25429
25430
25431
25432
25433
25434
25435
25436
25437
25438
25439
25440
25441
25442
25443
25444
25445
25446
25447
25448
25449
25451
25452
25453
25454
25455
25456
25457
25458
25459
25460
25461
25462
25463
25464
25465
25466
25467
25468
25469
25470
25471
25472
25473
25474
25475
25476
25477
25478
25479
25480
25481
25482
25483
25484
25485
25486
25487
25488
25489
25490
25491
25492
25493
25494
25495
25496
25497
25498
25499
25500
25501
25502
25503
25504
25505
25506
25507
25508
25509
25510
25511
25512
25513
25514
25515
25516
25517
25518
25519
25520
25521
25522
25523
25524
25525
25526
25527
25528
25529
25530
25531
25532
25533
25534
25535
25536
25537
25538
25539
25540
25541
25542
25543
25544
25545
25546
25547
25548
25549
25551
25552
25553
25554
25555
25556
25557
25558
25559
25560
25561
25562
25563
25564
25565
25566
25567
25568
25569
25570
25571
25572
25573
25574
25575
25576
25577
25578
25579
25580
25581
25582
25583
25584
25585
25586
25587
25588
25589
25590
25591
25592
25593
25594
25595
25596
25597
25598
25599
25600
25601
25602
25603
25604
25605
25606
25607
25608
25609
25610
25611
25612
25613
25614
25615
25616
25617
25618
25619
25620
25621
25622
25623
25624
25625
25626
25627
25628
25629
25630
25631
25632
25633
25634
25635
25636
25637
25638
25639
25640
25641
25642
25643
25644
25645
25646
25647
25648
25649
25651
25652
25653
25654
25655
25656
25657
25658
25659
25660
25661
25662
25663
25664
25665
25666
25667
25668
25669
25670
25671
25672
25673
25674
25675
25676
25677
25678
25679
25680
25681
25682
25683
25684
25685
25686
25687
25688
25689
25690
25691
25692
25693
25694
25695
25696
25697
25698
25699
25700
25701
25702
25703
25704
25705
25706
25707
25708
25709
25710
25711
25712
25713
25714
25715
25716
25717
25718
25719
25720
25721
25722
25723
25724
25725
25726
25727
25728
25729
25730
25731
25732
25733
25734
25735
25736
25737
25738
25739
25740
25741
25742
25743
25744
25745
25746
25747
25748
25749
25751
25752
25753
25754
25755
25756
25757
25758
25759
25760
25761
25762
25763
25764
25765
25766
25767
25768
25769
25770
25771
25772
25773
25774
25775
25776
25777
25778
25779
25780
25781
25782
25783
25784
25785
25786
25787
25788
25789
25790
25791
25792
25793
25794
25795
25796
25797
25798
25799
25800
25801
25802
25803
25804
25805
25806
25807
25808
25809
25810
25811
25812
25813
25814
25815
25816
25817
25818
25819
25820
25821
25822
25823
25824
25825
25826
25827
25828
25829
25830
25831
25832
25833
25834
25835
25836
25837
25838
25839
25840
25841
25842
25843
25844
25845
25846
25847
25848
25849
25851
25852
25853
25854
25855
25856
25857
25858
25859
25860
25861
25862
25863
25864
25865
25866
25867
25868
25869
25870
25871
25872
25873
25874
25875
25876
25877
25878
25879
25880
25881
25882
25883
25884
25885
25886
25887
25888
25889
25890
25891
25892
25893
25894
25895
25896
25897
25898
25899
25900
25901
25902
25903
25904
25905
25906
25907
25908
25909
25910
25911
25912
25913
25914
25915
25916
25917
25918
25919
25920
25921
25922
25923
25924
25925
25926
25927
25928
25929
25930
25931
25932
25933
25934
25935
25936
25937
25938
25939
25940
25941
25942
25943
25944
25945
25946
25947
25948
25949
25951
25952
25953
25954
25955
25956
25957
25958
25959
25960
25961
25962
25963
25964
25965
25966
25967
25968
25969
25970
25971
25972
25973
25974
25975
25976
25977
25978
25979
25980
25981
25982
25983
25984
25985
25986
25987
25988
25989
25990
25991
25992
25993
25994
25995
25996
25997
25998
25999
26000
26001
26002
26003
26004
26005
26006
26007
26008
26009
26010
26011
26012
26013
26014
26015
26016
26017
26018
26019
26020
26021
26022
26023
26024
26025
26026
26027
26028
26029
26030
26031
26032
26033
26034
26035
26036
26037
26038
26039
26040
26041
26042
26043
26044
26045
26046
26047
26048
26049
26051
26052
26053
26054
26055
26056
26057
26058
26059
26060
26061
26062
26063
26064
26065
26066
26067
26068
26069
26070
26071
26072
26073
26074
26075
26076
26077
26078
26079
26080
26081
26082
26083
26084
26085
26086
26087
26088
26089
26090
26091
26092
26093
26094
26095
26096
26097
26098
26099
26100
26101
26102
26103
26104
26105
26106
26107
26108
26109
26110
26111
26112
26113
26114
26115
26116
26117
26118
26119
26120
26121
26122
26123
26124
26125
26126
26127
26128
26129
26130
26131
26132
26133
26134
26135
26136
26137
26138
26139
26140
26141
26142
26143
26144
26145
26146
26147
26148
26149
26151
26152
26153
26154
26155
26156
26157
26158
26159
26160
26161
26162
26163
26164
26165
26166
26167
26168
26169
26170
26171
26172
26173
26174
26175
26176
26177
26178
26179
26180
26181
26182
26183
26184
26185
26186
26187
26188
26189
26190
26191
26192
26193
26194
26195
26196
26197
26198
26199
26200
26201
26202
26203
26204
26205
26206
26207
26208
26209
26210
26211
26212
26213
26214
26215
26216
26217
26218
26219
26220
26221
26222
26223
26224
26225
26226
26227
26228
26229
26230
26231
26232
26233
26234
26235
26236
26237
26238
26239
26240
26241
26242
26243
26244
26245
26246
26247
26248
26249
26251
26252
26253
26254
26255
26256
26257
26258
26259
26260
26261
26262
26263
26264
26265
26266
26267
26268
26269
26270
26271
26272
26273
26274
26275
26276
26277
26278
26279
26280
26281
26282
26283
26284
26285
26286
26287
26288
26289
26290
26291
26292
26293
26294
26295
26296
26297
26298
26299
26300
26301
26302
26303
26304
26305
26306
26307
26308
26309
26310
26311
26312
26313
26314
26315
26316
26317
26318
26319
26320
26321
26322
26323
26324
26325
26326
26327
26328
26329
26330
26331
26332
26333
26334
26335
26336
26337
26338
26339
26340
26341
26342
26343
26344
26345
26346
26347
26348
26349
26351
26352
26353
26354
26355
26356
26357
26358
26359
26360
26361
26362
26363
26364
26365
26366
26367
26368
26369
26370
26371
26372
26373
26374
26375
26376
26377
26378
26379
26380
26381
26382
26383
26384
26385
26386
26387
26388
26389
26390
26391
26392
26393
26394
26395
26396
26397
26398
26399
26400
26401
26402
26403
26404
26405
26406
26407
26408
26409
26410
26411
26412
26413
26414
26415
26416
26417
26418
26419
26420
26421
26422
26423
26424
26425
26426
26427
26428
26429
26430
26431
26432
26433
26434
26435
26436
26437
26438
26439
26440
26441
26442
26443
26444
26445
26446
26447
26448
26449
26451
26452
26453
26454
26455
26456
26457
26458
26459
26460
26461
26462
26463
26464
26465
26466
26467
26468
26469
26470
26471
26472
26473
26474
26475
26476
26477
26478
26479
26480
26481
26482
26483
26484
26485
26486
26487
26488
26489
26490
26491
26492
26493
26494
26495
26496
26497
26498
26499
26500
26501
26502
26503
26504
26505
26506
26507
26508
26509
26510
26511
26512
26513
26514
26515
26516
26517
26518
26519
26520
26521
26522
26523
26524
26525
26526
26527
26528
26529
26530
26531
26532
26533
26534
26535
26536
26537
26538
26539
26540
26541
26542
26543
26544
26545
26546
26547
26548
26549
26551
26552
26553
26554
26555
26556
26557
26558
26559
26560
26561
26562
26563
26564
26565
26566
26567
26568
26569
26570
26571
26572
26573
26574
26575
26576
26577
26578
26579
26580
26581
26582
26583
26584
26585
26586
26587
26588
26589
26590
26591
26592
26593
26594
26595
26596
26597
26598
26599
26600
26601
26602
26603
26604
26605
26606
26607
26608
26609
26610
26611
26612
26613
26614
26615
26616
26617
26618
26619
26620
26621
26622
26623
26624
26625
26626
26627
26628
26629
26630
26631
26632
26633
26634
26635
26636
26637
26638
26639
26640
26641
26642
26643
26644
26645
26646
26647
26648
26649
26651
26652
26653
26654
26655
26656
26657
26658
26659
26660
26661
26662
26663
26664
26665
26666
26667
26668
26669
26670
26671
26672
26673
26674
26675
26676
26677
26678
26679
26680
26681
26682
26683
26684
26685
26686
26687
26688
26689
26690
26691
26692
26693
26694
26695
26696
26697
26698
26699
26700
26701
26702
26703
26704
26705
26706
26707
26708
26709
26710
26711
26712
26713
26714
26715
26716
26717
26718
26719
26720
26721
26722
26723
26724
26725
26726
26727
26728
26729
26730
26731
26732
26733
26734
26735
26736
26737
26738
26739
26740
26741
26742
26743
26744
26745
26746
26747
26748
26749
26751
26752
26753
26754
26755
26756
26757
26758
26759
26760
26761
26762
26763
26764
26765
26766
26767
26768
26769
26770
26771
26772
26773
26774
26775
26776
26777
26778
26779
26780
26781
26782
26783
26784
26785
26786
26787
26788
26789
26790
26791
26792
26793
26794
26795
26796
26797
26798
26799
26800
26801
26802
26803
26804
26805
26806
26807
26808
26809
26810
26811
26812
26813
26814
26815
26816
26817
26818
26819
26820
26821
26822
26823
26824
26825
26826
26827
26828
26829
26830
26831
26832
26833
26834
26835
26836
26837
26838
26839
26840
26841
26842
26843
26844
26845
26846
26847
26848
26849
26851
26852
26853
26854
26855
26856
26857
26858
26859
26860
26861
26862
26863
26864
26865
26866
26867
26868
26869
26870
26871
26872
26873
26874
26875
26876
26877
26878
26879
26880
26881
26882
26883
26884
26885
26886
26887
26888
26889
26890
26891
26892
26893
26894
26895
26896
26897
26898
26899
26900
26901
26902
26903
26904
26905
26906
26907
26908
26909
26910
26911
26912
26913
26914
26915
26916
26917
26918
26919
26920
26921
26922
26923
26924
26925
26926
26927
26928
26929
26930
26931
26932
26933
26934
26935
26936
26937
26938
26939
26940
26941
26942
26943
26944
26945
26946
26947
26948
26949
26951
26952
26953
26954
26955
26956
26957
26958
26959
26960
26961
26962
26963
26964
26965
26966
26967
26968
26969
26970
26971
26972
26973
26974
26975
26976
26977
26978
26979
26980
26981
26982
26983
26984
26985
26986
26987
26988
26989
26990
26991
26992
26993
26994
26995
26996
26997
26998
26999
27000
27001
27002
27003
27004
27005
27006
27007
27008
27009
27010
27011
27012
27013
27014
27015
27016
27017
27018
27019
27020
27021
27022
27023
27024
27025
27026
27027
27028
27029
27030
27031
27032
27033
27034
27035
27036
27037
27038
27039
27040
27041
27042
27043
27044
27045
27046
27047
27048
27049
27051
27052
27053
27054
27055
27056
27057
27058
27059
27060
27061
27062
27063
27064
27065
27066
27067
27068
27069
27070
27071
27072
27073
27074
27075
27076
27077
27078
27079
27080
27081
27082
27083
27084
27085
27086
27087
27088
27089
27090
27091
27092
27093
27094
27095
27096
27097
27098
27099
27100
27101
27102
27103
27104
27105
27106
27107
27108
27109
27110
27111
27112
27113
27114
27115
27116
27117
27118
27119
27120
27121
27122
27123
27124
27125
27126
27127
27128
27129
27130
27131
27132
27133
27134
27135
27136
27137
27138
27139
27140
27141
27142
27143
27144
27145
27146
27147
27148
27149
27151
27152
27153
27154
27155
27156
27157
27158
27159
27160
27161
27162
27163
27164
27165
27166
27167
27168
27169
27170
27171
27172
27173
27174
27175
27176
27177
27178
27179
27180
27181
27182
27183
27184
27185
27186
27187
27188
27189
27190
27191
27192
27193
27194
27195
27196
27197
27198
27199
27200
27201
27202
27203
27204
27205
27206
27207
27208
27209
27210
27211
27212
27213
27214
27215
27216
27217
27218
27219
27220
27221
27222
27223
27224
27225
27226
27227
27228
27229
27230
27231
27232
27233
27234
27235
27236
27237
27238
27239
27240
27241
27242
27243
27244
27245
27246
27247
27248
27249
27251
27252
27253
27254
27255
27256
27257
27258
27259
27260
27261
27262
27263
27264
27265
27266
27267
27268
27269
27270
27271
27272
27273
27274
27275
27276
27277
27278
27279
27280
27281
27282
27283
27284
27285
27286
27287
27288
27289
27290
27291
27292
27293
27294
27295
27296
27297
27298
27299
27300
27301
27302
27303
27304
27305
27306
27307
27308
27309
27310
27311
27312
27313
27314
27315
27316
27317
27318
27319
27320
27321
27322
27323
27324
27325
27326
27327
27328
27329
27330
27331
27332
27333
27334
27335
27336
27337
27338
27339
27340
27341
27342
27343
27344
27345
27346
27347
27348
27349
27351
27352
27353
27354
27355
27356
27357
27358
27359
27360
27361
27362
27363
27364
27365
27366
27367
27368
27369
27370
27371
27372
27373
27374
27375
27376
27377
27378
27379
27380
27381
27382
27383
27384
27385
27386
27387
27388
27389
27390
27391
27392
27393
27394
27395
27396
27397
27398
27399
27400
27401
27402
27403
27404
27405
27406
27407
27408
27409
27410
27411
27412
27413
27414
27415
27416
27417
27418
27419
27420
27421
27422
27423
27424
27425
27426
27427
27428
27429
27430
27431
27432
27433
27434
27435
27436
27437
27438
27439
27440
27441
27442
27443
27444
27445
27446
27447
27448
27449
27451
27452
27453
27454
27455
27456
27457
27458
27459
27460
27461
27462
27463
27464
27465
27466
27467
27468
27469
27470
27471
27472
27473
27474
27475
27476
27477
27478
27479
27480
27481
27482
27483
27484
27485
27486
27487
27488
27489
27490
27491
27492
27493
27494
27495
27496
27497
27498
27499
27500
27501
27502
27503
27504
27505
27506
27507
27508
27509
27510
27511
27512
27513
27514
27515
27516
27517
27518
27519
27520
27521
27522
27523
27524
27525
27526
27527
27528
27529
27530
27531
27532
27533
27534
27535
27536
27537
27538
27539
27540
27541
27542
27543
27544
27545
27546
27547
27548
27549
27551
27552
27553
27554
27555
27556
27557
27558
27559
27560
27561
27562
27563
27564
27565
27566
27567
27568
27569
27570
27571
27572
27573
27574
27575
27576
27577
27578
27579
27580
27581
27582
27583
27584
27585
27586
27587
27588
27589
27590
27591
27592
27593
27594
27595
27596
27597
27598
27599
27600
27601
27602
27603
27604
27605
27606
27607
27608
27609
27610
27611
27612
27613
27614
27615
27616
27617
27618
27619
27620
27621
27622
27623
27624
27625
27626
27627
27628
27629
27630
27631
27632
27633
27634
27635
27636
27637
27638
27639
27640
27641
27642
27643
27644
27645
27646
27647
27648
27649
27651
27652
27653
27654
27655
27656
27657
27658
27659
27660
27661
27662
27663
27664
27665
27666
27667
27668
27669
27670
27671
27672
27673
27674
27675
27676
27677
27678
27679
27680
27681
27682
27683
27684
27685
27686
27687
27688
27689
27690
27691
27692
27693
27694
27695
27696
27697
27698
27699
27700
27701
27702
27703
27704
27705
27706
27707
27708
27709
27710
27711
27712
27713
27714
27715
27716
27717
27718
27719
27720
27721
27722
27723
27724
27725
27726
27727
27728
27729
27730
27731
27732
27733
27734
27735
27736
27737
27738
27739
27740
27741
27742
27743
27744
27745
27746
27747
27748
27749
27751
27752
27753
27754
27755
27756
27757
27758
27759
27760
27761
27762
27763
27764
27765
27766
27767
27768
27769
27770
27771
27772
27773
27774
27775
27776
27777
27778
27779
27780
27781
27782
27783
27784
27785
27786
27787
27788
27789
27790
27791
27792
27793
27794
27795
27796
27797
27798
27799
27800
27801
27802
27803
27804
27805
27806
27807
27808
27809
27810
27811
27812
27813
27814
27815
27816
27817
27818
27819
27820
27821
27822
27823
27824
27825
27826
27827
27828
27829
27830
27831
27832
27833
27834
27835
27836
27837
27838
27839
27840
27841
27842
27843
27844
27845
27846
27847
27848
27849
27851
27852
27853
27854
27855
27856
27857
27858
27859
27860
27861
27862
27863
27864
27865
27866
27867
27868
27869
27870
27871
27872
27873
27874
27875
27876
27877
27878
27879
27880
27881
27882
27883
27884
27885
27886
27887
27888
27889
27890
27891
27892
27893
27894
27895
27896
27897
27898
27899
27900
27901
27902
27903
27904
27905
27906
27907
27908
27909
27910
27911
27912
27913
27914
27915
27916
27917
27918
27919
27920
27921
27922
27923
27924
27925
27926
27927
27928
27929
27930
27931
27932
27933
27934
27935
27936
27937
27938
27939
27940
27941
27942
27943
27944
27945
27946
27947
27948
27949
27951
27952
27953
27954
27955
27956
27957
27958
27959
27960
27961
27962
27963
27964
27965
27966
27967
27968
27969
27970
27971
27972
27973
27974
27975
27976
27977
27978
27979
27980
27981
27982
27983
27984
27985
27986
27987
27988
27989
27990
27991
27992
27993
27994
27995
27996
27997
27998
27999
28000
28001
28002
28003
28004
28005
28006
28007
28008
28009
28010
28011
28012
28013
28014
28015
28016
28017
28018
28019
28020
28021
28022
28023
28024
28025
28026
28027
28028
28029
28030
28031
28032
28033
28034
28035
28036
28037
28038
28039
28040
28041
28042
28043
28044
28045
28046
28047
28048
28049
28051
28052
28053
28054
28055
28056
28057
28058
28059
28060
28061
28062
28063
28064
28065
28066
28067
28068
28069
28070
28071
28072
28073
28074
28075
28076
28077
28078
28079
28080
28081
28082
28083
28084
28085
28086
28087
28088
28089
28090
28091
28092
28093
28094
28095
28096
28097
28098
28099
28100
28101
28102
28103
28104
28105
28106
28107
28108
28109
28110
28111
28112
28113
28114
28115
28116
28117
28118
28119
28120
28121
28122
28123
28124
28125
28126
28127
28128
28129
28130
28131
28132
28133
28134
28135
28136
28137
28138
28139
28140
28141
28142
28143
28144
28145
28146
28147
28148
28149
28151
28152
28153
28154
28155
28156
28157
28158
28159
28160
28161
28162
28163
28164
28165
28166
28167
28168
28169
28170
28171
28172
28173
28174
28175
28176
28177
28178
28179
28180
28181
28182
28183
28184
28185
28186
28187
28188
28189
28190
28191
28192
28193
28194
28195
28196
28197
28198
28199
28200
28201
28202
28203
28204
28205
28206
28207
28208
28209
28210
28211
28212
28213
28214
28215
28216
28217
28218
28219
28220
28221
28222
28223
28224
28225
28226
28227
28228
28229
28230
28231
28232
28233
28234
28235
28236
28237
28238
28239
28240
28241
28242
28243
28244
28245
28246
28247
28248
28249
28251
28252
28253
28254
28255
28256
28257
28258
28259
28260
28261
28262
28263
28264
28265
28266
28267
28268
28269
28270
28271
28272
28273
28274
28275
28276
28277
28278
28279
28280
28281
28282
28283
28284
28285
28286
28287
28288
28289
28290
28291
28292
28293
28294
28295
28296
28297
28298
28299
28300
28301
28302
28303
28304
28305
28306
28307
28308
28309
28310
28311
28312
28313
28314
28315
28316
28317
28318
28319
28320
28321
28322
28323
28324
28325
28326
28327
28328
28329
28330
28331
28332
28333
28334
28335
28336
28337
28338
28339
28340
28341
28342
28343
28344
28345
28346
28347
28348
28349
28351
28352
28353
28354
28355
28356
28357
28358
28359
28360
28361
28362
28363
28364
28365
28366
28367
28368
28369
28370
28371
28372
28373
28374
28375
28376
28377
28378
28379
28380
28381
28382
28383
28384
28385
28386
28387
28388
28389
28390
28391
28392
28393
28394
28395
28396
28397
28398
28399
28400
28401
28402
28403
28404
28405
28406
28407
28408
28409
28410
28411
28412
28413
28414
28415
28416
28417
28418
28419
28420
28421
28422
28423
28424
28425
28426
28427
28428
28429
28430
28431
28432
28433
28434
28435
28436
28437
28438
28439
28440
28441
28442
28443
28444
28445
28446
28447
28448
28449
28451
28452
28453
28454
28455
28456
28457
28458
28459
28460
28461
28462
28463
28464
28465
28466
28467
28468
28469
28470
28471
28472
28473
28474
28475
28476
28477
28478
28479
28480
28481
28482
28483
28484
28485
28486
28487
28488
28489
28490
28491
28492
28493
28494
28495
28496
28497
28498
28499
28500
28501
28502
28503
28504
28505
28506
28507
28508
28509
28510
28511
28512
28513
28514
28515
28516
28517
28518
28519
28520
28521
28522
28523
28524
28525
28526
28527
28528
28529
28530
28531
28532
28533
28534
28535
28536
28537
28538
28539
28540
28541
28542
28543
28544
28545
28546
28547
28548
28549
28551
28552
28553
28554
28555
28556
28557
28558
28559
28560
28561
28562
28563
28564
28565
28566
28567
28568
28569
28570
28571
28572
28573
28574
28575
28576
28577
28578
28579
28580
28581
28582
28583
28584
28585
28586
28587
28588
28589
28590
28591
28592
28593
28594
28595
28596
28597
28598
28599
28600
28601
28602
28603
28604
28605
28606
28607
28608
28609
28610
28611
28612
28613
28614
28615
28616
28617
28618
28619
28620
28621
28622
28623
28624
28625
28626
28627
28628
28629
28630
28631
28632
28633
28634
28635
28636
28637
28638
28639
28640
28641
28642
28643
28644
28645
28646
28647
28648
28649
28651
28652
28653
28654
28655
28656
28657
28658
28659
28660
28661
28662
28663
28664
28665
28666
28667
28668
28669
28670
28671
28672
28673
28674
28675
28676
28677
28678
28679
28680
28681
28682
28683
28684
28685
28686
28687
28688
28689
28690
28691
28692
28693
28694
28695
28696
28697
28698
28699
28700
28701
28702
28703
28704
28705
28706
28707
28708
28709
28710
28711
28712
28713
28714
28715
28716
28717
28718
28719
28720
28721
28722
28723
28724
28725
28726
28727
28728
28729
28730
28731
28732
28733
28734
28735
28736
28737
28738
28739
28740
28741
28742
28743
28744
28745
28746
28747
28748
28749
28751
28752
28753
28754
28755
28756
28757
28758
28759
28760
28761
28762
28763
28764
28765
28766
28767
28768
28769
28770
28771
28772
28773
28774
28775
28776
28777
28778
28779
28780
28781
28782
28783
28784
28785
28786
28787
28788
28789
28790
28791
28792
28793
28794
28795
28796
28797
28798
28799
28800
28801
28802
28803
28804
28805
28806
28807
28808
28809
28810
28811
28812
28813
28814
28815
28816
28817
28818
28819
28820
28821
28822
28823
28824
28825
28826
28827
28828
28829
28830
28831
28832
28833
28834
28835
28836
28837
28838
28839
28840
28841
28842
28843
28844
28845
28846
28847
28848
28849
28851
28852
28853
28854
28855
28856
28857
28858
28859
28860
28861
28862
28863
28864
28865
28866
28867
28868
28869
28870
28871
28872
28873
28874
28875
28876
28877
28878
28879
28880
28881
28882
28883
28884
28885
28886
28887
28888
28889
28890
28891
28892
28893
28894
28895
28896
28897
28898
28899
28900
28901
28902
28903
28904
28905
28906
28907
28908
28909
28910
28911
28912
28913
28914
28915
28916
28917
28918
28919
28920
28921
28922
28923
28924
28925
28926
28927
28928
28929
28930
28931
28932
28933
28934
28935
28936
28937
28938
28939
28940
28941
28942
28943
28944
28945
28946
28947
28948
28949
28951
28952
28953
28954
28955
28956
28957
28958
28959
28960
28961
28962
28963
28964
28965
28966
28967
28968
28969
28970
28971
28972
28973
28974
28975
28976
28977
28978
28979
28980
28981
28982
28983
28984
28985
28986
28987
28988
28989
28990
28991
28992
28993
28994
28995
28996
28997
28998
28999
29000
29001
29002
29003
29004
29005
29006
29007
29008
29009
29010
29011
29012
29013
29014
29015
29016
29017
29018
29019
29020
29021
29022
29023
29024
29025
29026
29027
29028
29029
29030
29031
29032
29033
29034
29035
29036
29037
29038
29039
29040
29041
29042
29043
29044
29045
29046
29047
29048
29049
29051
29052
29053
29054
29055
29056
29057
29058
29059
29060
29061
29062
29063
29064
29065
29066
29067
29068
29069
29070
29071
29072
29073
29074
29075
29076
29077
29078
29079
29080
29081
29082
29083
29084
29085
29086
29087
29088
29089
29090
29091
29092
29093
29094
29095
29096
29097
29098
29099
29100
29101
29102
29103
29104
29105
29106
29107
29108
29109
29110
29111
29112
29113
29114
29115
29116
29117
29118
29119
29120
29121
29122
29123
29124
29125
29126
29127
29128
29129
29130
29131
29132
29133
29134
29135
29136
29137
29138
29139
29140
29141
29142
29143
29144
29145
29146
29147
29148
29149
29151
29152
29153
29154
29155
29156
29157
29158
29159
29160
29161
29162
29163
29164
29165
29166
29167
29168
29169
29170
29171
29172
29173
29174
29175
29176
29177
29178
29179
29180
29181
29182
29183
29184
29185
29186
29187
29188
29189
29190
29191
29192
29193
29194
29195
29196
29197
29198
29199
29200
29201
29202
29203
29204
29205
29206
29207
29208
29209
29210
29211
29212
29213
29214
29215
29216
29217
29218
29219
29220
29221
29222
29223
29224
29225
29226
29227
29228
29229
29230
29231
29232
29233
29234
29235
29236
29237
29238
29239
29240
29241
29242
29243
29244
29245
29246
29247
29248
29249
29251
29252
29253
29254
29255
29256
29257
29258
29259
29260
29261
29262
29263
29264
29265
29266
29267
29268
29269
29270
29271
29272
29273
29274
29275
29276
29277
29278
29279
29280
29281
29282
29283
29284
29285
29286
29287
29288
29289
29290
29291
29292
29293
29294
29295
29296
29297
29298
29299
29300
29301
29302
29303
29304
29305
29306
29307
29308
29309
29310
29311
29312
29313
29314
29315
29316
29317
29318
29319
29320
29321
29322
29323
29324
29325
29326
29327
29328
29329
29330
29331
29332
29333
29334
29335
29336
29337
29338
29339
29340
29341
29342
29343
29344
29345
29346
29347
29348
29349
29351
29352
29353
29354
29355
29356
29357
29358
29359
29360
29361
29362
29363
29364
29365
29366
29367
29368
29369
29370
29371
29372
29373
29374
29375
29376
29377
29378
29379
29380
29381
29382
29383
29384
29385
29386
29387
29388
29389
29390
29391
29392
29393
29394
29395
29396
29397
29398
29399
29400
29401
29402
29403
29404
29405
29406
29407
29408
29409
29410
29411
29412
29413
29414
29415
29416
29417
29418
29419
29420
29421
29422
29423
29424
29425
29426
29427
29428
29429
29430
29431
29432
29433
29434
29435
29436
29437
29438
29439
29440
29441
29442
29443
29444
29445
29446
29447
29448
29449
29451
29452
29453
29454
29455
29456
29457
29458
29459
29460
29461
29462
29463
29464
29465
29466
29467
29468
29469
29470
29471
29472
29473
29474
29475
29476
29477
29478
29479
29480
29481
29482
29483
29484
29485
29486
29487
29488
29489
29490
29491
29492
29493
29494
29495
29496
29497
29498
29499
29500
29501
29502
29503
29504
29505
29506
29507
29508
29509
29510
29511
29512
29513
29514
29515
29516
29517
29518
29519
29520
29521
29522
29523
29524
29525
29526
29527
29528
29529
29530
29531
29532
29533
29534
29535
29536
29537
29538
29539
29540
29541
29542
29543
29544
29545
29546
29547
29548
29549
29551
29552
29553
29554
29555
29556
29557
29558
29559
29560
29561
29562
29563
29564
29565
29566
29567
29568
29569
29570
29571
29572
29573
29574
29575
29576
29577
29578
29579
29580
29581
29582
29583
29584
29585
29586
29587
29588
29589
29590
29591
29592
29593
29594
29595
29596
29597
29598
29599
29600
29601
29602
29603
29604
29605
29606
29607
29608
29609
29610
29611
29612
29613
29614
29615
29616
29617
29618
29619
29620
29621
29622
29623
29624
29625
29626
29627
29628
29629
29630
29631
29632
29633
29634
29635
29636
29637
29638
29639
29640
29641
29642
29643
29644
29645
29646
29647
29648
29649
29651
29652
29653
29654
29655
29656
29657
29658
29659
29660
29661
29662
29663
29664
29665
29666
29667
29668
29669
29670
29671
29672
29673
29674
29675
29676
29677
29678
29679
29680
29681
29682
29683
29684
29685
29686
29687
29688
29689
29690
29691
29692
29693
29694
29695
29696
29697
29698
29699
29700
29701
29702
29703
29704
29705
29706
29707
29708
29709
29710
29711
29712
29713
29714
29715
29716
29717
29718
29719
29720
29721
29722
29723
29724
29725
29726
29727
29728
29729
29730
29731
29732
29733
29734
29735
29736
29737
29738
29739
29740
29741
29742
29743
29744
29745
29746
29747
29748
29749
29751
29752
29753
29754
29755
29756
29757
29758
29759
29760
29761
29762
29763
29764
29765
29766
29767
29768
29769
29770
29771
29772
29773
29774
29775
29776
29777
29778
29779
29780
29781
29782
29783
29784
29785
29786
29787
29788
29789
29790
29791
29792
29793
29794
29795
29796
29797
29798
29799
29800
29801
29802
29803
29804
29805
29806
29807
29808
29809
29810
29811
29812
29813
29814
29815
29816
29817
29818
29819
29820
29821
29822
29823
29824
29825
29826
29827
29828
29829
29830
29831
29832
29833
29834
29835
29836
29837
29838
29839
29840
29841
29842
29843
29844
29845
29846
29847
29848
29849
29851
29853
29855
29857
29859
29861
29863
29865
29867
29869
29871
29873
29875
29877
29879
29881
29883
29885
29887
29889
29891
29893
29895
29897
29899
29901
29903
29905
29907
29909
29911
29913
29915
29917
29919
29921
29923
29925
29927
29929
29931
29933
29935
29937
29939
29941
29943
29945
29947
186851
186852
186853
186854
186855
186856
186857
186858
186859
186860
186861
186862
186863
186864
186865
186866
186867
186868
186869
186870
186871
186872
186873
186874
186875
186876
186877
186878
186879
186880
186881
186882
186883
186884
186885
186886
186887
186888
186889
186890
186891
186892
186893
186894
186895
186896
186897
186898
186899
186900
186901
186902
186903
186904
186905
186906
186907
186908
186909
186910
186911
186912
186913
186914
186915
186916
186917
186918
186919
186920
186921
186922
186923
186924
186925
186926
186927
186928
186929
186930
186931
186932
186933
186934
186935
186936
186937
186938
186939
186940
186941
186942
186943
186944
186945
186946
186947
186948
186949
186950
186951
186952
186953
186954
186955
186956
186957
186958
186959
186960
186961
186962
186963
186964
186965
186966
186967
186968
186969
186970
186971
186972
186973
186974
186975
186976
186977
186978
186979
186980
186981
186982
186983
186984
186985
186986
186987
186988
186989
186990
186991
186992
186993
186994
186995
186996
186997
186998
186999
187000
187001
187002
187003
187004
187005
187006
187007
187008
187009
187010
187011
187012
187013
187014
187015
187016
187017
187018
187019
187020
187021
187022
187023
187024
187025
187026
187027
187028
187029
187030
187031
187032
187033
187034
187035
187036
187037
187038
187039
187040
187041
187042
187043
187044
187045
187046
187047
187048
187049
187050
187051
187052
187053
187054
187055
187056
187057
187058
187059
187060
187061
187062
187063
187064
187065
187066
187067
187068
187069
187070
187071
187072
187073
187074
187075
187076
187077
187078
187079
187080
187081
187082
187083
187084
187085
187086
187087
187088
187089
187090
187091
187092
187093
187094
187095
187096
187097
187098
187099
187100
187101
187102
187103
187104
187105
187106
187107
187108
187109
187110
187111
187112
187113
187114
187115
187116
187117
187118
187119
187120
187121
187122
187123
187124
187125
187126
187127
187128
187129
187130
187131
187132
187133
187134
187135
187136
187137
187138
187139
187140
187141
187142
187143
187144
187145
187146
187147
187148
187149
187150
187151
187152
187153
187154
187155
187156
187157
187158
187159
187160
187161
187162
187163
187164
187165
187166
187167
187168
187169
187170
187171
187172
187173
187174
187175
187176
187177
187178
187179
187180
187181
187182
187183
187184
187185
187186
187187
187188
187189
187190
187191
187192
187193
187194
187195
187196
187197
187198
187199
187200
187201
187202
187203
187204
187205
187206
187207
187208
187209
187210
187211
187212
187213
187214
187215
187216
187217
187218
187219
187220
187221
187222
187223
187224
187225
187226
187227
187228
187229
187230
187231
187232
187233
187234
187235
187236
187237
187238
187239
187240
187241
187242
187243
187244
187245
187246
187247
187248
187249
187250
187251
187252
187253
187254
187255
187256
187257
187258
187259
187260
187261
187262
187263
187264
187265
187266
187267
187268
187269
187270
187271
187272
187273
187274
187275
187276
187277
187278
187279
187280
187281
187282
187283
187284
187285
187286
187287
187288
187289
187290
187291
187292
187293
187294
187295
187296
187297
187298
187299
187300
187301
187302
187303
187304
187305
187306
187307
187308
187309
187310
187311
187312
187313
187314
187315
187316
187317
187318
187319
187320
187321
187322
187323
187324
187325
187326
187327
187328
187329
187330
187331
187332
187333
187334
187335
187336
187337
187338
187339
187340
187341
187342
187343
187344
187345
187346
187347
187348
187349
187350
187351
187352
187353
187354
187355
187356
187357
187358
187359
187360
187361
187362
187363
187364
187365
187366
187367
187368
187369
187370
187371
187372
187373
187374
187375
187376
187377
187378
187379
187380
187381
187382
187383
187384
187385
187386
187387
187388
187389
187390
187391
187392
187393
187394
187395
187396
187397
187398
187399
187400
187401
187402
187403
187404
187405
187406
187407
187408
187409
187410
187411
187412
187413
187414
187415
187416
187417
187418
187419
187420
187421
187422
187423
187424
187425
187426
187427
187428
187429
187430
187431
187432
187433
187434
187435
187436
187437
187438
187439
187440
187441
187442
187443
187444
187445
187446
187447
187448
187449
187450
187451
187452
187453
187454
187455
187456
187457
187458
187459
187460
187461
187462
187463
187464
187465
187466
187467
187468
187469
187470
187471
187472
187473
187474
187475
187476
187477
187478
187479
187480
187481
187482
187483
187484
187485
187486
187487
187488
187489
187490
187491
187492
187493
187494
187495
187496
187497
187498
187499
187500
187501
187502
187503
187504
187505
187506
187507
187508
187509
187510
187511
187512
187513
187514
187515
187516
187517
187518
187519
187520
187521
187522
187523
187524
187525
187526
187527
187528
187529
187530
187531
187532
187533
187534
187535
187536
187537
187538
187539
187540
187541
187542
187543
187544
187545
187546
187547
187548
187549
187550
187551
187552
187553
187554
187555
187556
187557
187558
187559
187560
187561
187562
187563
187564
187565
187566
187567
187568
187569
187570
187571
187572
187573
187574
187575
187576
187577
187578
187579
187580
187581
187582
187583
187584
187585
187586
187587
187588
187589
187590
187591
187592
187593
187594
187595
187596
187597
187598
187599
187600
187601
187602
187603
187604
187605
187606
187607
187608
187609
187610
187611
187612
187613
187614
187615
187616
187617
187618
187619
187620
187621
187622
187623
187624
187625
187626
187627
187628
187629
187630
187631
187632
187633
187634
187635
187636
187637
187638
187639
187640
187641
187642
187643
187644
187645
187646
187647
187648
187649
187650
187651
187652
187653
187654
187655
187656
187657
187658
187659
187660
187661
187662
187663
187664
187665
187666
187667
187668
187669
187670
187671
187672
187673
187674
187675
187676
187677
187678
187679
187680
187681
187682
187683
187684
187685
187686
187687
187688
187689
187690
187691
187692
187693
187694
187695
187696
187697
187698
187699
187700
187701
187702
187703
187704
187705
187706
187707
187708
187709
187710
187711
187712
187713
187714
187715
187716
187717
187718
187719
187720
187721
187722
187723
187724
187725
187726
187727
187728
187729
187730
187731
187732
187733
187734
187735
187736
187737
187738
187739
187740
187741
187742
187743
187744
187745
187746
187747
187748
187749
187750
187751
187752
187753
187754
187755
187756
187757
187758
187759
187760
187761
187762
187763
187764
187765
187766
187767
187768
187769
187770
187771
187772
187773
187774
187775
187776
187777
187778
187779
187780
187781
187782
187783
187784
187785
187786
187787
187788
187789
187790
187791
187792
187793
187794
187795
187796
187797
187798
187799
187800
187801
187802
187803
187804
187805
187806
187807
187808
187809
187810
187811
187812
187813
187814
187815
187816
187817
187818
187819
187820
187821
187822
187823
187824
187825
187826
187827
187828
187829
187830
187831
187832
187833
187834
187835
187836
187837
187838
187839
187840
187841
187842
187843
187844
187845
187846
187847
187848
187849
187850
187851
187852
187853
187854
187855
187856
187857
187858
187859
187860
187861
187862
187863
187864
187865
187866
187867
187868
187869
187870
187871
187872
187873
187874
187875
187876
187877
187878
187879
187880
187881
187882
187883
187884
187885
187886
187887
187888
187889
187890
187891
187892
187893
187894
187895
187896
187897
187898
187899
187900
187901
187902
187903
187904
187905
187906
187907
187908
187909
187910
187911
187912
187913
187914
187915
187916
187917
187918
187919
187920
187921
187922
187923
187924
187925
187926
187927
187928
187929
187930
187931
187932
187933
187934
187935
187936
187937
187938
187939
187940
187941
187942
187943
187944
187945
187946
187947
187948
187949
187950
187951
187952
187953
187954
187955
187956
187957
187958
187959
187960
187961
187962
187963
187964
187965
187966
187967
187968
187969
187970
187971
187972
187973
187974
187975
187976
187977
187978
187979
187980
187981
187982
187983
187984
187985
187986
187987
187988
187989
187990
187991
187992
187993
187994
187995
187996
187997
187998
187999
188000
188001
188002
188003
188004
188005
188006
188007
188008
188009
188010
188011
188012
188013
188014
188015
188016
188017
188018
188019
188020
188021
188022
188023
188024
188025
188026
188027
188028
188029
188030
188031
188032
188033
188034
188035
188036
188037
188038
188039
188040
188041
188042
188043
188044
188045
188046
188047
188048
188049
188050
188051
188052
188053
188054
188055
188056
188057
188058
188059
188060
188061
188062
188063
188064
188065
188066
188067
188068
188069
188070
188071
188072
188073
188074
188075
188076
188077
188078
188079
188080
188081
188082
188083
188084
188085
188086
188087
188088
188089
188090
188091
188092
188093
188094
188095
188096
188097
188098
188099
188100
188101
188102
188103
188104
188105
188106
188107
188108
188109
188110
188111
188112
188113
188114
188115
188116
188117
188118
188119
188120
188121
188122
188123
188124
188125
188126
188127
188128
188129
188130
188131
188132
188133
188134
188135
188136
188137
188138
188139
188140
188141
188142
188143
188144
188145
188146
188147
188148
188149
188150
188151
188152
188153
188154
188155
188156
188157
188158
188159
188160
188161
188162
188163
188164
188165
188166
188167
188168
188169
188170
188171
188172
188173
188174
188175
188176
188177
188178
188179
188180
188181
188182
188183
188184
188185
188186
188187
188188
188189
188190
188191
188192
188193
188194
188195
188196
188197
188198
188199
188200
188201
188202
188203
188204
188205
188206
188207
188208
188209
188210
188211
188212
188213
188214
188215
188216
188217
188218
188219
188220
188221
188222
188223
188224
188225
188226
188227
188228
188229
188230
188231
188232
188233
188234
188235
188236
188237
188238
188239
188240
188241
188242
188243
188244
188245
188246
188247
188248
188249
188250
188251
188252
188253
188254
188255
188256
188257
188258
188259
188260
188261
188262
188263
188264
188265
188266
188267
188268
188269
188270
188271
188272
188273
188274
188275
188276
188277
188278
188279
188280
188281
188282
188283
188284
188285
188286
188287
188288
188289
188290
188291
188292
188293
188294
188295
188296
188297
188298
188299
188300
188301
188302
188303
188304
188305
188306
188307
188308
188309
188310
188311
188312
188313
188314
188315
188316
188317
188318
188319
188320
188321
188322
188323
188324
188325
188326
188327
188328
188329
188330
188331
188332
188333
188334
188335
188336
188337
188338
188339
188340
188341
188342
188343
188344
188345
188346
188347
188348
188349
188350
188351
188352
188353
188354
188355
188356
188357
188358
188359
188360
188361
188362
188363
188364
188365
188366
188367
188368
188369
188370
188371
188372
188373
188374
188375
188376
188377
188378
188379
188380
188381
188382
188383
188384
188385
188386
188387
188388
188389
188390
188391
188392
188393
188394
188395
188396
188397
188398
188399
188400
188401
188402
188403
188404
188405
188406
188407
188408
188409
188410
188411
188412
188413
188414
188415
188416
188417
188418
188419
188420
188421
188422
188423
188424
188425
188426
188427
188428
188429
188430
188431
188432
188433
188434
188435
188436
188437
188438
188439
188440
188441
188442
188443
188444
188445
188446
188447
188448
188449
188450
188451
188452
188453
188454
188455
188456
188457
188458
188459
188460
188461
188462
188463
188464
188465
188466
188467
188468
188469
188470
188471
188472
188473
188474
188475
188476
188477
188478
188479
188480
188481
188482
188483
188484
188485
188486
188487
188488
188489
188490
188491
188492
188493
188494
188495
188496
188497
188498
188499
188500
188501
188502
188503
188504
188505
188506
188507
188508
188509
188510
188511
188512
188513
188514
188515
188516
188517
188518
188519
188520
188521
188522
188523
188524
188525
188526
188527
188528
188529
188530
188531
188532
188533
188534
188535
188536
188537
188538
188539
188540
188541
188542
188543
188544
188545
188546
188547
188548
188549
188550
188551
188552
188553
188554
188555
188556
188557
188558
188559
188560
188561
188562
188563
188564
188565
188566
188567
188568
188569
188570
188571
188572
188573
188574
188575
188576
188577
188578
188579
188580
188581
188582
188583
188584
188585
188586
188587
188588
188589
188590
188591
188592
188593
188594
188595
188596
188597
188598
188599
188600
188601
188602
188603
188604
188605
188606
188607
188608
188609
188610
188611
188612
188613
188614
188615
188616
188617
188618
188619
188620
188621
188622
188623
188624
188625
188626
188627
188628
188629
188630
188631
188632
188633
188634
188635
188636
188637
188638
188639
188640
188641
188642
188643
188644
188645
188646
188647
188648
188649
188650
188651
188652
188653
188654
188655
188656
188657
188658
188659
188660
188661
188662
188663
188664
188665
188666
188667
188668
188669
188670
188671
188672
188673
188674
188675
188676
188677
188678
188679
188680
188681
188682
188683
188684
188685
188686
188687
188688
188689
188690
188691
188692
188693
188694
188695
188696
188697
188698
188699
188700
188701
188702
188703
188704
188705
188706
188707
188708
188709
188710
188711
188712
188713
188714
188715
188716
188717
188718
188719
188720
188721
188722
188723
188724
188725
188726
188727
188728
188729
188730
188731
188732
188733
188734
188735
188736
188737
188738
188739
188740
188741
188742
188743
188744
188745
188746
188747
188748
188749
188750
188751
188752
188753
188754
188755
188756
188757
188758
188759
188760
188761
188762
188763
188764
188765
188766
188767
188768
188769
188770
188771
188772
188773
188774
188775
188776
188777
188778
188779
188780
188781
188782
188783
188784
188785
188786
188787
188788
188789
188790
188791
188792
188793
188794
188795
188796
188797
188798
188799
188800
188801
188802
188803
188804
188805
188806
188807
188808
188809
188810
188811
188812
188813
188814
188815
188816
188817
188818
188819
188820
188821
188822
188823
188824
188825
188826
188827
188828
188829
188830
188831
188832
188833
188834
188835
188836
188837
188838
188839
188840
188841
188842
188843
188844
188845
188846
188847
188848
188849
188850
188851
188852
188853
188854
188855
188856
188857
188858
188859
188860
188861
188862
188863
188864
188865
188866
188867
188868
188869
188870
188871
188872
188873
188874
188875
188876
188877
188878
188879
188880
188881
188882
188883
188884
188885
188886
188887
188888
188889
188890
188891
188892
188893
188894
188895
188896
188897
188898
188899
188900
188901
188902
188903
188904
188905
188906
188907
188908
188909
188910
188911
188912
188913
188914
188915
188916
188917
188918
188919
188920
188921
188922
188923
188924
188925
188926
188927
188928
188929
188930
188931
188932
188933
188934
188935
188936
188937
188938
188939
188940
188941
188942
188943
188944
188945
188946
188947
188948
188949
188950
188951
188952
188953
188954
188955
188956
188957
188958
188959
188960
188961
188962
188963
188964
188965
188966
188967
188968
188969
188970
188971
188972
188973
188974
188975
188976
188977
188978
188979
188980
188981
188982
188983
188984
188985
188986
188987
188988
188989
188990
188991
188992
188993
188994
188995
188996
188997
188998
188999
189000
189001
189002
189003
189004
189005
189006
189007
189008
189009
189010
189011
189012
189013
189014
189015
189016
189017
189018
189019
189020
189021
189022
189023
189024
189025
189026
189027
189028
189029
189030
189031
189032
189033
189034
189035
189036
189037
189038
189039
189040
189041
189042
189043
189044
189045
189046
189047
189048
189049
189050
189051
189052
189053
189054
189055
189056
189057
189058
189059
189060
189061
189062
189063
189064
189065
189066
189067
189068
189069
189070
189071
189072
189073
189074
189075
189076
189077
189078
189079
189080
189081
189082
189083
189084
189085
189086
189087
189088
189089
189090
189091
189092
189093
189094
189095
189096
189097
189098
189099
189100
189101
189102
189103
189104
189105
189106
189107
189108
189109
189110
189111
189112
189113
189114
189115
189116
189117
189118
189119
189120
189121
189122
189123
189124
189125
189126
189127
189128
189129
189130
189131
189132
189133
189134
189135
189136
189137
189138
189139
189140
189141
189142
189143
189144
189145
189146
189147
189148
189149
189150
189151
189152
189153
189154
189155
189156
189157
189158
189159
189160
189161
189162
189163
189164
189165
189166
189167
189168
189169
189170
189171
189172
189173
189174
189175
189176
189177
189178
189179
189180
189181
189182
189183
189184
189185
189186
189187
189188
189189
189190
189191
189192
189193
189194
189195
189196
189197
189198
189199
189200
189201
189202
189203
189204
189205
189206
189207
189208
189209
189210
189211
189212
189213
189214
189215
189216
189217
189218
189219
189220
189221
189222
189223
189224
189225
189226
189227
189228
189229
189230
189231
189232
189233
189234
189235
189236
189237
189238
189239
189240
189241
189242
189243
189244
189245
189246
189247
189248
189249
189250
189251
189252
189253
189254
189255
189256
189257
189258
189259
189260
189261
189262
189263
189264
189265
189266
189267
189268
189269
189270
189271
189272
189273
189274
189275
189276
189277
189278
189279
189280
189281
189282
189283
189284
189285
189286
189287
189288
189289
189290
189291
189292
189293
189294
189295
189296
189297
189298
189299
189300
189301
189302
189303
189304
189305
189306
189307
189308
189309
189310
189311
189312
189313
189314
189315
189316
189317
189318
189319
189320
189321
189322
189323
189324
189325
189326
189327
189328
189329
189330
189331
189332
189333
189334
189335
189336
189337
189338
189339
189340
189341
189342
189343
189344
189345
189346
189347
189348
189349
189350
274351
274352
274353
274354
274355
274356
274357
274358
274359
274360
274361
274362
274363
274364
274365
274366
274367
274368
274369
274370
274371
274372
274373
274374
274375
274376
274377
274378
274379
274380
274381
274382
274383
274384
274385
274386
274387
274388
274389
274390
274391
274392
274393
274394
274395
274396
274397
274398
274399
274400
274401
274402
274403
274404
274405
274406
274407
274408
274409
274410
274411
274412
274413
274414
274415
274416
274417
274418
274419
274420
274421
274422
274423
274424
274425
274426
274427
274428
274429
274430
274431
274432
274433
274434
274435
274436
274437
274438
274439
274440
274441
274442
274443
274444
274445
274446
274447
274448
274449
274450
274451
274452
274453
274454
274455
274456
274457
274458
274459
274460
274461
274462
274463
274464
274465
274466
274467
274468
274469
274470
274471
274472
274473
274474
274475
274476
274477
274478
274479
274480
274481
274482
274483
274484
274485
274486
274487
274488
274489
274490
274491
274492
274493
274494
274495
274496
274497
274498
274499
274500
274501
274502
274503
274504
274505
274506
274507
274508
274509
274510
274511
274512
274513
274514
274515
274516
274517
274518
274519
274520
274521
274522
274523
274524
274525
274526
274527
274528
274529
274530
274531
274532
274533
274534
274535
274536
274537
274538
274539
274540
274541
274542
274543
274544
274545
274546
274547
274548
274549
274550
274551
274552
274553
274554
274555
274556
274557
274558
274559
274560
274561
274562
274563
274564
274565
274566
274567
274568
274569
274570
274571
274572
274573
274574
274575
274576
274577
274578
274579
274580
274581
274582
274583
274584
274585
274586
274587
274588
274589
274590
274591
274592
274593
274594
274595
274596
274597
274598
274599
274600
274601
274602
274603
274604
274605
274606
274607
274608
274609
274610
274611
274612
274613
274614
274615
274616
274617
274618
274619
274620
274621
274622
274623
274624
274625
274626
274627
274628
274629
274630
274631
274632
274633
274634
274635
274636
274637
274638
274639
274640
274641
274642
274643
274644
274645
274646
274647
274648
274649
274650
274651
274652
274653
274654
274655
274656
274657
274658
274659
274660
274661
274662
274663
274664
274665
274666
274667
274668
274669
274670
274671
274672
274673
274674
274675
274676
274677
274678
274679
274680
274681
274682
274683
274684
274685
274686
274687
274688
274689
274690
274691
274692
274693
274694
274695
274696
274697
274698
274699
274700
274701
274702
274703
274704
274705
274706
274707
274708
274709
274710
274711
274712
274713
274714
274715
274716
274717
274718
274719
274720
274721
274722
274723
274724
274725
274726
274727
274728
274729
274730
274731
274732
274733
274734
274735
274736
274737
274738
274739
274740
274741
274742
274743
274744
274745
274746
274747
274748
274749
274750
274751
274752
274753
274754
274755
274756
274757
274758
274759
274760
274761
274762
274763
274764
274765
274766
274767
274768
274769
274770
274771
274772
274773
274774
274775
274776
274777
274778
274779
274780
274781
274782
274783
274784
274785
274786
274787
274788
274789
274790
274791
274792
274793
274794
274795
274796
274797
274798
274799
274800
274801
274802
274803
274804
274805
274806
274807
274808
274809
274810
274811
274812
274813
274814
274815
274816
274817
274818
274819
274820
274821
274822
274823
274824
274825
274826
274827
274828
274829
274830
274831
274832
274833
274834
274835
274836
274837
274838
274839
274840
274841
274842
274843
274844
274845
274846
274847
274848
274849
274850
274851
274852
274853
274854
274855
274856
274857
274858
274859
274860
274861
274862
274863
274864
274865
274866
274867
274868
274869
274870
274871
274872
274873
274874
274875
274876
274877
274878
274879
274880
274881
274882
274883
274884
274885
274886
274887
274888
274889
274890
274891
274892
274893
274894
274895
274896
274897
274898
274899
274900
274901
274902
274903
274904
274905
274906
274907
274908
274909
274910
274911
274912
274913
274914
274915
274916
274917
274918
274919
274920
274921
274922
274923
274924
274925
274926
274927
274928
274929
274930
274931
274932
274933
274934
274935
274936
274937
274938
274939
274940
274941
274942
274943
274944
274945
274946
274947
274948
274949
274950
274951
274952
274953
274954
274955
274956
274957
274958
274959
274960
274961
274962
274963
274964
274965
274966
274967
274968
274969
274970
274971
274972
274973
274974
274975
274976
274977
274978
274979
274980
274981
274982
274983
274984
274985
274986
274987
274988
274989
274990
274991
274992
274993
274994
274995
274996
274997
274998
274999
275000
275001
275002
275003
275004
275005
275006
275007
275008
275009
275010
275011
275012
275013
275014
275015
275016
275017
275018
275019
275020
275021
275022
275023
275024
275025
275026
275027
275028
275029
275030
275031
275032
275033
275034
275035
275036
275037
275038
275039
275040
275041
275042
275043
275044
275045
275046
275047
275048
275049
275050
275051
275052
275053
275054
275055
275056
275057
275058
275059
275060
275061
275062
275063
275064
275065
275066
275067
275068
275069
275070
275071
275072
275073
275074
275075
275076
275077
275078
275079
275080
275081
275082
275083
275084
275085
275086
275087
275088
275089
275090
275091
275092
275093
275094
275095
275096
275097
275098
275099
275100
275101
275102
275103
275104
275105
275106
275107
275108
275109
275110
275111
275112
275113
275114
275115
275116
275117
275118
275119
275120
275121
275122
275123
275124
275125
275126
275127
275128
275129
275130
275131
275132
275133
275134
275135
275136
275137
275138
275139
275140
275141
275142
275143
275144
275145
275146
275147
275148
275149
275150
275151
275152
275153
275154
275155
275156
275157
275158
275159
275160
275161
275162
275163
275164
275165
275166
275167
275168
275169
275170
275171
275172
275173
275174
275175
275176
275177
275178
275179
275180
275181
275182
275183
275184
275185
275186
275187
275188
275189
275190
275191
275192
275193
275194
275195
275196
275197
275198
275199
275200
275201
275202
275203
275204
275205
275206
275207
275208
275209
275210
275211
275212
275213
275214
275215
275216
275217
275218
275219
275220
275221
275222
275223
275224
275225
275226
275227
275228
275229
275230
275231
275232
275233
275234
275235
275236
275237
275238
275239
275240
275241
275242
275243
275244
275245
275246
275247
275248
275249
275250
275251
275252
275253
275254
275255
275256
275257
275258
275259
275260
275261
275262
275263
275264
275265
275266
275267
275268
275269
275270
275271
275272
275273
275274
275275
275276
275277
275278
275279
275280
275281
275282
275283
275284
275285
275286
275287
275288
275289
275290
275291
275292
275293
275294
275295
275296
275297
275298
275299
275300
275301
275302
275303
275304
275305
275306
275307
275308
275309
275310
275311
275312
275313
275314
275315
275316
275317
275318
275319
275320
275321
275322
275323
275324
275325
275326
275327
275328
275329
275330
275331
275332
275333
275334
275335
275336
275337
275338
275339
275340
275341
275342
275343
275344
275345
275346
275347
275348
275349
275350
275351
275352
275353
275354
275355
275356
275357
275358
275359
275360
275361
275362
275363
275364
275365
275366
275367
275368
275369
275370
275371
275372
275373
275374
275375
275376
275377
275378
275379
275380
275381
275382
275383
275384
275385
275386
275387
275388
275389
275390
275391
275392
275393
275394
275395
275396
275397
275398
275399
275400
275401
275402
275403
275404
275405
275406
275407
275408
275409
275410
275411
275412
275413
275414
275415
275416
275417
275418
275419
275420
275421
275422
275423
275424
275425
275426
275427
275428
275429
275430
275431
275432
275433
275434
275435
275436
275437
275438
275439
275440
275441
275442
275443
275444
275445
275446
275447
275448
275449
275450
275451
275452
275453
275454
275455
275456
275457
275458
275459
275460
275461
275462
275463
275464
275465
275466
275467
275468
275469
275470
275471
275472
275473
275474
275475
275476
275477
275478
275479
275480
275481
275482
275483
275484
275485
275486
275487
275488
275489
275490
275491
275492
275493
275494
275495
275496
275497
275498
275499
275500
275501
275502
275503
275504
275505
275506
275507
275508
275509
275510
275511
275512
275513
275514
275515
275516
275517
275518
275519
275520
275521
275522
275523
275524
275525
275526
275527
275528
275529
275530
275531
275532
275533
275534
275535
275536
275537
275538
275539
275540
275541
275542
275543
275544
275545
275546
275547
275548
275549
275550
275551
275552
275553
275554
275555
275556
275557
275558
275559
275560
275561
275562
275563
275564
275565
275566
275567
275568
275569
275570
275571
275572
275573
275574
275575
275576
275577
275578
275579
275580
275581
275582
275583
275584
275585
275586
275587
275588
275589
275590
275591
275592
275593
275594
275595
275596
275597
275598
275599
275600
275601
275602
275603
275604
275605
275606
275607
275608
275609
275610
275611
275612
275613
275614
275615
275616
275617
275618
275619
275620
275621
275622
275623
275624
275625
275626
275627
275628
275629
275630
275631
275632
275633
275634
275635
275636
275637
275638
275639
275640
275641
275642
275643
275644
275645
275646
275647
275648
275649
275650
275651
275652
275653
275654
275655
275656
275657
275658
275659
275660
275661
275662
275663
275664
275665
275666
275667
275668
275669
275670
275671
275672
275673
275674
275675
275676
275677
275678
275679
275680
275681
275682
275683
275684
275685
275686
275687
275688
275689
275690
275691
275692
275693
275694
275695
275696
275697
275698
275699
275700
275701
275702
275703
275704
275705
275706
275707
275708
275709
275710
275711
275712
275713
275714
275715
275716
275717
275718
275719
275720
275721
275722
275723
275724
275725
275726
275727
275728
275729
275730
275731
275732
275733
275734
275735
275736
275737
275738
275739
275740
275741
275742
275743
275744
275745
275746
275747
275748
275749
275750
275751
275752
275753
275754
275755
275756
275757
275758
275759
275760
275761
275762
275763
275764
275765
275766
275767
275768
275769
275770
275771
275772
275773
275774
275775
275776
275777
275778
275779
275780
275781
275782
275783
275784
275785
275786
275787
275788
275789
275790
275791
275792
275793
275794
275795
275796
275797
275798
275799
275800
275801
275802
275803
275804
275805
275806
275807
275808
275809
275810
275811
275812
275813
275814
275815
275816
275817
275818
275819
275820
275821
275822
275823
275824
275825
275826
275827
275828
275829
275830
275831
275832
275833
275834
275835
275836
275837
275838
275839
275840
275841
275842
275843
275844
275845
275846
275847
275848
275849
275850
275851
275852
275853
275854
275855
275856
275857
275858
275859
275860
275861
275862
275863
275864
275865
275866
275867
275868
275869
275870
275871
275872
275873
275874
275875
275876
275877
275878
275879
275880
275881
275882
275883
275884
275885
275886
275887
275888
275889
275890
275891
275892
275893
275894
275895
275896
275897
275898
275899
275900
275901
275902
275903
275904
275905
275906
275907
275908
275909
275910
275911
275912
275913
275914
275915
275916
275917
275918
275919
275920
275921
275922
275923
275924
275925
275926
275927
275928
275929
275930
275931
275932
275933
275934
275935
275936
275937
275938
275939
275940
275941
275942
275943
275944
275945
275946
275947
275948
275949
275950
275951
275952
275953
275954
275955
275956
275957
275958
275959
275960
275961
275962
275963
275964
275965
275966
275967
275968
275969
275970
275971
275972
275973
275974
275975
275976
275977
275978
275979
275980
275981
275982
275983
275984
275985
275986
275987
275988
275989
275990
275991
275992
275993
275994
275995
275996
275997
275998
275999
276000
276001
276002
276003
276004
276005
276006
276007
276008
276009
276010
276011
276012
276013
276014
276015
276016
276017
276018
276019
276020
276021
276022
276023
276024
276025
276026
276027
276028
276029
276030
276031
276032
276033
276034
276035
276036
276037
276038
276039
276040
276041
276042
276043
276044
276045
276046
276047
276048
276049
276050
276051
276052
276053
276054
276055
276056
276057
276058
276059
276060
276061
276062
276063
276064
276065
276066
276067
276068
276069
276070
276071
276072
276073
276074
276075
276076
276077
276078
276079
276080
276081
276082
276083
276084
276085
276086
276087
276088
276089
276090
276091
276092
276093
276094
276095
276096
276097
276098
276099
276100
276101
276102
276103
276104
276105
276106
276107
276108
276109
276110
276111
276112
276113
276114
276115
276116
276117
276118
276119
276120
276121
276122
276123
276124
276125
276126
276127
276128
276129
276130
276131
276132
276133
276134
276135
276136
276137
276138
276139
276140
276141
276142
276143
276144
276145
276146
276147
276148
276149
276150
276151
276152
276153
276154
276155
276156
276157
276158
276159
276160
276161
276162
276163
276164
276165
276166
276167
276168
276169
276170
276171
276172
276173
276174
276175
276176
276177
276178
276179
276180
276181
276182
276183
276184
276185
276186
276187
276188
276189
276190
276191
276192
276193
276194
276195
276196
276197
276198
276199
276200
276201
276202
276203
276204
276205
276206
276207
276208
276209
276210
276211
276212
276213
276214
276215
276216
276217
276218
276219
276220
276221
276222
276223
276224
276225
276226
276227
276228
276229
276230
276231
276232
276233
276234
276235
276236
276237
276238
276239
276240
276241
276242
276243
276244
276245
276246
276247
276248
276249
276250
276251
276252
276253
276254
276255
276256
276257
276258
276259
276260
276261
276262
276263
276264
276265
276266
276267
276268
276269
276270
276271
276272
276273
276274
276275
276276
276277
276278
276279
276280
276281
276282
276283
276284
276285
276286
276287
276288
276289
276290
276291
276292
276293
276294
276295
276296
276297
276298
276299
276300
276301
276302
276303
276304
276305
276306
276307
276308
276309
276310
276311
276312
276313
276314
276315
276316
276317
276318
276319
276320
276321
276322
276323
276324
276325
276326
276327
276328
276329
276330
276331
276332
276333
276334
276335
276336
276337
276338
276339
276340
276341
276342
276343
276344
276345
276346
276347
276348
276349
276350
276351
276352
276353
276354
276355
276356
276357
276358
276359
276360
276361
276362
276363
276364
276365
276366
276367
276368
276369
276370
276371
276372
276373
276374
276375
276376
276377
276378
276379
276380
276381
276382
276383
276384
276385
276386
276387
276388
276389
276390
276391
276392
276393
276394
276395
276396
276397
276398
276399
276400
276401
276402
276403
276404
276405
276406
276407
276408
276409
276410
276411
276412
276413
276414
276415
276416
276417
276418
276419
276420
276421
276422
276423
276424
276425
276426
276427
276428
276429
276430
276431
276432
276433
276434
276435
276436
276437
276438
276439
276440
276441
276442
276443
276444
276445
276446
276447
276448
276449
276450
276451
276452
276453
276454
276455
276456
276457
276458
276459
276460
276461
276462
276463
276464
276465
276466
276467
276468
276469
276470
276471
276472
276473
276474
276475
276476
276477
276478
276479
276480
276481
276482
276483
276484
276485
276486
276487
276488
276489
276490
276491
276492
276493
276494
276495
276496
276497
276498
276499
276500
276501
276502
276503
276504
276505
276506
276507
276508
276509
276510
276511
276512
276513
276514
276515
276516
276517
276518
276519
276520
276521
276522
276523
276524
276525
276526
276527
276528
276529
276530
276531
276532
276533
276534
276535
276536
276537
276538
276539
276540
276541
276542
276543
276544
276545
276546
276547
276548
276549
276550
276551
276552
276553
276554
276555
276556
276557
276558
276559
276560
276561
276562
276563
276564
276565
276566
276567
276568
276569
276570
276571
276572
276573
276574
276575
276576
276577
276578
276579
276580
276581
276582
276583
276584
276585
276586
276587
276588
276589
276590
276591
276592
276593
276594
276595
276596
276597
276598
276599
276600
276601
276602
276603
276604
276605
276606
276607
276608
276609
276610
276611
276612
276613
276614
276615
276616
276617
276618
276619
276620
276621
276622
276623
276624
276625
276626
276627
276628
276629
276630
276631
276632
276633
276634
276635
276636
276637
276638
276639
276640
276641
276642
276643
276644
276645
276646
276647
276648
276649
276650
276651
276652
276653
276654
276655
276656
276657
276658
276659
276660
276661
276662
276663
276664
276665
276666
276667
276668
276669
276670
276671
276672
276673
276674
276675
276676
276677
276678
276679
276680
276681
276682
276683
276684
276685
276686
276687
276688
276689
276690
276691
276692
276693
276694
276695
276696
276697
276698
276699
276700
276701
276702
276703
276704
276705
276706
276707
276708
276709
276710
276711
276712
276713
276714
276715
276716
276717
276718
276719
276720
276721
276722
276723
276724
276725
276726
276727
276728
276729
276730
276731
276732
276733
276734
276735
276736
276737
276738
276739
276740
276741
276742
276743
276744
276745
276746
276747
276748
276749
276750
276751
276752
276753
276754
276755
276756
276757
276758
276759
276760
276761
276762
276763
276764
276765
276766
276767
276768
276769
276770
276771
276772
276773
276774
276775
276776
276777
276778
276779
276780
276781
276782
276783
276784
276785
276786
276787
276788
276789
276790
276791
276792
276793
276794
276795
276796
276797
276798
276799
276800
276801
276802
276803
276804
276805
276806
276807
276808
276809
276810
276811
276812
276813
276814
276815
276816
276817
276818
276819
276820
276821
276822
276823
276824
276825
276826
276827
276828
276829
276830
276831
276832
276833
276834
276835
276836
276837
276838
276839
276840
276841
276842
276843
276844
276845
276846
276847
276848
276849
276850
-9902
-9904
-9906
-9908
-9910
-9912
-9914
-9916
-9918
-9920
-9922
-9924
-9926
-9928
-9930
-9932
-9934
-9936
-9938
-9940
-9942
-9944
-9946
-9948
-9950
-9952
-9954
-9956
-9958
-9960
-9962
-9964
-9966
-9968
-9970
-9972
-9974
-9976
-9978
-9980
-9982
-9984
-9986
-9988
-9990
-9992
-9994
-9996
-9998
-10000
29852
29854
29856
29858
29860
29862
29864
29866
29868
29870
29872
29874
29876
29878
29880
29882
29884
29886
29888
29890
29892
29894
29896
29898
29900
29902
29904
29906
29908
29910
29912
29914
29916
29918
29920
29922
29924
29926
29928
29930
29932
29934
29936
29938
29940
29942
29944
29946
29948
29950
-20050
-20150
-20250
-20350
-20450
-20550
-20650
-20750
-20850
-20950
-21050
-21150
-21250
-21350
-21450
-21550
-21650
-21750
-21850
-21950
-22050
-22150
-22250
-22350
-22450
-22550
-22650
-22750
-22850
-22950
-23050
-23150
-23250
-23350
-23450
-23550
-23650
-23750
-23850
-23950
-24050
-24150
-24250
-24350
-24450
-24550
-24650
-24750
-24850
-24949
25050
25150
25250
25350
25450
25550
25650
25750
25850
25950
26050
26150
26250
26350
26450
26550
26650
26750
26850
26950
27050
27150
27250
27350
27450
27550
27650
27750
27850
27950
28050
28150
28250
28350
28450
28550
28650
28750
28850
28950
29050
29150
29250
29350
29450
29550
29650
29750
29850
29949
)


// ************************************************************************* //
