/*--------------------------------*- C++ -*----------------------------------*\
| =========                 |                                                 |
| \\      /  F ield         | OpenFOAM: The Open Source CFD Toolbox           |
|  \\    /   O peration     | Version:  v1906                                 |
|   \\  /    A nd           | Web:      www.OpenFOAM.com                      |
|    \\/     M anipulation  |                                                 |
\*---------------------------------------------------------------------------*/
FoamFile
{
    version     2.0;
    format      ascii;
    class       labelList;
    location    "constant/impp26/polyMesh";
    object      faceRegionAddressing;
}
// * * * * * * * * * * * * * * * * * * * * * * * * * * * * * * * * * * * * * //


10100
(
129701
129702
129703
129704
129705
129706
129707
129708
129709
129710
129711
129712
129713
129714
129715
129716
129717
129718
129719
129720
129721
129722
129723
129724
129725
129726
129727
129728
129729
129730
129731
129732
129733
129734
129735
129736
129737
129738
129739
129740
129741
129742
129743
129744
129745
129746
129747
129748
129749
129750
129751
129752
129753
129754
129755
129756
129757
129758
129759
129760
129761
129762
129763
129764
129765
129766
129767
129768
129769
129770
129771
129772
129773
129774
129775
129776
129777
129778
129779
129780
129781
129782
129783
129784
129785
129786
129787
129788
129789
129790
129791
129792
129793
129794
129795
129796
129797
129798
129799
129801
129802
129803
129804
129805
129806
129807
129808
129809
129810
129811
129812
129813
129814
129815
129816
129817
129818
129819
129820
129821
129822
129823
129824
129825
129826
129827
129828
129829
129830
129831
129832
129833
129834
129835
129836
129837
129838
129839
129840
129841
129842
129843
129844
129845
129846
129847
129848
129849
129850
129851
129852
129853
129854
129855
129856
129857
129858
129859
129860
129861
129862
129863
129864
129865
129866
129867
129868
129869
129870
129871
129872
129873
129874
129875
129876
129877
129878
129879
129880
129881
129882
129883
129884
129885
129886
129887
129888
129889
129890
129891
129892
129893
129894
129895
129896
129897
129898
129899
129901
129902
129903
129904
129905
129906
129907
129908
129909
129910
129911
129912
129913
129914
129915
129916
129917
129918
129919
129920
129921
129922
129923
129924
129925
129926
129927
129928
129929
129930
129931
129932
129933
129934
129935
129936
129937
129938
129939
129940
129941
129942
129943
129944
129945
129946
129947
129948
129949
129950
129951
129952
129953
129954
129955
129956
129957
129958
129959
129960
129961
129962
129963
129964
129965
129966
129967
129968
129969
129970
129971
129972
129973
129974
129975
129976
129977
129978
129979
129980
129981
129982
129983
129984
129985
129986
129987
129988
129989
129990
129991
129992
129993
129994
129995
129996
129997
129998
129999
130001
130002
130003
130004
130005
130006
130007
130008
130009
130010
130011
130012
130013
130014
130015
130016
130017
130018
130019
130020
130021
130022
130023
130024
130025
130026
130027
130028
130029
130030
130031
130032
130033
130034
130035
130036
130037
130038
130039
130040
130041
130042
130043
130044
130045
130046
130047
130048
130049
130050
130051
130052
130053
130054
130055
130056
130057
130058
130059
130060
130061
130062
130063
130064
130065
130066
130067
130068
130069
130070
130071
130072
130073
130074
130075
130076
130077
130078
130079
130080
130081
130082
130083
130084
130085
130086
130087
130088
130089
130090
130091
130092
130093
130094
130095
130096
130097
130098
130099
130101
130102
130103
130104
130105
130106
130107
130108
130109
130110
130111
130112
130113
130114
130115
130116
130117
130118
130119
130120
130121
130122
130123
130124
130125
130126
130127
130128
130129
130130
130131
130132
130133
130134
130135
130136
130137
130138
130139
130140
130141
130142
130143
130144
130145
130146
130147
130148
130149
130150
130151
130152
130153
130154
130155
130156
130157
130158
130159
130160
130161
130162
130163
130164
130165
130166
130167
130168
130169
130170
130171
130172
130173
130174
130175
130176
130177
130178
130179
130180
130181
130182
130183
130184
130185
130186
130187
130188
130189
130190
130191
130192
130193
130194
130195
130196
130197
130198
130199
130201
130202
130203
130204
130205
130206
130207
130208
130209
130210
130211
130212
130213
130214
130215
130216
130217
130218
130219
130220
130221
130222
130223
130224
130225
130226
130227
130228
130229
130230
130231
130232
130233
130234
130235
130236
130237
130238
130239
130240
130241
130242
130243
130244
130245
130246
130247
130248
130249
130250
130251
130252
130253
130254
130255
130256
130257
130258
130259
130260
130261
130262
130263
130264
130265
130266
130267
130268
130269
130270
130271
130272
130273
130274
130275
130276
130277
130278
130279
130280
130281
130282
130283
130284
130285
130286
130287
130288
130289
130290
130291
130292
130293
130294
130295
130296
130297
130298
130299
130301
130302
130303
130304
130305
130306
130307
130308
130309
130310
130311
130312
130313
130314
130315
130316
130317
130318
130319
130320
130321
130322
130323
130324
130325
130326
130327
130328
130329
130330
130331
130332
130333
130334
130335
130336
130337
130338
130339
130340
130341
130342
130343
130344
130345
130346
130347
130348
130349
130350
130351
130352
130353
130354
130355
130356
130357
130358
130359
130360
130361
130362
130363
130364
130365
130366
130367
130368
130369
130370
130371
130372
130373
130374
130375
130376
130377
130378
130379
130380
130381
130382
130383
130384
130385
130386
130387
130388
130389
130390
130391
130392
130393
130394
130395
130396
130397
130398
130399
130401
130402
130403
130404
130405
130406
130407
130408
130409
130410
130411
130412
130413
130414
130415
130416
130417
130418
130419
130420
130421
130422
130423
130424
130425
130426
130427
130428
130429
130430
130431
130432
130433
130434
130435
130436
130437
130438
130439
130440
130441
130442
130443
130444
130445
130446
130447
130448
130449
130450
130451
130452
130453
130454
130455
130456
130457
130458
130459
130460
130461
130462
130463
130464
130465
130466
130467
130468
130469
130470
130471
130472
130473
130474
130475
130476
130477
130478
130479
130480
130481
130482
130483
130484
130485
130486
130487
130488
130489
130490
130491
130492
130493
130494
130495
130496
130497
130498
130499
130501
130502
130503
130504
130505
130506
130507
130508
130509
130510
130511
130512
130513
130514
130515
130516
130517
130518
130519
130520
130521
130522
130523
130524
130525
130526
130527
130528
130529
130530
130531
130532
130533
130534
130535
130536
130537
130538
130539
130540
130541
130542
130543
130544
130545
130546
130547
130548
130549
130550
130551
130552
130553
130554
130555
130556
130557
130558
130559
130560
130561
130562
130563
130564
130565
130566
130567
130568
130569
130570
130571
130572
130573
130574
130575
130576
130577
130578
130579
130580
130581
130582
130583
130584
130585
130586
130587
130588
130589
130590
130591
130592
130593
130594
130595
130596
130597
130598
130599
130601
130602
130603
130604
130605
130606
130607
130608
130609
130610
130611
130612
130613
130614
130615
130616
130617
130618
130619
130620
130621
130622
130623
130624
130625
130626
130627
130628
130629
130630
130631
130632
130633
130634
130635
130636
130637
130638
130639
130640
130641
130642
130643
130644
130645
130646
130647
130648
130649
130650
130651
130652
130653
130654
130655
130656
130657
130658
130659
130660
130661
130662
130663
130664
130665
130666
130667
130668
130669
130670
130671
130672
130673
130674
130675
130676
130677
130678
130679
130680
130681
130682
130683
130684
130685
130686
130687
130688
130689
130690
130691
130692
130693
130694
130695
130696
130697
130698
130699
130701
130702
130703
130704
130705
130706
130707
130708
130709
130710
130711
130712
130713
130714
130715
130716
130717
130718
130719
130720
130721
130722
130723
130724
130725
130726
130727
130728
130729
130730
130731
130732
130733
130734
130735
130736
130737
130738
130739
130740
130741
130742
130743
130744
130745
130746
130747
130748
130749
130750
130751
130752
130753
130754
130755
130756
130757
130758
130759
130760
130761
130762
130763
130764
130765
130766
130767
130768
130769
130770
130771
130772
130773
130774
130775
130776
130777
130778
130779
130780
130781
130782
130783
130784
130785
130786
130787
130788
130789
130790
130791
130792
130793
130794
130795
130796
130797
130798
130799
130801
130802
130803
130804
130805
130806
130807
130808
130809
130810
130811
130812
130813
130814
130815
130816
130817
130818
130819
130820
130821
130822
130823
130824
130825
130826
130827
130828
130829
130830
130831
130832
130833
130834
130835
130836
130837
130838
130839
130840
130841
130842
130843
130844
130845
130846
130847
130848
130849
130850
130851
130852
130853
130854
130855
130856
130857
130858
130859
130860
130861
130862
130863
130864
130865
130866
130867
130868
130869
130870
130871
130872
130873
130874
130875
130876
130877
130878
130879
130880
130881
130882
130883
130884
130885
130886
130887
130888
130889
130890
130891
130892
130893
130894
130895
130896
130897
130898
130899
130901
130902
130903
130904
130905
130906
130907
130908
130909
130910
130911
130912
130913
130914
130915
130916
130917
130918
130919
130920
130921
130922
130923
130924
130925
130926
130927
130928
130929
130930
130931
130932
130933
130934
130935
130936
130937
130938
130939
130940
130941
130942
130943
130944
130945
130946
130947
130948
130949
130950
130951
130952
130953
130954
130955
130956
130957
130958
130959
130960
130961
130962
130963
130964
130965
130966
130967
130968
130969
130970
130971
130972
130973
130974
130975
130976
130977
130978
130979
130980
130981
130982
130983
130984
130985
130986
130987
130988
130989
130990
130991
130992
130993
130994
130995
130996
130997
130998
130999
131001
131002
131003
131004
131005
131006
131007
131008
131009
131010
131011
131012
131013
131014
131015
131016
131017
131018
131019
131020
131021
131022
131023
131024
131025
131026
131027
131028
131029
131030
131031
131032
131033
131034
131035
131036
131037
131038
131039
131040
131041
131042
131043
131044
131045
131046
131047
131048
131049
131050
131051
131052
131053
131054
131055
131056
131057
131058
131059
131060
131061
131062
131063
131064
131065
131066
131067
131068
131069
131070
131071
131072
131073
131074
131075
131076
131077
131078
131079
131080
131081
131082
131083
131084
131085
131086
131087
131088
131089
131090
131091
131092
131093
131094
131095
131096
131097
131098
131099
131101
131102
131103
131104
131105
131106
131107
131108
131109
131110
131111
131112
131113
131114
131115
131116
131117
131118
131119
131120
131121
131122
131123
131124
131125
131126
131127
131128
131129
131130
131131
131132
131133
131134
131135
131136
131137
131138
131139
131140
131141
131142
131143
131144
131145
131146
131147
131148
131149
131150
131151
131152
131153
131154
131155
131156
131157
131158
131159
131160
131161
131162
131163
131164
131165
131166
131167
131168
131169
131170
131171
131172
131173
131174
131175
131176
131177
131178
131179
131180
131181
131182
131183
131184
131185
131186
131187
131188
131189
131190
131191
131192
131193
131194
131195
131196
131197
131198
131199
131201
131202
131203
131204
131205
131206
131207
131208
131209
131210
131211
131212
131213
131214
131215
131216
131217
131218
131219
131220
131221
131222
131223
131224
131225
131226
131227
131228
131229
131230
131231
131232
131233
131234
131235
131236
131237
131238
131239
131240
131241
131242
131243
131244
131245
131246
131247
131248
131249
131250
131251
131252
131253
131254
131255
131256
131257
131258
131259
131260
131261
131262
131263
131264
131265
131266
131267
131268
131269
131270
131271
131272
131273
131274
131275
131276
131277
131278
131279
131280
131281
131282
131283
131284
131285
131286
131287
131288
131289
131290
131291
131292
131293
131294
131295
131296
131297
131298
131299
131301
131302
131303
131304
131305
131306
131307
131308
131309
131310
131311
131312
131313
131314
131315
131316
131317
131318
131319
131320
131321
131322
131323
131324
131325
131326
131327
131328
131329
131330
131331
131332
131333
131334
131335
131336
131337
131338
131339
131340
131341
131342
131343
131344
131345
131346
131347
131348
131349
131350
131351
131352
131353
131354
131355
131356
131357
131358
131359
131360
131361
131362
131363
131364
131365
131366
131367
131368
131369
131370
131371
131372
131373
131374
131375
131376
131377
131378
131379
131380
131381
131382
131383
131384
131385
131386
131387
131388
131389
131390
131391
131392
131393
131394
131395
131396
131397
131398
131399
131401
131402
131403
131404
131405
131406
131407
131408
131409
131410
131411
131412
131413
131414
131415
131416
131417
131418
131419
131420
131421
131422
131423
131424
131425
131426
131427
131428
131429
131430
131431
131432
131433
131434
131435
131436
131437
131438
131439
131440
131441
131442
131443
131444
131445
131446
131447
131448
131449
131450
131451
131452
131453
131454
131455
131456
131457
131458
131459
131460
131461
131462
131463
131464
131465
131466
131467
131468
131469
131470
131471
131472
131473
131474
131475
131476
131477
131478
131479
131480
131481
131482
131483
131484
131485
131486
131487
131488
131489
131490
131491
131492
131493
131494
131495
131496
131497
131498
131499
131501
131502
131503
131504
131505
131506
131507
131508
131509
131510
131511
131512
131513
131514
131515
131516
131517
131518
131519
131520
131521
131522
131523
131524
131525
131526
131527
131528
131529
131530
131531
131532
131533
131534
131535
131536
131537
131538
131539
131540
131541
131542
131543
131544
131545
131546
131547
131548
131549
131550
131551
131552
131553
131554
131555
131556
131557
131558
131559
131560
131561
131562
131563
131564
131565
131566
131567
131568
131569
131570
131571
131572
131573
131574
131575
131576
131577
131578
131579
131580
131581
131582
131583
131584
131585
131586
131587
131588
131589
131590
131591
131592
131593
131594
131595
131596
131597
131598
131599
131601
131602
131603
131604
131605
131606
131607
131608
131609
131610
131611
131612
131613
131614
131615
131616
131617
131618
131619
131620
131621
131622
131623
131624
131625
131626
131627
131628
131629
131630
131631
131632
131633
131634
131635
131636
131637
131638
131639
131640
131641
131642
131643
131644
131645
131646
131647
131648
131649
131650
131651
131652
131653
131654
131655
131656
131657
131658
131659
131660
131661
131662
131663
131664
131665
131666
131667
131668
131669
131670
131671
131672
131673
131674
131675
131676
131677
131678
131679
131680
131681
131682
131683
131684
131685
131686
131687
131688
131689
131690
131691
131692
131693
131694
131695
131696
131697
131698
131699
131701
131702
131703
131704
131705
131706
131707
131708
131709
131710
131711
131712
131713
131714
131715
131716
131717
131718
131719
131720
131721
131722
131723
131724
131725
131726
131727
131728
131729
131730
131731
131732
131733
131734
131735
131736
131737
131738
131739
131740
131741
131742
131743
131744
131745
131746
131747
131748
131749
131750
131751
131752
131753
131754
131755
131756
131757
131758
131759
131760
131761
131762
131763
131764
131765
131766
131767
131768
131769
131770
131771
131772
131773
131774
131775
131776
131777
131778
131779
131780
131781
131782
131783
131784
131785
131786
131787
131788
131789
131790
131791
131792
131793
131794
131795
131796
131797
131798
131799
131801
131802
131803
131804
131805
131806
131807
131808
131809
131810
131811
131812
131813
131814
131815
131816
131817
131818
131819
131820
131821
131822
131823
131824
131825
131826
131827
131828
131829
131830
131831
131832
131833
131834
131835
131836
131837
131838
131839
131840
131841
131842
131843
131844
131845
131846
131847
131848
131849
131850
131851
131852
131853
131854
131855
131856
131857
131858
131859
131860
131861
131862
131863
131864
131865
131866
131867
131868
131869
131870
131871
131872
131873
131874
131875
131876
131877
131878
131879
131880
131881
131882
131883
131884
131885
131886
131887
131888
131889
131890
131891
131892
131893
131894
131895
131896
131897
131898
131899
131901
131902
131903
131904
131905
131906
131907
131908
131909
131910
131911
131912
131913
131914
131915
131916
131917
131918
131919
131920
131921
131922
131923
131924
131925
131926
131927
131928
131929
131930
131931
131932
131933
131934
131935
131936
131937
131938
131939
131940
131941
131942
131943
131944
131945
131946
131947
131948
131949
131950
131951
131952
131953
131954
131955
131956
131957
131958
131959
131960
131961
131962
131963
131964
131965
131966
131967
131968
131969
131970
131971
131972
131973
131974
131975
131976
131977
131978
131979
131980
131981
131982
131983
131984
131985
131986
131987
131988
131989
131990
131991
131992
131993
131994
131995
131996
131997
131998
131999
132001
132002
132003
132004
132005
132006
132007
132008
132009
132010
132011
132012
132013
132014
132015
132016
132017
132018
132019
132020
132021
132022
132023
132024
132025
132026
132027
132028
132029
132030
132031
132032
132033
132034
132035
132036
132037
132038
132039
132040
132041
132042
132043
132044
132045
132046
132047
132048
132049
132050
132051
132052
132053
132054
132055
132056
132057
132058
132059
132060
132061
132062
132063
132064
132065
132066
132067
132068
132069
132070
132071
132072
132073
132074
132075
132076
132077
132078
132079
132080
132081
132082
132083
132084
132085
132086
132087
132088
132089
132090
132091
132092
132093
132094
132095
132096
132097
132098
132099
132101
132102
132103
132104
132105
132106
132107
132108
132109
132110
132111
132112
132113
132114
132115
132116
132117
132118
132119
132120
132121
132122
132123
132124
132125
132126
132127
132128
132129
132130
132131
132132
132133
132134
132135
132136
132137
132138
132139
132140
132141
132142
132143
132144
132145
132146
132147
132148
132149
132150
132151
132152
132153
132154
132155
132156
132157
132158
132159
132160
132161
132162
132163
132164
132165
132166
132167
132168
132169
132170
132171
132172
132173
132174
132175
132176
132177
132178
132179
132180
132181
132182
132183
132184
132185
132186
132187
132188
132189
132190
132191
132192
132193
132194
132195
132196
132197
132198
132199
132201
132202
132203
132204
132205
132206
132207
132208
132209
132210
132211
132212
132213
132214
132215
132216
132217
132218
132219
132220
132221
132222
132223
132224
132225
132226
132227
132228
132229
132230
132231
132232
132233
132234
132235
132236
132237
132238
132239
132240
132241
132242
132243
132244
132245
132246
132247
132248
132249
132250
132251
132252
132253
132254
132255
132256
132257
132258
132259
132260
132261
132262
132263
132264
132265
132266
132267
132268
132269
132270
132271
132272
132273
132274
132275
132276
132277
132278
132279
132280
132281
132282
132283
132284
132285
132286
132287
132288
132289
132290
132291
132292
132293
132294
132295
132296
132297
132298
132299
132301
132302
132303
132304
132305
132306
132307
132308
132309
132310
132311
132312
132313
132314
132315
132316
132317
132318
132319
132320
132321
132322
132323
132324
132325
132326
132327
132328
132329
132330
132331
132332
132333
132334
132335
132336
132337
132338
132339
132340
132341
132342
132343
132344
132345
132346
132347
132348
132349
132350
132351
132352
132353
132354
132355
132356
132357
132358
132359
132360
132361
132362
132363
132364
132365
132366
132367
132368
132369
132370
132371
132372
132373
132374
132375
132376
132377
132378
132379
132380
132381
132382
132383
132384
132385
132386
132387
132388
132389
132390
132391
132392
132393
132394
132395
132396
132397
132398
132399
132401
132402
132403
132404
132405
132406
132407
132408
132409
132410
132411
132412
132413
132414
132415
132416
132417
132418
132419
132420
132421
132422
132423
132424
132425
132426
132427
132428
132429
132430
132431
132432
132433
132434
132435
132436
132437
132438
132439
132440
132441
132442
132443
132444
132445
132446
132447
132448
132449
132450
132451
132452
132453
132454
132455
132456
132457
132458
132459
132460
132461
132462
132463
132464
132465
132466
132467
132468
132469
132470
132471
132472
132473
132474
132475
132476
132477
132478
132479
132480
132481
132482
132483
132484
132485
132486
132487
132488
132489
132490
132491
132492
132493
132494
132495
132496
132497
132498
132499
132501
132502
132503
132504
132505
132506
132507
132508
132509
132510
132511
132512
132513
132514
132515
132516
132517
132518
132519
132520
132521
132522
132523
132524
132525
132526
132527
132528
132529
132530
132531
132532
132533
132534
132535
132536
132537
132538
132539
132540
132541
132542
132543
132544
132545
132546
132547
132548
132549
132550
132551
132552
132553
132554
132555
132556
132557
132558
132559
132560
132561
132562
132563
132564
132565
132566
132567
132568
132569
132570
132571
132572
132573
132574
132575
132576
132577
132578
132579
132580
132581
132582
132583
132584
132585
132586
132587
132588
132589
132590
132591
132592
132593
132594
132595
132596
132597
132598
132599
132601
132602
132603
132604
132605
132606
132607
132608
132609
132610
132611
132612
132613
132614
132615
132616
132617
132618
132619
132620
132621
132622
132623
132624
132625
132626
132627
132628
132629
132630
132631
132632
132633
132634
132635
132636
132637
132638
132639
132640
132641
132642
132643
132644
132645
132646
132647
132648
132649
132650
132651
132652
132653
132654
132655
132656
132657
132658
132659
132660
132661
132662
132663
132664
132665
132666
132667
132668
132669
132670
132671
132672
132673
132674
132675
132676
132677
132678
132679
132680
132681
132682
132683
132684
132685
132686
132687
132688
132689
132690
132691
132692
132693
132694
132695
132696
132697
132698
132699
132701
132702
132703
132704
132705
132706
132707
132708
132709
132710
132711
132712
132713
132714
132715
132716
132717
132718
132719
132720
132721
132722
132723
132724
132725
132726
132727
132728
132729
132730
132731
132732
132733
132734
132735
132736
132737
132738
132739
132740
132741
132742
132743
132744
132745
132746
132747
132748
132749
132750
132751
132752
132753
132754
132755
132756
132757
132758
132759
132760
132761
132762
132763
132764
132765
132766
132767
132768
132769
132770
132771
132772
132773
132774
132775
132776
132777
132778
132779
132780
132781
132782
132783
132784
132785
132786
132787
132788
132789
132790
132791
132792
132793
132794
132795
132796
132797
132798
132799
132801
132802
132803
132804
132805
132806
132807
132808
132809
132810
132811
132812
132813
132814
132815
132816
132817
132818
132819
132820
132821
132822
132823
132824
132825
132826
132827
132828
132829
132830
132831
132832
132833
132834
132835
132836
132837
132838
132839
132840
132841
132842
132843
132844
132845
132846
132847
132848
132849
132850
132851
132852
132853
132854
132855
132856
132857
132858
132859
132860
132861
132862
132863
132864
132865
132866
132867
132868
132869
132870
132871
132872
132873
132874
132875
132876
132877
132878
132879
132880
132881
132882
132883
132884
132885
132886
132887
132888
132889
132890
132891
132892
132893
132894
132895
132896
132897
132898
132899
132901
132902
132903
132904
132905
132906
132907
132908
132909
132910
132911
132912
132913
132914
132915
132916
132917
132918
132919
132920
132921
132922
132923
132924
132925
132926
132927
132928
132929
132930
132931
132932
132933
132934
132935
132936
132937
132938
132939
132940
132941
132942
132943
132944
132945
132946
132947
132948
132949
132950
132951
132952
132953
132954
132955
132956
132957
132958
132959
132960
132961
132962
132963
132964
132965
132966
132967
132968
132969
132970
132971
132972
132973
132974
132975
132976
132977
132978
132979
132980
132981
132982
132983
132984
132985
132986
132987
132988
132989
132990
132991
132992
132993
132994
132995
132996
132997
132998
132999
133001
133002
133003
133004
133005
133006
133007
133008
133009
133010
133011
133012
133013
133014
133015
133016
133017
133018
133019
133020
133021
133022
133023
133024
133025
133026
133027
133028
133029
133030
133031
133032
133033
133034
133035
133036
133037
133038
133039
133040
133041
133042
133043
133044
133045
133046
133047
133048
133049
133050
133051
133052
133053
133054
133055
133056
133057
133058
133059
133060
133061
133062
133063
133064
133065
133066
133067
133068
133069
133070
133071
133072
133073
133074
133075
133076
133077
133078
133079
133080
133081
133082
133083
133084
133085
133086
133087
133088
133089
133090
133091
133092
133093
133094
133095
133096
133097
133098
133099
133101
133102
133103
133104
133105
133106
133107
133108
133109
133110
133111
133112
133113
133114
133115
133116
133117
133118
133119
133120
133121
133122
133123
133124
133125
133126
133127
133128
133129
133130
133131
133132
133133
133134
133135
133136
133137
133138
133139
133140
133141
133142
133143
133144
133145
133146
133147
133148
133149
133150
133151
133152
133153
133154
133155
133156
133157
133158
133159
133160
133161
133162
133163
133164
133165
133166
133167
133168
133169
133170
133171
133172
133173
133174
133175
133176
133177
133178
133179
133180
133181
133182
133183
133184
133185
133186
133187
133188
133189
133190
133191
133192
133193
133194
133195
133196
133197
133198
133199
133201
133202
133203
133204
133205
133206
133207
133208
133209
133210
133211
133212
133213
133214
133215
133216
133217
133218
133219
133220
133221
133222
133223
133224
133225
133226
133227
133228
133229
133230
133231
133232
133233
133234
133235
133236
133237
133238
133239
133240
133241
133242
133243
133244
133245
133246
133247
133248
133249
133250
133251
133252
133253
133254
133255
133256
133257
133258
133259
133260
133261
133262
133263
133264
133265
133266
133267
133268
133269
133270
133271
133272
133273
133274
133275
133276
133277
133278
133279
133280
133281
133282
133283
133284
133285
133286
133287
133288
133289
133290
133291
133292
133293
133294
133295
133296
133297
133298
133299
133301
133302
133303
133304
133305
133306
133307
133308
133309
133310
133311
133312
133313
133314
133315
133316
133317
133318
133319
133320
133321
133322
133323
133324
133325
133326
133327
133328
133329
133330
133331
133332
133333
133334
133335
133336
133337
133338
133339
133340
133341
133342
133343
133344
133345
133346
133347
133348
133349
133350
133351
133352
133353
133354
133355
133356
133357
133358
133359
133360
133361
133362
133363
133364
133365
133366
133367
133368
133369
133370
133371
133372
133373
133374
133375
133376
133377
133378
133379
133380
133381
133382
133383
133384
133385
133386
133387
133388
133389
133390
133391
133392
133393
133394
133395
133396
133397
133398
133399
133401
133402
133403
133404
133405
133406
133407
133408
133409
133410
133411
133412
133413
133414
133415
133416
133417
133418
133419
133420
133421
133422
133423
133424
133425
133426
133427
133428
133429
133430
133431
133432
133433
133434
133435
133436
133437
133438
133439
133440
133441
133442
133443
133444
133445
133446
133447
133448
133449
133450
133451
133452
133453
133454
133455
133456
133457
133458
133459
133460
133461
133462
133463
133464
133465
133466
133467
133468
133469
133470
133471
133472
133473
133474
133475
133476
133477
133478
133479
133480
133481
133482
133483
133484
133485
133486
133487
133488
133489
133490
133491
133492
133493
133494
133495
133496
133497
133498
133499
133501
133502
133503
133504
133505
133506
133507
133508
133509
133510
133511
133512
133513
133514
133515
133516
133517
133518
133519
133520
133521
133522
133523
133524
133525
133526
133527
133528
133529
133530
133531
133532
133533
133534
133535
133536
133537
133538
133539
133540
133541
133542
133543
133544
133545
133546
133547
133548
133549
133550
133551
133552
133553
133554
133555
133556
133557
133558
133559
133560
133561
133562
133563
133564
133565
133566
133567
133568
133569
133570
133571
133572
133573
133574
133575
133576
133577
133578
133579
133580
133581
133582
133583
133584
133585
133586
133587
133588
133589
133590
133591
133592
133593
133594
133595
133596
133597
133598
133599
133601
133602
133603
133604
133605
133606
133607
133608
133609
133610
133611
133612
133613
133614
133615
133616
133617
133618
133619
133620
133621
133622
133623
133624
133625
133626
133627
133628
133629
133630
133631
133632
133633
133634
133635
133636
133637
133638
133639
133640
133641
133642
133643
133644
133645
133646
133647
133648
133649
133650
133651
133652
133653
133654
133655
133656
133657
133658
133659
133660
133661
133662
133663
133664
133665
133666
133667
133668
133669
133670
133671
133672
133673
133674
133675
133676
133677
133678
133679
133680
133681
133682
133683
133684
133685
133686
133687
133688
133689
133690
133691
133692
133693
133694
133695
133696
133697
133698
133699
133701
133702
133703
133704
133705
133706
133707
133708
133709
133710
133711
133712
133713
133714
133715
133716
133717
133718
133719
133720
133721
133722
133723
133724
133725
133726
133727
133728
133729
133730
133731
133732
133733
133734
133735
133736
133737
133738
133739
133740
133741
133742
133743
133744
133745
133746
133747
133748
133749
133750
133751
133752
133753
133754
133755
133756
133757
133758
133759
133760
133761
133762
133763
133764
133765
133766
133767
133768
133769
133770
133771
133772
133773
133774
133775
133776
133777
133778
133779
133780
133781
133782
133783
133784
133785
133786
133787
133788
133789
133790
133791
133792
133793
133794
133795
133796
133797
133798
133799
133801
133802
133803
133804
133805
133806
133807
133808
133809
133810
133811
133812
133813
133814
133815
133816
133817
133818
133819
133820
133821
133822
133823
133824
133825
133826
133827
133828
133829
133830
133831
133832
133833
133834
133835
133836
133837
133838
133839
133840
133841
133842
133843
133844
133845
133846
133847
133848
133849
133850
133851
133852
133853
133854
133855
133856
133857
133858
133859
133860
133861
133862
133863
133864
133865
133866
133867
133868
133869
133870
133871
133872
133873
133874
133875
133876
133877
133878
133879
133880
133881
133882
133883
133884
133885
133886
133887
133888
133889
133890
133891
133892
133893
133894
133895
133896
133897
133898
133899
133901
133902
133903
133904
133905
133906
133907
133908
133909
133910
133911
133912
133913
133914
133915
133916
133917
133918
133919
133920
133921
133922
133923
133924
133925
133926
133927
133928
133929
133930
133931
133932
133933
133934
133935
133936
133937
133938
133939
133940
133941
133942
133943
133944
133945
133946
133947
133948
133949
133950
133951
133952
133953
133954
133955
133956
133957
133958
133959
133960
133961
133962
133963
133964
133965
133966
133967
133968
133969
133970
133971
133972
133973
133974
133975
133976
133977
133978
133979
133980
133981
133982
133983
133984
133985
133986
133987
133988
133989
133990
133991
133992
133993
133994
133995
133996
133997
133998
133999
134001
134002
134003
134004
134005
134006
134007
134008
134009
134010
134011
134012
134013
134014
134015
134016
134017
134018
134019
134020
134021
134022
134023
134024
134025
134026
134027
134028
134029
134030
134031
134032
134033
134034
134035
134036
134037
134038
134039
134040
134041
134042
134043
134044
134045
134046
134047
134048
134049
134050
134051
134052
134053
134054
134055
134056
134057
134058
134059
134060
134061
134062
134063
134064
134065
134066
134067
134068
134069
134070
134071
134072
134073
134074
134075
134076
134077
134078
134079
134080
134081
134082
134083
134084
134085
134086
134087
134088
134089
134090
134091
134092
134093
134094
134095
134096
134097
134098
134099
134101
134102
134103
134104
134105
134106
134107
134108
134109
134110
134111
134112
134113
134114
134115
134116
134117
134118
134119
134120
134121
134122
134123
134124
134125
134126
134127
134128
134129
134130
134131
134132
134133
134134
134135
134136
134137
134138
134139
134140
134141
134142
134143
134144
134145
134146
134147
134148
134149
134150
134151
134152
134153
134154
134155
134156
134157
134158
134159
134160
134161
134162
134163
134164
134165
134166
134167
134168
134169
134170
134171
134172
134173
134174
134175
134176
134177
134178
134179
134180
134181
134182
134183
134184
134185
134186
134187
134188
134189
134190
134191
134192
134193
134194
134195
134196
134197
134198
134199
134201
134202
134203
134204
134205
134206
134207
134208
134209
134210
134211
134212
134213
134214
134215
134216
134217
134218
134219
134220
134221
134222
134223
134224
134225
134226
134227
134228
134229
134230
134231
134232
134233
134234
134235
134236
134237
134238
134239
134240
134241
134242
134243
134244
134245
134246
134247
134248
134249
134250
134251
134252
134253
134254
134255
134256
134257
134258
134259
134260
134261
134262
134263
134264
134265
134266
134267
134268
134269
134270
134271
134272
134273
134274
134275
134276
134277
134278
134279
134280
134281
134282
134283
134284
134285
134286
134287
134288
134289
134290
134291
134292
134293
134294
134295
134296
134297
134298
134299
134301
134302
134303
134304
134305
134306
134307
134308
134309
134310
134311
134312
134313
134314
134315
134316
134317
134318
134319
134320
134321
134322
134323
134324
134325
134326
134327
134328
134329
134330
134331
134332
134333
134334
134335
134336
134337
134338
134339
134340
134341
134342
134343
134344
134345
134346
134347
134348
134349
134350
134351
134352
134353
134354
134355
134356
134357
134358
134359
134360
134361
134362
134363
134364
134365
134366
134367
134368
134369
134370
134371
134372
134373
134374
134375
134376
134377
134378
134379
134380
134381
134382
134383
134384
134385
134386
134387
134388
134389
134390
134391
134392
134393
134394
134395
134396
134397
134398
134399
134401
134402
134403
134404
134405
134406
134407
134408
134409
134410
134411
134412
134413
134414
134415
134416
134417
134418
134419
134420
134421
134422
134423
134424
134425
134426
134427
134428
134429
134430
134431
134432
134433
134434
134435
134436
134437
134438
134439
134440
134441
134442
134443
134444
134445
134446
134447
134448
134449
134450
134451
134452
134453
134454
134455
134456
134457
134458
134459
134460
134461
134462
134463
134464
134465
134466
134467
134468
134469
134470
134471
134472
134473
134474
134475
134476
134477
134478
134479
134480
134481
134482
134483
134484
134485
134486
134487
134488
134489
134490
134491
134492
134493
134494
134495
134496
134497
134498
134499
134501
134502
134503
134504
134505
134506
134507
134508
134509
134510
134511
134512
134513
134514
134515
134516
134517
134518
134519
134520
134521
134522
134523
134524
134525
134526
134527
134528
134529
134530
134531
134532
134533
134534
134535
134536
134537
134538
134539
134540
134541
134542
134543
134544
134545
134546
134547
134548
134549
134550
134551
134552
134553
134554
134555
134556
134557
134558
134559
134560
134561
134562
134563
134564
134565
134566
134567
134568
134569
134570
134571
134572
134573
134574
134575
134576
134577
134578
134579
134580
134581
134582
134583
134584
134585
134586
134587
134588
134589
134590
134591
134592
134593
134594
134595
134596
134597
134598
134599
134601
134603
134605
134607
134609
134611
134613
134615
134617
134619
134621
134623
134625
134627
134629
134631
134633
134635
134637
134639
134641
134643
134645
134647
134649
134651
134653
134655
134657
134659
134661
134663
134665
134667
134669
134671
134673
134675
134677
134679
134681
134683
134685
134687
134689
134691
134693
134695
134697
239351
239352
239353
239354
239355
239356
239357
239358
239359
239360
239361
239362
239363
239364
239365
239366
239367
239368
239369
239370
239371
239372
239373
239374
239375
239376
239377
239378
239379
239380
239381
239382
239383
239384
239385
239386
239387
239388
239389
239390
239391
239392
239393
239394
239395
239396
239397
239398
239399
239400
239401
239402
239403
239404
239405
239406
239407
239408
239409
239410
239411
239412
239413
239414
239415
239416
239417
239418
239419
239420
239421
239422
239423
239424
239425
239426
239427
239428
239429
239430
239431
239432
239433
239434
239435
239436
239437
239438
239439
239440
239441
239442
239443
239444
239445
239446
239447
239448
239449
239450
239451
239452
239453
239454
239455
239456
239457
239458
239459
239460
239461
239462
239463
239464
239465
239466
239467
239468
239469
239470
239471
239472
239473
239474
239475
239476
239477
239478
239479
239480
239481
239482
239483
239484
239485
239486
239487
239488
239489
239490
239491
239492
239493
239494
239495
239496
239497
239498
239499
239500
239501
239502
239503
239504
239505
239506
239507
239508
239509
239510
239511
239512
239513
239514
239515
239516
239517
239518
239519
239520
239521
239522
239523
239524
239525
239526
239527
239528
239529
239530
239531
239532
239533
239534
239535
239536
239537
239538
239539
239540
239541
239542
239543
239544
239545
239546
239547
239548
239549
239550
239551
239552
239553
239554
239555
239556
239557
239558
239559
239560
239561
239562
239563
239564
239565
239566
239567
239568
239569
239570
239571
239572
239573
239574
239575
239576
239577
239578
239579
239580
239581
239582
239583
239584
239585
239586
239587
239588
239589
239590
239591
239592
239593
239594
239595
239596
239597
239598
239599
239600
239601
239602
239603
239604
239605
239606
239607
239608
239609
239610
239611
239612
239613
239614
239615
239616
239617
239618
239619
239620
239621
239622
239623
239624
239625
239626
239627
239628
239629
239630
239631
239632
239633
239634
239635
239636
239637
239638
239639
239640
239641
239642
239643
239644
239645
239646
239647
239648
239649
239650
239651
239652
239653
239654
239655
239656
239657
239658
239659
239660
239661
239662
239663
239664
239665
239666
239667
239668
239669
239670
239671
239672
239673
239674
239675
239676
239677
239678
239679
239680
239681
239682
239683
239684
239685
239686
239687
239688
239689
239690
239691
239692
239693
239694
239695
239696
239697
239698
239699
239700
239701
239702
239703
239704
239705
239706
239707
239708
239709
239710
239711
239712
239713
239714
239715
239716
239717
239718
239719
239720
239721
239722
239723
239724
239725
239726
239727
239728
239729
239730
239731
239732
239733
239734
239735
239736
239737
239738
239739
239740
239741
239742
239743
239744
239745
239746
239747
239748
239749
239750
239751
239752
239753
239754
239755
239756
239757
239758
239759
239760
239761
239762
239763
239764
239765
239766
239767
239768
239769
239770
239771
239772
239773
239774
239775
239776
239777
239778
239779
239780
239781
239782
239783
239784
239785
239786
239787
239788
239789
239790
239791
239792
239793
239794
239795
239796
239797
239798
239799
239800
239801
239802
239803
239804
239805
239806
239807
239808
239809
239810
239811
239812
239813
239814
239815
239816
239817
239818
239819
239820
239821
239822
239823
239824
239825
239826
239827
239828
239829
239830
239831
239832
239833
239834
239835
239836
239837
239838
239839
239840
239841
239842
239843
239844
239845
239846
239847
239848
239849
239850
239851
239852
239853
239854
239855
239856
239857
239858
239859
239860
239861
239862
239863
239864
239865
239866
239867
239868
239869
239870
239871
239872
239873
239874
239875
239876
239877
239878
239879
239880
239881
239882
239883
239884
239885
239886
239887
239888
239889
239890
239891
239892
239893
239894
239895
239896
239897
239898
239899
239900
239901
239902
239903
239904
239905
239906
239907
239908
239909
239910
239911
239912
239913
239914
239915
239916
239917
239918
239919
239920
239921
239922
239923
239924
239925
239926
239927
239928
239929
239930
239931
239932
239933
239934
239935
239936
239937
239938
239939
239940
239941
239942
239943
239944
239945
239946
239947
239948
239949
239950
239951
239952
239953
239954
239955
239956
239957
239958
239959
239960
239961
239962
239963
239964
239965
239966
239967
239968
239969
239970
239971
239972
239973
239974
239975
239976
239977
239978
239979
239980
239981
239982
239983
239984
239985
239986
239987
239988
239989
239990
239991
239992
239993
239994
239995
239996
239997
239998
239999
240000
240001
240002
240003
240004
240005
240006
240007
240008
240009
240010
240011
240012
240013
240014
240015
240016
240017
240018
240019
240020
240021
240022
240023
240024
240025
240026
240027
240028
240029
240030
240031
240032
240033
240034
240035
240036
240037
240038
240039
240040
240041
240042
240043
240044
240045
240046
240047
240048
240049
240050
240051
240052
240053
240054
240055
240056
240057
240058
240059
240060
240061
240062
240063
240064
240065
240066
240067
240068
240069
240070
240071
240072
240073
240074
240075
240076
240077
240078
240079
240080
240081
240082
240083
240084
240085
240086
240087
240088
240089
240090
240091
240092
240093
240094
240095
240096
240097
240098
240099
240100
240101
240102
240103
240104
240105
240106
240107
240108
240109
240110
240111
240112
240113
240114
240115
240116
240117
240118
240119
240120
240121
240122
240123
240124
240125
240126
240127
240128
240129
240130
240131
240132
240133
240134
240135
240136
240137
240138
240139
240140
240141
240142
240143
240144
240145
240146
240147
240148
240149
240150
240151
240152
240153
240154
240155
240156
240157
240158
240159
240160
240161
240162
240163
240164
240165
240166
240167
240168
240169
240170
240171
240172
240173
240174
240175
240176
240177
240178
240179
240180
240181
240182
240183
240184
240185
240186
240187
240188
240189
240190
240191
240192
240193
240194
240195
240196
240197
240198
240199
240200
240201
240202
240203
240204
240205
240206
240207
240208
240209
240210
240211
240212
240213
240214
240215
240216
240217
240218
240219
240220
240221
240222
240223
240224
240225
240226
240227
240228
240229
240230
240231
240232
240233
240234
240235
240236
240237
240238
240239
240240
240241
240242
240243
240244
240245
240246
240247
240248
240249
240250
240251
240252
240253
240254
240255
240256
240257
240258
240259
240260
240261
240262
240263
240264
240265
240266
240267
240268
240269
240270
240271
240272
240273
240274
240275
240276
240277
240278
240279
240280
240281
240282
240283
240284
240285
240286
240287
240288
240289
240290
240291
240292
240293
240294
240295
240296
240297
240298
240299
240300
240301
240302
240303
240304
240305
240306
240307
240308
240309
240310
240311
240312
240313
240314
240315
240316
240317
240318
240319
240320
240321
240322
240323
240324
240325
240326
240327
240328
240329
240330
240331
240332
240333
240334
240335
240336
240337
240338
240339
240340
240341
240342
240343
240344
240345
240346
240347
240348
240349
240350
240351
240352
240353
240354
240355
240356
240357
240358
240359
240360
240361
240362
240363
240364
240365
240366
240367
240368
240369
240370
240371
240372
240373
240374
240375
240376
240377
240378
240379
240380
240381
240382
240383
240384
240385
240386
240387
240388
240389
240390
240391
240392
240393
240394
240395
240396
240397
240398
240399
240400
240401
240402
240403
240404
240405
240406
240407
240408
240409
240410
240411
240412
240413
240414
240415
240416
240417
240418
240419
240420
240421
240422
240423
240424
240425
240426
240427
240428
240429
240430
240431
240432
240433
240434
240435
240436
240437
240438
240439
240440
240441
240442
240443
240444
240445
240446
240447
240448
240449
240450
240451
240452
240453
240454
240455
240456
240457
240458
240459
240460
240461
240462
240463
240464
240465
240466
240467
240468
240469
240470
240471
240472
240473
240474
240475
240476
240477
240478
240479
240480
240481
240482
240483
240484
240485
240486
240487
240488
240489
240490
240491
240492
240493
240494
240495
240496
240497
240498
240499
240500
240501
240502
240503
240504
240505
240506
240507
240508
240509
240510
240511
240512
240513
240514
240515
240516
240517
240518
240519
240520
240521
240522
240523
240524
240525
240526
240527
240528
240529
240530
240531
240532
240533
240534
240535
240536
240537
240538
240539
240540
240541
240542
240543
240544
240545
240546
240547
240548
240549
240550
240551
240552
240553
240554
240555
240556
240557
240558
240559
240560
240561
240562
240563
240564
240565
240566
240567
240568
240569
240570
240571
240572
240573
240574
240575
240576
240577
240578
240579
240580
240581
240582
240583
240584
240585
240586
240587
240588
240589
240590
240591
240592
240593
240594
240595
240596
240597
240598
240599
240600
240601
240602
240603
240604
240605
240606
240607
240608
240609
240610
240611
240612
240613
240614
240615
240616
240617
240618
240619
240620
240621
240622
240623
240624
240625
240626
240627
240628
240629
240630
240631
240632
240633
240634
240635
240636
240637
240638
240639
240640
240641
240642
240643
240644
240645
240646
240647
240648
240649
240650
240651
240652
240653
240654
240655
240656
240657
240658
240659
240660
240661
240662
240663
240664
240665
240666
240667
240668
240669
240670
240671
240672
240673
240674
240675
240676
240677
240678
240679
240680
240681
240682
240683
240684
240685
240686
240687
240688
240689
240690
240691
240692
240693
240694
240695
240696
240697
240698
240699
240700
240701
240702
240703
240704
240705
240706
240707
240708
240709
240710
240711
240712
240713
240714
240715
240716
240717
240718
240719
240720
240721
240722
240723
240724
240725
240726
240727
240728
240729
240730
240731
240732
240733
240734
240735
240736
240737
240738
240739
240740
240741
240742
240743
240744
240745
240746
240747
240748
240749
240750
240751
240752
240753
240754
240755
240756
240757
240758
240759
240760
240761
240762
240763
240764
240765
240766
240767
240768
240769
240770
240771
240772
240773
240774
240775
240776
240777
240778
240779
240780
240781
240782
240783
240784
240785
240786
240787
240788
240789
240790
240791
240792
240793
240794
240795
240796
240797
240798
240799
240800
240801
240802
240803
240804
240805
240806
240807
240808
240809
240810
240811
240812
240813
240814
240815
240816
240817
240818
240819
240820
240821
240822
240823
240824
240825
240826
240827
240828
240829
240830
240831
240832
240833
240834
240835
240836
240837
240838
240839
240840
240841
240842
240843
240844
240845
240846
240847
240848
240849
240850
240851
240852
240853
240854
240855
240856
240857
240858
240859
240860
240861
240862
240863
240864
240865
240866
240867
240868
240869
240870
240871
240872
240873
240874
240875
240876
240877
240878
240879
240880
240881
240882
240883
240884
240885
240886
240887
240888
240889
240890
240891
240892
240893
240894
240895
240896
240897
240898
240899
240900
240901
240902
240903
240904
240905
240906
240907
240908
240909
240910
240911
240912
240913
240914
240915
240916
240917
240918
240919
240920
240921
240922
240923
240924
240925
240926
240927
240928
240929
240930
240931
240932
240933
240934
240935
240936
240937
240938
240939
240940
240941
240942
240943
240944
240945
240946
240947
240948
240949
240950
240951
240952
240953
240954
240955
240956
240957
240958
240959
240960
240961
240962
240963
240964
240965
240966
240967
240968
240969
240970
240971
240972
240973
240974
240975
240976
240977
240978
240979
240980
240981
240982
240983
240984
240985
240986
240987
240988
240989
240990
240991
240992
240993
240994
240995
240996
240997
240998
240999
241000
241001
241002
241003
241004
241005
241006
241007
241008
241009
241010
241011
241012
241013
241014
241015
241016
241017
241018
241019
241020
241021
241022
241023
241024
241025
241026
241027
241028
241029
241030
241031
241032
241033
241034
241035
241036
241037
241038
241039
241040
241041
241042
241043
241044
241045
241046
241047
241048
241049
241050
241051
241052
241053
241054
241055
241056
241057
241058
241059
241060
241061
241062
241063
241064
241065
241066
241067
241068
241069
241070
241071
241072
241073
241074
241075
241076
241077
241078
241079
241080
241081
241082
241083
241084
241085
241086
241087
241088
241089
241090
241091
241092
241093
241094
241095
241096
241097
241098
241099
241100
241101
241102
241103
241104
241105
241106
241107
241108
241109
241110
241111
241112
241113
241114
241115
241116
241117
241118
241119
241120
241121
241122
241123
241124
241125
241126
241127
241128
241129
241130
241131
241132
241133
241134
241135
241136
241137
241138
241139
241140
241141
241142
241143
241144
241145
241146
241147
241148
241149
241150
241151
241152
241153
241154
241155
241156
241157
241158
241159
241160
241161
241162
241163
241164
241165
241166
241167
241168
241169
241170
241171
241172
241173
241174
241175
241176
241177
241178
241179
241180
241181
241182
241183
241184
241185
241186
241187
241188
241189
241190
241191
241192
241193
241194
241195
241196
241197
241198
241199
241200
241201
241202
241203
241204
241205
241206
241207
241208
241209
241210
241211
241212
241213
241214
241215
241216
241217
241218
241219
241220
241221
241222
241223
241224
241225
241226
241227
241228
241229
241230
241231
241232
241233
241234
241235
241236
241237
241238
241239
241240
241241
241242
241243
241244
241245
241246
241247
241248
241249
241250
241251
241252
241253
241254
241255
241256
241257
241258
241259
241260
241261
241262
241263
241264
241265
241266
241267
241268
241269
241270
241271
241272
241273
241274
241275
241276
241277
241278
241279
241280
241281
241282
241283
241284
241285
241286
241287
241288
241289
241290
241291
241292
241293
241294
241295
241296
241297
241298
241299
241300
241301
241302
241303
241304
241305
241306
241307
241308
241309
241310
241311
241312
241313
241314
241315
241316
241317
241318
241319
241320
241321
241322
241323
241324
241325
241326
241327
241328
241329
241330
241331
241332
241333
241334
241335
241336
241337
241338
241339
241340
241341
241342
241343
241344
241345
241346
241347
241348
241349
241350
241351
241352
241353
241354
241355
241356
241357
241358
241359
241360
241361
241362
241363
241364
241365
241366
241367
241368
241369
241370
241371
241372
241373
241374
241375
241376
241377
241378
241379
241380
241381
241382
241383
241384
241385
241386
241387
241388
241389
241390
241391
241392
241393
241394
241395
241396
241397
241398
241399
241400
241401
241402
241403
241404
241405
241406
241407
241408
241409
241410
241411
241412
241413
241414
241415
241416
241417
241418
241419
241420
241421
241422
241423
241424
241425
241426
241427
241428
241429
241430
241431
241432
241433
241434
241435
241436
241437
241438
241439
241440
241441
241442
241443
241444
241445
241446
241447
241448
241449
241450
241451
241452
241453
241454
241455
241456
241457
241458
241459
241460
241461
241462
241463
241464
241465
241466
241467
241468
241469
241470
241471
241472
241473
241474
241475
241476
241477
241478
241479
241480
241481
241482
241483
241484
241485
241486
241487
241488
241489
241490
241491
241492
241493
241494
241495
241496
241497
241498
241499
241500
241501
241502
241503
241504
241505
241506
241507
241508
241509
241510
241511
241512
241513
241514
241515
241516
241517
241518
241519
241520
241521
241522
241523
241524
241525
241526
241527
241528
241529
241530
241531
241532
241533
241534
241535
241536
241537
241538
241539
241540
241541
241542
241543
241544
241545
241546
241547
241548
241549
241550
241551
241552
241553
241554
241555
241556
241557
241558
241559
241560
241561
241562
241563
241564
241565
241566
241567
241568
241569
241570
241571
241572
241573
241574
241575
241576
241577
241578
241579
241580
241581
241582
241583
241584
241585
241586
241587
241588
241589
241590
241591
241592
241593
241594
241595
241596
241597
241598
241599
241600
241601
241602
241603
241604
241605
241606
241607
241608
241609
241610
241611
241612
241613
241614
241615
241616
241617
241618
241619
241620
241621
241622
241623
241624
241625
241626
241627
241628
241629
241630
241631
241632
241633
241634
241635
241636
241637
241638
241639
241640
241641
241642
241643
241644
241645
241646
241647
241648
241649
241650
241651
241652
241653
241654
241655
241656
241657
241658
241659
241660
241661
241662
241663
241664
241665
241666
241667
241668
241669
241670
241671
241672
241673
241674
241675
241676
241677
241678
241679
241680
241681
241682
241683
241684
241685
241686
241687
241688
241689
241690
241691
241692
241693
241694
241695
241696
241697
241698
241699
241700
241701
241702
241703
241704
241705
241706
241707
241708
241709
241710
241711
241712
241713
241714
241715
241716
241717
241718
241719
241720
241721
241722
241723
241724
241725
241726
241727
241728
241729
241730
241731
241732
241733
241734
241735
241736
241737
241738
241739
241740
241741
241742
241743
241744
241745
241746
241747
241748
241749
241750
241751
241752
241753
241754
241755
241756
241757
241758
241759
241760
241761
241762
241763
241764
241765
241766
241767
241768
241769
241770
241771
241772
241773
241774
241775
241776
241777
241778
241779
241780
241781
241782
241783
241784
241785
241786
241787
241788
241789
241790
241791
241792
241793
241794
241795
241796
241797
241798
241799
241800
241801
241802
241803
241804
241805
241806
241807
241808
241809
241810
241811
241812
241813
241814
241815
241816
241817
241818
241819
241820
241821
241822
241823
241824
241825
241826
241827
241828
241829
241830
241831
241832
241833
241834
241835
241836
241837
241838
241839
241840
241841
241842
241843
241844
241845
241846
241847
241848
241849
241850
326851
326852
326853
326854
326855
326856
326857
326858
326859
326860
326861
326862
326863
326864
326865
326866
326867
326868
326869
326870
326871
326872
326873
326874
326875
326876
326877
326878
326879
326880
326881
326882
326883
326884
326885
326886
326887
326888
326889
326890
326891
326892
326893
326894
326895
326896
326897
326898
326899
326900
326901
326902
326903
326904
326905
326906
326907
326908
326909
326910
326911
326912
326913
326914
326915
326916
326917
326918
326919
326920
326921
326922
326923
326924
326925
326926
326927
326928
326929
326930
326931
326932
326933
326934
326935
326936
326937
326938
326939
326940
326941
326942
326943
326944
326945
326946
326947
326948
326949
326950
326951
326952
326953
326954
326955
326956
326957
326958
326959
326960
326961
326962
326963
326964
326965
326966
326967
326968
326969
326970
326971
326972
326973
326974
326975
326976
326977
326978
326979
326980
326981
326982
326983
326984
326985
326986
326987
326988
326989
326990
326991
326992
326993
326994
326995
326996
326997
326998
326999
327000
327001
327002
327003
327004
327005
327006
327007
327008
327009
327010
327011
327012
327013
327014
327015
327016
327017
327018
327019
327020
327021
327022
327023
327024
327025
327026
327027
327028
327029
327030
327031
327032
327033
327034
327035
327036
327037
327038
327039
327040
327041
327042
327043
327044
327045
327046
327047
327048
327049
327050
327051
327052
327053
327054
327055
327056
327057
327058
327059
327060
327061
327062
327063
327064
327065
327066
327067
327068
327069
327070
327071
327072
327073
327074
327075
327076
327077
327078
327079
327080
327081
327082
327083
327084
327085
327086
327087
327088
327089
327090
327091
327092
327093
327094
327095
327096
327097
327098
327099
327100
327101
327102
327103
327104
327105
327106
327107
327108
327109
327110
327111
327112
327113
327114
327115
327116
327117
327118
327119
327120
327121
327122
327123
327124
327125
327126
327127
327128
327129
327130
327131
327132
327133
327134
327135
327136
327137
327138
327139
327140
327141
327142
327143
327144
327145
327146
327147
327148
327149
327150
327151
327152
327153
327154
327155
327156
327157
327158
327159
327160
327161
327162
327163
327164
327165
327166
327167
327168
327169
327170
327171
327172
327173
327174
327175
327176
327177
327178
327179
327180
327181
327182
327183
327184
327185
327186
327187
327188
327189
327190
327191
327192
327193
327194
327195
327196
327197
327198
327199
327200
327201
327202
327203
327204
327205
327206
327207
327208
327209
327210
327211
327212
327213
327214
327215
327216
327217
327218
327219
327220
327221
327222
327223
327224
327225
327226
327227
327228
327229
327230
327231
327232
327233
327234
327235
327236
327237
327238
327239
327240
327241
327242
327243
327244
327245
327246
327247
327248
327249
327250
327251
327252
327253
327254
327255
327256
327257
327258
327259
327260
327261
327262
327263
327264
327265
327266
327267
327268
327269
327270
327271
327272
327273
327274
327275
327276
327277
327278
327279
327280
327281
327282
327283
327284
327285
327286
327287
327288
327289
327290
327291
327292
327293
327294
327295
327296
327297
327298
327299
327300
327301
327302
327303
327304
327305
327306
327307
327308
327309
327310
327311
327312
327313
327314
327315
327316
327317
327318
327319
327320
327321
327322
327323
327324
327325
327326
327327
327328
327329
327330
327331
327332
327333
327334
327335
327336
327337
327338
327339
327340
327341
327342
327343
327344
327345
327346
327347
327348
327349
327350
327351
327352
327353
327354
327355
327356
327357
327358
327359
327360
327361
327362
327363
327364
327365
327366
327367
327368
327369
327370
327371
327372
327373
327374
327375
327376
327377
327378
327379
327380
327381
327382
327383
327384
327385
327386
327387
327388
327389
327390
327391
327392
327393
327394
327395
327396
327397
327398
327399
327400
327401
327402
327403
327404
327405
327406
327407
327408
327409
327410
327411
327412
327413
327414
327415
327416
327417
327418
327419
327420
327421
327422
327423
327424
327425
327426
327427
327428
327429
327430
327431
327432
327433
327434
327435
327436
327437
327438
327439
327440
327441
327442
327443
327444
327445
327446
327447
327448
327449
327450
327451
327452
327453
327454
327455
327456
327457
327458
327459
327460
327461
327462
327463
327464
327465
327466
327467
327468
327469
327470
327471
327472
327473
327474
327475
327476
327477
327478
327479
327480
327481
327482
327483
327484
327485
327486
327487
327488
327489
327490
327491
327492
327493
327494
327495
327496
327497
327498
327499
327500
327501
327502
327503
327504
327505
327506
327507
327508
327509
327510
327511
327512
327513
327514
327515
327516
327517
327518
327519
327520
327521
327522
327523
327524
327525
327526
327527
327528
327529
327530
327531
327532
327533
327534
327535
327536
327537
327538
327539
327540
327541
327542
327543
327544
327545
327546
327547
327548
327549
327550
327551
327552
327553
327554
327555
327556
327557
327558
327559
327560
327561
327562
327563
327564
327565
327566
327567
327568
327569
327570
327571
327572
327573
327574
327575
327576
327577
327578
327579
327580
327581
327582
327583
327584
327585
327586
327587
327588
327589
327590
327591
327592
327593
327594
327595
327596
327597
327598
327599
327600
327601
327602
327603
327604
327605
327606
327607
327608
327609
327610
327611
327612
327613
327614
327615
327616
327617
327618
327619
327620
327621
327622
327623
327624
327625
327626
327627
327628
327629
327630
327631
327632
327633
327634
327635
327636
327637
327638
327639
327640
327641
327642
327643
327644
327645
327646
327647
327648
327649
327650
327651
327652
327653
327654
327655
327656
327657
327658
327659
327660
327661
327662
327663
327664
327665
327666
327667
327668
327669
327670
327671
327672
327673
327674
327675
327676
327677
327678
327679
327680
327681
327682
327683
327684
327685
327686
327687
327688
327689
327690
327691
327692
327693
327694
327695
327696
327697
327698
327699
327700
327701
327702
327703
327704
327705
327706
327707
327708
327709
327710
327711
327712
327713
327714
327715
327716
327717
327718
327719
327720
327721
327722
327723
327724
327725
327726
327727
327728
327729
327730
327731
327732
327733
327734
327735
327736
327737
327738
327739
327740
327741
327742
327743
327744
327745
327746
327747
327748
327749
327750
327751
327752
327753
327754
327755
327756
327757
327758
327759
327760
327761
327762
327763
327764
327765
327766
327767
327768
327769
327770
327771
327772
327773
327774
327775
327776
327777
327778
327779
327780
327781
327782
327783
327784
327785
327786
327787
327788
327789
327790
327791
327792
327793
327794
327795
327796
327797
327798
327799
327800
327801
327802
327803
327804
327805
327806
327807
327808
327809
327810
327811
327812
327813
327814
327815
327816
327817
327818
327819
327820
327821
327822
327823
327824
327825
327826
327827
327828
327829
327830
327831
327832
327833
327834
327835
327836
327837
327838
327839
327840
327841
327842
327843
327844
327845
327846
327847
327848
327849
327850
327851
327852
327853
327854
327855
327856
327857
327858
327859
327860
327861
327862
327863
327864
327865
327866
327867
327868
327869
327870
327871
327872
327873
327874
327875
327876
327877
327878
327879
327880
327881
327882
327883
327884
327885
327886
327887
327888
327889
327890
327891
327892
327893
327894
327895
327896
327897
327898
327899
327900
327901
327902
327903
327904
327905
327906
327907
327908
327909
327910
327911
327912
327913
327914
327915
327916
327917
327918
327919
327920
327921
327922
327923
327924
327925
327926
327927
327928
327929
327930
327931
327932
327933
327934
327935
327936
327937
327938
327939
327940
327941
327942
327943
327944
327945
327946
327947
327948
327949
327950
327951
327952
327953
327954
327955
327956
327957
327958
327959
327960
327961
327962
327963
327964
327965
327966
327967
327968
327969
327970
327971
327972
327973
327974
327975
327976
327977
327978
327979
327980
327981
327982
327983
327984
327985
327986
327987
327988
327989
327990
327991
327992
327993
327994
327995
327996
327997
327998
327999
328000
328001
328002
328003
328004
328005
328006
328007
328008
328009
328010
328011
328012
328013
328014
328015
328016
328017
328018
328019
328020
328021
328022
328023
328024
328025
328026
328027
328028
328029
328030
328031
328032
328033
328034
328035
328036
328037
328038
328039
328040
328041
328042
328043
328044
328045
328046
328047
328048
328049
328050
328051
328052
328053
328054
328055
328056
328057
328058
328059
328060
328061
328062
328063
328064
328065
328066
328067
328068
328069
328070
328071
328072
328073
328074
328075
328076
328077
328078
328079
328080
328081
328082
328083
328084
328085
328086
328087
328088
328089
328090
328091
328092
328093
328094
328095
328096
328097
328098
328099
328100
328101
328102
328103
328104
328105
328106
328107
328108
328109
328110
328111
328112
328113
328114
328115
328116
328117
328118
328119
328120
328121
328122
328123
328124
328125
328126
328127
328128
328129
328130
328131
328132
328133
328134
328135
328136
328137
328138
328139
328140
328141
328142
328143
328144
328145
328146
328147
328148
328149
328150
328151
328152
328153
328154
328155
328156
328157
328158
328159
328160
328161
328162
328163
328164
328165
328166
328167
328168
328169
328170
328171
328172
328173
328174
328175
328176
328177
328178
328179
328180
328181
328182
328183
328184
328185
328186
328187
328188
328189
328190
328191
328192
328193
328194
328195
328196
328197
328198
328199
328200
328201
328202
328203
328204
328205
328206
328207
328208
328209
328210
328211
328212
328213
328214
328215
328216
328217
328218
328219
328220
328221
328222
328223
328224
328225
328226
328227
328228
328229
328230
328231
328232
328233
328234
328235
328236
328237
328238
328239
328240
328241
328242
328243
328244
328245
328246
328247
328248
328249
328250
328251
328252
328253
328254
328255
328256
328257
328258
328259
328260
328261
328262
328263
328264
328265
328266
328267
328268
328269
328270
328271
328272
328273
328274
328275
328276
328277
328278
328279
328280
328281
328282
328283
328284
328285
328286
328287
328288
328289
328290
328291
328292
328293
328294
328295
328296
328297
328298
328299
328300
328301
328302
328303
328304
328305
328306
328307
328308
328309
328310
328311
328312
328313
328314
328315
328316
328317
328318
328319
328320
328321
328322
328323
328324
328325
328326
328327
328328
328329
328330
328331
328332
328333
328334
328335
328336
328337
328338
328339
328340
328341
328342
328343
328344
328345
328346
328347
328348
328349
328350
328351
328352
328353
328354
328355
328356
328357
328358
328359
328360
328361
328362
328363
328364
328365
328366
328367
328368
328369
328370
328371
328372
328373
328374
328375
328376
328377
328378
328379
328380
328381
328382
328383
328384
328385
328386
328387
328388
328389
328390
328391
328392
328393
328394
328395
328396
328397
328398
328399
328400
328401
328402
328403
328404
328405
328406
328407
328408
328409
328410
328411
328412
328413
328414
328415
328416
328417
328418
328419
328420
328421
328422
328423
328424
328425
328426
328427
328428
328429
328430
328431
328432
328433
328434
328435
328436
328437
328438
328439
328440
328441
328442
328443
328444
328445
328446
328447
328448
328449
328450
328451
328452
328453
328454
328455
328456
328457
328458
328459
328460
328461
328462
328463
328464
328465
328466
328467
328468
328469
328470
328471
328472
328473
328474
328475
328476
328477
328478
328479
328480
328481
328482
328483
328484
328485
328486
328487
328488
328489
328490
328491
328492
328493
328494
328495
328496
328497
328498
328499
328500
328501
328502
328503
328504
328505
328506
328507
328508
328509
328510
328511
328512
328513
328514
328515
328516
328517
328518
328519
328520
328521
328522
328523
328524
328525
328526
328527
328528
328529
328530
328531
328532
328533
328534
328535
328536
328537
328538
328539
328540
328541
328542
328543
328544
328545
328546
328547
328548
328549
328550
328551
328552
328553
328554
328555
328556
328557
328558
328559
328560
328561
328562
328563
328564
328565
328566
328567
328568
328569
328570
328571
328572
328573
328574
328575
328576
328577
328578
328579
328580
328581
328582
328583
328584
328585
328586
328587
328588
328589
328590
328591
328592
328593
328594
328595
328596
328597
328598
328599
328600
328601
328602
328603
328604
328605
328606
328607
328608
328609
328610
328611
328612
328613
328614
328615
328616
328617
328618
328619
328620
328621
328622
328623
328624
328625
328626
328627
328628
328629
328630
328631
328632
328633
328634
328635
328636
328637
328638
328639
328640
328641
328642
328643
328644
328645
328646
328647
328648
328649
328650
328651
328652
328653
328654
328655
328656
328657
328658
328659
328660
328661
328662
328663
328664
328665
328666
328667
328668
328669
328670
328671
328672
328673
328674
328675
328676
328677
328678
328679
328680
328681
328682
328683
328684
328685
328686
328687
328688
328689
328690
328691
328692
328693
328694
328695
328696
328697
328698
328699
328700
328701
328702
328703
328704
328705
328706
328707
328708
328709
328710
328711
328712
328713
328714
328715
328716
328717
328718
328719
328720
328721
328722
328723
328724
328725
328726
328727
328728
328729
328730
328731
328732
328733
328734
328735
328736
328737
328738
328739
328740
328741
328742
328743
328744
328745
328746
328747
328748
328749
328750
328751
328752
328753
328754
328755
328756
328757
328758
328759
328760
328761
328762
328763
328764
328765
328766
328767
328768
328769
328770
328771
328772
328773
328774
328775
328776
328777
328778
328779
328780
328781
328782
328783
328784
328785
328786
328787
328788
328789
328790
328791
328792
328793
328794
328795
328796
328797
328798
328799
328800
328801
328802
328803
328804
328805
328806
328807
328808
328809
328810
328811
328812
328813
328814
328815
328816
328817
328818
328819
328820
328821
328822
328823
328824
328825
328826
328827
328828
328829
328830
328831
328832
328833
328834
328835
328836
328837
328838
328839
328840
328841
328842
328843
328844
328845
328846
328847
328848
328849
328850
328851
328852
328853
328854
328855
328856
328857
328858
328859
328860
328861
328862
328863
328864
328865
328866
328867
328868
328869
328870
328871
328872
328873
328874
328875
328876
328877
328878
328879
328880
328881
328882
328883
328884
328885
328886
328887
328888
328889
328890
328891
328892
328893
328894
328895
328896
328897
328898
328899
328900
328901
328902
328903
328904
328905
328906
328907
328908
328909
328910
328911
328912
328913
328914
328915
328916
328917
328918
328919
328920
328921
328922
328923
328924
328925
328926
328927
328928
328929
328930
328931
328932
328933
328934
328935
328936
328937
328938
328939
328940
328941
328942
328943
328944
328945
328946
328947
328948
328949
328950
328951
328952
328953
328954
328955
328956
328957
328958
328959
328960
328961
328962
328963
328964
328965
328966
328967
328968
328969
328970
328971
328972
328973
328974
328975
328976
328977
328978
328979
328980
328981
328982
328983
328984
328985
328986
328987
328988
328989
328990
328991
328992
328993
328994
328995
328996
328997
328998
328999
329000
329001
329002
329003
329004
329005
329006
329007
329008
329009
329010
329011
329012
329013
329014
329015
329016
329017
329018
329019
329020
329021
329022
329023
329024
329025
329026
329027
329028
329029
329030
329031
329032
329033
329034
329035
329036
329037
329038
329039
329040
329041
329042
329043
329044
329045
329046
329047
329048
329049
329050
329051
329052
329053
329054
329055
329056
329057
329058
329059
329060
329061
329062
329063
329064
329065
329066
329067
329068
329069
329070
329071
329072
329073
329074
329075
329076
329077
329078
329079
329080
329081
329082
329083
329084
329085
329086
329087
329088
329089
329090
329091
329092
329093
329094
329095
329096
329097
329098
329099
329100
329101
329102
329103
329104
329105
329106
329107
329108
329109
329110
329111
329112
329113
329114
329115
329116
329117
329118
329119
329120
329121
329122
329123
329124
329125
329126
329127
329128
329129
329130
329131
329132
329133
329134
329135
329136
329137
329138
329139
329140
329141
329142
329143
329144
329145
329146
329147
329148
329149
329150
329151
329152
329153
329154
329155
329156
329157
329158
329159
329160
329161
329162
329163
329164
329165
329166
329167
329168
329169
329170
329171
329172
329173
329174
329175
329176
329177
329178
329179
329180
329181
329182
329183
329184
329185
329186
329187
329188
329189
329190
329191
329192
329193
329194
329195
329196
329197
329198
329199
329200
329201
329202
329203
329204
329205
329206
329207
329208
329209
329210
329211
329212
329213
329214
329215
329216
329217
329218
329219
329220
329221
329222
329223
329224
329225
329226
329227
329228
329229
329230
329231
329232
329233
329234
329235
329236
329237
329238
329239
329240
329241
329242
329243
329244
329245
329246
329247
329248
329249
329250
329251
329252
329253
329254
329255
329256
329257
329258
329259
329260
329261
329262
329263
329264
329265
329266
329267
329268
329269
329270
329271
329272
329273
329274
329275
329276
329277
329278
329279
329280
329281
329282
329283
329284
329285
329286
329287
329288
329289
329290
329291
329292
329293
329294
329295
329296
329297
329298
329299
329300
329301
329302
329303
329304
329305
329306
329307
329308
329309
329310
329311
329312
329313
329314
329315
329316
329317
329318
329319
329320
329321
329322
329323
329324
329325
329326
329327
329328
329329
329330
329331
329332
329333
329334
329335
329336
329337
329338
329339
329340
329341
329342
329343
329344
329345
329346
329347
329348
329349
329350
-124800
-124900
-125000
-125100
-125200
-125300
-125400
-125500
-125600
-125700
-125800
-125900
-126000
-126100
-126200
-126300
-126400
-126500
-126600
-126700
-126800
-126900
-127000
-127100
-127200
-127300
-127400
-127500
-127600
-127700
-127800
-127900
-128000
-128100
-128200
-128300
-128400
-128500
-128600
-128700
-128800
-128900
-129000
-129100
-129200
-129300
-129400
-129500
-129600
-129699
134602
134604
134606
134608
134610
134612
134614
134616
134618
134620
134622
134624
134626
134628
134630
134632
134634
134636
134638
134640
134642
134644
134646
134648
134650
134652
134654
134656
134658
134660
134662
134664
134666
134668
134670
134672
134674
134676
134678
134680
134682
134684
134686
134688
134690
134692
134694
134696
134698
134700
-114652
-114654
-114656
-114658
-114660
-114662
-114664
-114666
-114668
-114670
-114672
-114674
-114676
-114678
-114680
-114682
-114684
-114686
-114688
-114690
-114692
-114694
-114696
-114698
-114700
-114702
-114704
-114706
-114708
-114710
-114712
-114714
-114716
-114718
-114720
-114722
-114724
-114726
-114728
-114730
-114732
-114734
-114736
-114738
-114740
-114742
-114744
-114746
-114748
-114750
129800
129900
130000
130100
130200
130300
130400
130500
130600
130700
130800
130900
131000
131100
131200
131300
131400
131500
131600
131700
131800
131900
132000
132100
132200
132300
132400
132500
132600
132700
132800
132900
133000
133100
133200
133300
133400
133500
133600
133700
133800
133900
134000
134100
134200
134300
134400
134500
134600
134699
)


// ************************************************************************* //
